f,v,x,y,r,theta
10.0,0.0,-8.06063e-07,1.23983e-08,8.06122e-07,179.118
10.0,0.020689655172413793,-2.67756e-08,4.07455e-10,2.67174e-08,179.07
10.0,0.041379310344827586,-5.37841e-08,8.14911e-10,5.37259e-08,179.112
10.0,0.06206896551724138,-8.33538e-08,1.28058e-09,8.32956e-08,179.106
10.0,0.08275862068965517,-1.10188e-07,1.68803e-09,1.10129e-07,179.118
10.0,0.10344827586206896,-1.3708e-07,2.03728e-09,1.37022e-07,179.136
10.0,0.12413793103448276,-1.66591e-07,2.56115e-09,1.66591e-07,179.118
10.0,0.14482758620689656,-1.93425e-07,3.08502e-09,1.93425e-07,179.07
10.0,0.16551724137931034,-2.23344e-07,3.49247e-09,2.23285e-07,179.1
10.0,0.18620689655172412,-2.49829e-07,3.84173e-09,2.49829e-07,179.112
10.0,0.20689655172413793,-2.76721e-07,4.24919e-09,2.76663e-07,179.118
10.0,0.22758620689655173,-3.06232e-07,4.71485e-09,3.06174e-07,179.112
10.0,0.2482758620689655,-3.33066e-07,5.1223e-09,3.33066e-07,179.118
10.0,0.2689655172413793,-3.59958e-07,5.47155e-09,3.599e-07,179.124
10.0,0.2896551724137931,-3.89469e-07,5.879e-09,3.89469e-07,179.13
10.0,0.3103448275862069,-4.16361e-07,6.40287e-09,4.16303e-07,179.112
10.0,0.3310344827586207,-4.43137e-07,6.81032e-09,4.43137e-07,179.118
10.0,0.35172413793103446,-4.72648e-07,7.27599e-09,4.72706e-07,179.112
10.0,0.37241379310344824,-4.99542e-07,7.68347e-09,4.99542e-07,179.118
10.0,0.3931034482758621,-5.26434e-07,8.09092e-09,5.26434e-07,179.118
10.0,0.41379310344827586,-5.55945e-07,8.55658e-09,5.55945e-07,179.118
10.0,0.43448275862068964,-5.82779e-07,8.96404e-09,5.82779e-07,179.118
10.0,0.45517241379310347,-6.09554e-07,9.37149e-09,6.09554e-07,179.118
10.0,0.47586206896551725,-6.39124e-07,9.77894e-09,6.39124e-07,179.118
10.0,0.496551724137931,-6.66016e-07,1.02446e-08,6.66016e-07,179.118
10.0,0.5172413793103449,-6.93257e-07,1.06521e-08,6.93257e-07,179.112
10.0,0.5379310344827586,-7.22652e-07,1.11759e-08,7.2271e-07,179.112
10.0,0.5586206896551724,-7.49602e-07,1.15834e-08,7.4966e-07,179.112
10.0,0.5793103448275863,-7.76319e-07,1.16998e-08,7.76377e-07,179.136
10.0,0.6,-8.06005e-07,1.23983e-08,8.06005e-07,179.118
30.0,0.0,-8.04317e-07,3.94068e-08,8.0519e-07,177.192
30.0,0.020689655172413793,-2.68338e-08,1.28058e-09,2.68338e-08,177.228
30.0,0.041379310344827586,-5.36677e-08,2.61936e-09,5.36677e-08,177.186
30.0,0.06206896551724138,-8.31792e-08,4.07456e-09,8.31792e-08,177.174
30.0,0.08275862068965517,-1.09955e-07,5.35513e-09,1.10013e-07,177.186
30.0,0.10344827586206896,-1.36731e-07,6.69391e-09,1.36847e-07,177.192
30.0,0.12413793103448276,-1.66242e-07,8.14913e-09,1.66358e-07,177.186
30.0,0.14482758620689656,-1.93018e-07,9.4297e-09,1.93192e-07,177.192
30.0,0.16551724137931034,-2.22471e-07,1.08849e-08,2.22703e-07,177.198
30.0,0.18620689655172412,-2.49247e-07,1.22237e-08,2.4948e-07,177.192
30.0,0.20689655172413793,-2.76023e-07,1.35624e-08,2.76314e-07,177.186
30.0,0.22758620689655173,-3.05534e-07,1.49595e-08,3.05883e-07,177.198
30.0,0.2482758620689655,-3.32309e-07,1.62983e-08,3.32659e-07,177.192
30.0,0.2689655172413793,-3.59143e-07,1.75788e-08,3.59492e-07,177.186
30.0,0.2896551724137931,-3.88596e-07,1.89758e-08,3.89004e-07,177.198
30.0,0.3103448275862069,-4.15372e-07,2.03728e-08,4.15837e-07,177.186
30.0,0.3310344827586207,-4.42147e-07,2.16534e-08,4.42671e-07,177.192
30.0,0.35172413793103446,-4.71658e-07,2.31086e-08,4.72124e-07,177.192
30.0,0.37241379310344824,-4.98378e-07,2.44473e-08,4.9896e-07,177.192
30.0,0.3931034482758621,-5.25211e-07,2.57279e-08,5.25793e-07,177.192
30.0,0.41379310344827586,-5.54664e-07,2.71831e-08,5.55305e-07,177.192
30.0,0.43448275862068964,-5.8144e-07,2.85219e-08,5.82138e-07,177.192
30.0,0.45517241379310347,-6.08215e-07,2.98025e-08,6.08914e-07,177.192
30.0,0.47586206896551725,-6.37727e-07,3.12577e-08,6.38425e-07,177.192
30.0,0.496551724137931,-6.64444e-07,3.25965e-08,6.65201e-07,177.192
30.0,0.5172413793103449,-6.91685e-07,3.39353e-08,6.92442e-07,177.186
30.0,0.5379310344827586,-7.21138e-07,3.53323e-08,7.21953e-07,177.192
30.0,0.5586206896551724,-7.47914e-07,3.66128e-08,7.48729e-07,177.192
30.0,0.5793103448275863,-7.74689e-07,3.80098e-08,7.75563e-07,177.192
30.0,0.6,-8.04201e-07,3.94068e-08,8.05074e-07,177.192
50.0,0.0,-7.97449e-07,7.56122e-08,8.00941e-07,174.582
50.0,0.020689655172413793,-2.58443e-08,4.13277e-09,2.61354e-08,170.838
50.0,0.041379310344827586,-5.25035e-08,6.6357e-09,5.2911e-08,172.764
50.0,0.06206896551724138,-8.25971e-08,9.54611e-09,8.3121e-08,173.394
50.0,0.08275862068965517,-1.09082e-07,1.2049e-08,1.09722e-07,173.688
50.0,0.10344827586206896,-1.3708e-07,1.40863e-08,1.3772e-07,174.126
50.0,0.12413793103448276,-1.6694e-07,1.5949e-08,1.67639e-07,174.534
50.0,0.14482758620689656,-1.936e-07,1.80445e-08,1.94414e-07,174.666
50.0,0.16551724137931034,-2.22238e-07,1.92086e-08,2.23053e-07,175.05
50.0,0.18620689655172412,-2.48898e-07,2.17116e-08,2.49771e-07,175.008
50.0,0.20689655172413793,-2.74917e-07,2.3807e-08,2.75906e-07,175.044
50.0,0.22758620689655173,-3.03089e-07,2.64846e-08,3.04195e-07,175.002
50.0,0.2482758620689655,-3.29108e-07,2.92204e-08,3.3033e-07,174.918
50.0,0.2689655172413793,-3.54952e-07,3.28293e-08,3.56407e-07,174.708
50.0,0.2896551724137931,-3.84289e-07,3.66128e-08,3.85977e-07,174.552
50.0,0.3103448275862069,-4.11181e-07,3.96396e-08,4.13043e-07,174.492
50.0,0.3310344827586207,-4.38597e-07,4.27247e-08,4.40634e-07,174.438
50.0,0.35172413793103446,-4.68224e-07,4.55186e-08,4.70378e-07,174.444
50.0,0.37241379310344824,-4.95467e-07,4.80215e-08,4.97737e-07,174.462
50.0,0.3931034482758621,-5.22825e-07,5.01752e-08,5.25153e-07,174.51
50.0,0.41379310344827586,-5.52685e-07,5.22125e-08,5.5513e-07,174.6
50.0,0.43448275862068964,-5.78762e-07,5.23871e-08,5.81091e-07,174.822
50.0,0.45517241379310347,-6.05189e-07,5.47154e-08,6.07575e-07,174.828
50.0,0.47586206896551725,-6.34933e-07,5.79168e-08,6.37494e-07,174.786
50.0,0.496551724137931,-6.59496e-07,5.97797e-08,6.62116e-07,174.816
50.0,0.5172413793103449,-6.85923e-07,6.25737e-08,6.88717e-07,174.78
50.0,0.5379310344827586,-7.14619e-07,6.73467e-08,7.17704e-07,174.612
50.0,0.5586206896551724,-7.40871e-07,7.08392e-08,7.44189e-07,174.534
50.0,0.5793103448275863,-7.67355e-07,7.42152e-08,7.70848e-07,174.474
50.0,0.6,-7.98031e-07,7.56122e-08,8.01523e-07,174.582
10.0,0.0,-8.04084e-07,1.18162e-08,8.04084e-07,179.154
10.0,0.020689655172413793,-2.69503e-08,4.07455e-10,2.68921e-08,179.076
10.0,0.041379310344827586,-5.37259e-08,8.14911e-10,5.36677e-08,179.112
10.0,0.06206896551724138,-8.32956e-08,1.28058e-09,8.32374e-08,179.106
10.0,0.08275862068965517,-1.10129e-07,1.68803e-09,1.10071e-07,179.112
10.0,0.10344827586206896,-1.36964e-07,2.09549e-09,1.36905e-07,179.124
10.0,0.12413793103448276,-1.66533e-07,2.50294e-09,1.66533e-07,179.13
10.0,0.14482758620689656,-1.93367e-07,2.9104e-09,1.93309e-07,179.118
10.0,0.16551724137931034,-2.22703e-07,3.37606e-09,2.22703e-07,179.118
10.0,0.18620689655172412,-2.49713e-07,3.72532e-09,2.49654e-07,179.136
10.0,0.20689655172413793,-2.76663e-07,4.13277e-09,2.76663e-07,179.136
10.0,0.22758620689655173,-3.06174e-07,4.65664e-09,3.06116e-07,179.118
10.0,0.2482758620689655,-3.3295e-07,5.1223e-09,3.3295e-07,179.118
10.0,0.2689655172413793,-3.59783e-07,5.52976e-09,3.59725e-07,179.118
10.0,0.2896551724137931,-3.89295e-07,5.99542e-09,3.89295e-07,179.118
10.0,0.3103448275862069,-4.16187e-07,6.34466e-09,4.16128e-07,179.118
10.0,0.3310344827586207,-4.42962e-07,6.81032e-09,4.42962e-07,179.118
10.0,0.35172413793103446,-4.72299e-07,7.15957e-09,4.72299e-07,179.124
10.0,0.37241379310344824,-4.99251e-07,7.9163e-09,4.99251e-07,179.088
10.0,0.3931034482758621,-5.25735e-07,8.61479e-09,5.25735e-07,179.058
10.0,0.41379310344827586,-5.55305e-07,8.26554e-09,5.55305e-07,179.148
10.0,0.43448275862068964,-5.82604e-07,8.90583e-09,5.82604e-07,179.124
10.0,0.45517241379310347,-6.09205e-07,9.08045e-09,6.09205e-07,179.142
10.0,0.47586206896551725,-6.38542e-07,9.48791e-09,6.38542e-07,179.148
10.0,0.496551724137931,-6.65783e-07,1.02446e-08,6.65783e-07,179.118
10.0,0.5172413793103449,-6.92442e-07,1.01864e-08,6.92442e-07,179.154
10.0,0.5379310344827586,-7.21371e-07,1.09431e-08,7.21429e-07,179.13
10.0,0.5586206896551724,-7.49253e-07,1.15252e-08,7.49311e-07,179.112
10.0,0.5793103448275863,-7.75854e-07,1.1758e-08,7.75854e-07,179.13
10.0,0.6,-8.05598e-07,1.26893e-08,8.05656e-07,179.094
30.0,0.0,-8.03735e-07,3.91158e-08,8.04608e-07,177.21
30.0,0.020689655172413793,-2.68338e-08,1.28058e-09,2.67756e-08,177.15
30.0,0.041379310344827586,-5.36677e-08,2.61936e-09,5.36677e-08,177.186
30.0,0.06206896551724138,-8.30628e-08,4.01636e-09,8.3121e-08,177.222
30.0,0.08275862068965517,-1.09838e-07,5.47155e-09,1.09955e-07,177.132
30.0,0.10344827586206896,-1.36672e-07,6.69391e-09,1.36789e-07,177.192
30.0,0.12413793103448276,-1.66067e-07,8.09092e-09,1.66242e-07,177.198
30.0,0.14482758620689656,-1.92901e-07,9.48791e-09,1.93076e-07,177.18
30.0,0.16551724137931034,-2.22412e-07,1.08849e-08,2.22587e-07,177.186
30.0,0.18620689655172412,-2.49131e-07,1.21655e-08,2.49363e-07,177.198
30.0,0.20689655172413793,-2.75906e-07,1.35042e-08,2.76139e-07,177.192
30.0,0.22758620689655173,-3.05301e-07,1.47266e-08,3.0565e-07,177.24
30.0,0.2482758620689655,-3.32193e-07,1.62401e-08,3.32542e-07,177.198
30.0,0.2689655172413793,-3.58794e-07,1.75788e-08,3.59201e-07,177.186
30.0,0.2896551724137931,-3.88305e-07,1.86848e-08,3.88713e-07,177.24
30.0,0.3103448275862069,-4.15197e-07,2.03146e-08,4.15663e-07,177.198
30.0,0.3310344827586207,-4.41914e-07,2.16534e-08,4.42438e-07,177.192
30.0,0.35172413793103446,-4.70669e-07,2.3516e-08,4.71193e-07,177.132
30.0,0.37241379310344824,-4.97912e-07,2.47384e-08,4.98436e-07,177.15
30.0,0.3931034482758621,-5.24979e-07,2.57861e-08,5.25561e-07,177.186
30.0,0.41379310344827586,-5.54373e-07,2.70085e-08,5.54955e-07,177.204
30.0,0.43448275862068964,-5.81091e-07,2.84055e-08,5.81731e-07,177.198
30.0,0.45517241379310347,-6.07983e-07,2.97442e-08,6.08681e-07,177.192
30.0,0.47586206896551725,-6.36039e-07,3.00936e-08,6.36679e-07,177.294
30.0,0.496551724137931,-6.64269e-07,3.25383e-08,6.65026e-07,177.192
30.0,0.5172413793103449,-6.90346e-07,3.40517e-08,6.91103e-07,177.174
30.0,0.5379310344827586,-7.20847e-07,3.52741e-08,7.21662e-07,177.192
30.0,0.5586206896551724,-7.47623e-07,3.66711e-08,7.48496e-07,177.192
30.0,0.5793103448275863,-7.74166e-07,3.78934e-08,7.75039e-07,177.198
30.0,0.6,-8.02745e-07,4.09202e-08,8.03677e-07,177.078
50.0,0.0,-7.95586e-07,7.35167e-08,7.98904e-07,174.714
50.0,0.020689655172413793,-2.51458e-08,3.60889e-09,2.53787e-08,171.774
50.0,0.041379310344827586,-5.36677e-08,6.75212e-09,5.40751e-08,172.776
50.0,0.06206896551724138,-8.41687e-08,8.55658e-09,8.45762e-08,174.186
50.0,0.08275862068965517,-1.10304e-07,8.61479e-09,1.10537e-07,175.524
50.0,0.10344827586206896,-1.36149e-07,1.07685e-08,1.36498e-07,175.464
50.0,0.12413793103448276,-1.6467e-07,1.35042e-08,1.65194e-07,175.302
50.0,0.14482758620689656,-1.89933e-07,1.7055e-08,1.90689e-07,174.858
50.0,0.16551724137931034,-2.19502e-07,2.17698e-08,2.20492e-07,174.33
50.0,0.18620689655172412,-2.4785e-07,2.4913e-08,2.49072e-07,174.246
50.0,0.20689655172413793,-2.7544e-07,2.68921e-08,2.76663e-07,174.42
50.0,0.22758620689655173,-3.05301e-07,2.84055e-08,3.06582e-07,174.678
50.0,0.2482758620689655,-3.31727e-07,3.00354e-08,3.33008e-07,174.822
50.0,0.2689655172413793,-3.56989e-07,3.13742e-08,3.58328e-07,174.972
50.0,0.2896551724137931,-3.86792e-07,3.42845e-08,3.88305e-07,174.93
50.0,0.3103448275862069,-4.10482e-07,3.80098e-08,4.12228e-07,174.702
50.0,0.3310344827586207,-4.37956e-07,4.24336e-08,4.39935e-07,174.462
50.0,0.35172413793103446,-4.67351e-07,4.52276e-08,4.69505e-07,174.468
50.0,0.37241379310344824,-4.94594e-07,4.79633e-08,4.96864e-07,174.456
50.0,0.3931034482758621,-5.22126e-07,4.91857e-08,5.24338e-07,174.612
50.0,0.41379310344827586,-5.52685e-07,5.14558e-08,5.55014e-07,174.678
50.0,0.43448275862068964,-5.78879e-07,5.27364e-08,5.81265e-07,174.792
50.0,0.45517241379310347,-6.04665e-07,5.44826e-08,6.07051e-07,174.846
50.0,0.47586206896551725,-6.31906e-07,5.74512e-08,6.34467e-07,174.804
50.0,0.496551724137931,-6.57983e-07,6.1526e-08,6.60777e-07,174.654
50.0,0.5172413793103449,-6.85108e-07,6.4902e-08,6.88135e-07,174.588
50.0,0.5379310344827586,-7.15027e-07,6.87437e-08,7.18286e-07,174.51
50.0,0.5586206896551724,-7.44247e-07,7.03153e-08,7.47506e-07,174.6
50.0,0.5793103448275863,-7.69451e-07,7.35167e-08,7.72885e-07,174.54
50.0,0.6,-8.00301e-07,7.50301e-08,8.03793e-07,174.642
10.0,0.0,-8.05481e-07,1.23983e-08,8.05481e-07,179.118
10.0,0.020689655172413793,-2.68921e-08,3.49248e-10,2.68338e-08,179.148
10.0,0.041379310344827586,-5.37259e-08,8.14911e-10,5.36677e-08,179.112
10.0,0.06206896551724138,-8.32956e-08,1.22237e-09,8.32374e-08,179.13
10.0,0.08275862068965517,-1.10071e-07,1.68803e-09,1.10013e-07,179.112
10.0,0.10344827586206896,-1.36905e-07,2.09549e-09,1.36847e-07,179.118
10.0,0.12413793103448276,-1.66475e-07,2.56115e-09,1.66475e-07,179.118
10.0,0.14482758620689656,-1.93309e-07,2.9104e-09,1.9325e-07,179.118
10.0,0.16551724137931034,-2.22762e-07,3.37606e-09,2.22762e-07,179.118
10.0,0.18620689655172412,-2.49596e-07,3.78353e-09,2.49538e-07,179.118
10.0,0.20689655172413793,-2.76314e-07,4.24919e-09,2.76314e-07,179.112
10.0,0.22758620689655173,-3.05301e-07,4.54023e-09,3.05243e-07,179.142
10.0,0.2482758620689655,-3.32833e-07,5.1223e-09,3.32775e-07,179.118
10.0,0.2689655172413793,-3.59551e-07,5.52976e-09,3.59551e-07,179.118
10.0,0.2896551724137931,-3.8912e-07,6.05363e-09,3.89062e-07,179.1
10.0,0.3103448275862069,-4.15954e-07,6.40287e-09,4.15954e-07,179.112
10.0,0.3310344827586207,-4.42147e-07,6.98495e-09,4.42147e-07,179.094
10.0,0.35172413793103446,-4.72182e-07,7.50885e-09,4.72241e-07,179.082
10.0,0.37241379310344824,-4.99193e-07,7.68347e-09,4.99193e-07,179.118
10.0,0.3931034482758621,-5.26026e-07,8.09092e-09,5.26026e-07,179.118
10.0,0.41379310344827586,-5.54606e-07,7.79988e-09,5.54606e-07,179.19
10.0,0.43448275862068964,-5.82022e-07,9.13866e-09,5.82022e-07,179.1
10.0,0.45517241379310347,-6.08681e-07,8.73121e-09,6.08681e-07,179.178
10.0,0.47586206896551725,-6.3796e-07,1.02446e-08,6.3796e-07,179.076
10.0,0.496551724137931,-6.64619e-07,1.06521e-08,6.64677e-07,179.082
10.0,0.5172413793103449,-6.91743e-07,9.83715e-09,6.91743e-07,179.184
10.0,0.5379310344827586,-7.22186e-07,1.10595e-08,7.22186e-07,179.118
10.0,0.5586206896551724,-7.4902e-07,1.15252e-08,7.49078e-07,179.118
10.0,0.5793103448275863,-7.7434e-07,1.10595e-08,7.7434e-07,179.178
10.0,0.6,-8.05365e-07,1.23983e-08,8.05423e-07,179.118
30.0,0.0,-8.03677e-07,3.93486e-08,8.04608e-07,177.198
30.0,0.020689655172413793,-2.68338e-08,1.28058e-09,2.67756e-08,177.222
30.0,0.041379310344827586,-5.36095e-08,2.61936e-09,5.36095e-08,177.186
30.0,0.06206896551724138,-8.29464e-08,3.95815e-09,8.30046e-08,177.24
30.0,0.08275862068965517,-1.09838e-07,5.35513e-09,1.09955e-07,177.204
30.0,0.10344827586206896,-1.36614e-07,6.6357e-09,1.36672e-07,177.204
30.0,0.12413793103448276,-1.66067e-07,8.03271e-09,1.66242e-07,177.234
30.0,0.14482758620689656,-1.92843e-07,9.31328e-09,1.93018e-07,177.222
30.0,0.16551724137931034,-2.22296e-07,1.08849e-08,2.22529e-07,177.192
30.0,0.18620689655172412,-2.49072e-07,1.22237e-08,2.49305e-07,177.186
30.0,0.20689655172413793,-2.75673e-07,1.35624e-08,2.75906e-07,177.18
30.0,0.22758620689655173,-3.05243e-07,1.47848e-08,3.05534e-07,177.222
30.0,0.2482758620689655,-3.32077e-07,1.61818e-08,3.32426e-07,177.21
30.0,0.2689655172413793,-3.58328e-07,1.77535e-08,3.58736e-07,177.156
30.0,0.2896551724137931,-3.87723e-07,1.92668e-08,3.88131e-07,177.15
30.0,0.3103448275862069,-4.15081e-07,2.03146e-08,4.15546e-07,177.198
30.0,0.3310344827586207,-4.41507e-07,2.17698e-08,4.41973e-07,177.174
30.0,0.35172413793103446,-4.71251e-07,2.30503e-08,4.71775e-07,177.192
30.0,0.37241379310344824,-4.98087e-07,2.43891e-08,4.9861e-07,177.198
30.0,0.3931034482758621,-5.24804e-07,2.57279e-08,5.25386e-07,177.192
30.0,0.41379310344827586,-5.54257e-07,2.71249e-08,5.54839e-07,177.192
30.0,0.43448275862068964,-5.80974e-07,2.84637e-08,5.81615e-07,177.198
30.0,0.45517241379310347,-6.07517e-07,2.9919e-08,6.08215e-07,177.18
30.0,0.47586206896551725,-6.37261e-07,3.11995e-08,6.3796e-07,177.192
30.0,0.496551724137931,-6.63978e-07,3.24801e-08,6.64735e-07,177.198
30.0,0.5172413793103449,-6.90754e-07,3.30622e-08,6.91452e-07,177.258
30.0,0.5379310344827586,-7.20556e-07,3.52741e-08,7.21371e-07,177.192
30.0,0.5586206896551724,-7.47332e-07,3.66128e-08,7.48205e-07,177.192
30.0,0.5793103448275863,-7.74107e-07,3.78934e-08,7.7498e-07,177.198
30.0,0.6,-8.03502e-07,3.9465e-08,8.04434e-07,177.186
50.0,0.0,-7.96517e-07,7.43898e-08,7.99952e-07,174.66
50.0,0.020689655172413793,-2.53204e-08,3.72532e-09,2.54951e-08,171.522
50.0,0.041379310344827586,-5.22707e-08,6.51929e-09,5.262e-08,172.836
50.0,0.06206896551724138,-8.28882e-08,9.48791e-09,8.33538e-08,173.436
50.0,0.08275862068965517,-1.11002e-07,1.02446e-08,1.1141e-07,174.714
50.0,0.10344827586206896,-1.37487e-07,1.2049e-08,1.37953e-07,174.984
50.0,0.12413793103448276,-1.65194e-07,1.3446e-08,1.65718e-07,175.326
50.0,0.14482758620689656,-1.91213e-07,1.5949e-08,1.91795e-07,175.218
50.0,0.16551724137931034,-2.19793e-07,1.89758e-08,2.2055e-07,175.05
50.0,0.18620689655172412,-2.45638e-07,2.24101e-08,2.46628e-07,174.768
50.0,0.20689655172413793,-2.72705e-07,2.67174e-08,2.73985e-07,174.396
50.0,0.22758620689655173,-3.02158e-07,2.97442e-08,3.03613e-07,174.366
50.0,0.2482758620689655,-3.29515e-07,3.25965e-08,3.31029e-07,174.348
50.0,0.2689655172413793,-3.56291e-07,3.52741e-08,3.57979e-07,174.336
50.0,0.2896551724137931,-3.86442e-07,3.76606e-08,3.88247e-07,174.426
50.0,0.3103448275862069,-4.13393e-07,3.93486e-08,4.15197e-07,174.552
50.0,0.3310344827586207,-4.39877e-07,4.17933e-08,4.41798e-07,174.564
50.0,0.35172413793103446,-4.70029e-07,4.32485e-08,4.7195e-07,174.738
50.0,0.37241379310344824,-4.96631e-07,4.56932e-08,4.98669e-07,174.738
50.0,0.3931034482758621,-5.22999e-07,4.77305e-08,5.25095e-07,174.786
50.0,0.41379310344827586,-5.49775e-07,4.94767e-08,5.51987e-07,174.852
50.0,0.43448275862068964,-5.75328e-07,5.40169e-08,5.77831e-07,174.636
50.0,0.45517241379310347,-6.02453e-07,5.7684e-08,6.0513e-07,174.528
50.0,0.47586206896551725,-6.32604e-07,6.08275e-08,6.35515e-07,174.504
50.0,0.496551724137931,-6.60253e-07,6.31558e-08,6.63222e-07,174.534
50.0,0.5172413793103449,-6.88018e-07,6.37378e-08,6.90929e-07,174.702
50.0,0.5379310344827586,-7.16947e-07,6.5193e-08,7.19858e-07,174.804
50.0,0.5586206896551724,-7.42151e-07,6.70557e-08,7.4512e-07,174.834
50.0,0.5793103448275863,-7.68112e-07,7.00825e-08,7.71255e-07,174.786
50.0,0.6,-7.96284e-07,7.29929e-08,7.99544e-07,174.756
