time,tc temp (C),tr temp (C),tr res (ohm),PAR124,x,y,r,theta
1645555200.4021506,0,23.649080905507706,1030.99976,1.4624543,0.00377466,0.00439456,0.00579455,49.326
1645555203.9503958,0,23.652408863752566,1031.00973,1.3942327,0.00403216,0.00437358,0.00594905,47.328
1645555207.5055046,0,23.65582693132672,1031.01997,1.3923873,0.00422099,0.00434497,0.00605968,45.834
1645555211.054899,0,23.65917154824025,1031.02999,1.4049102,0.00413135,0.00433734,0.00599101,46.386
1645555214.6162279,0,23.662699735170097,1031.04056,1.4069191,0.00405315,0.00434116,0.00593951,46.956
1645555218.1908834,0,23.664659089836185,1031.04643,1.399156,0.00403598,0.00430492,0.00590137,46.854
1645555221.7198405,0,23.661331187881075,1031.03646,1.3864794,0.00393298,0.00425342,0.00579455,47.238
1645555225.3040414,0,23.650486193653006,1031.00397,1.3974127,0.00409701,0.00430301,0.00594142,46.41
1645555228.8464482,0,23.629543446036084,1030.94123,1.3954333,0.00412562,0.00432208,0.00597575,46.332
1645555232.3909233,0,23.598475363284805,1030.84816,1.3954265,0.004118,0.00431064,0.00596049,46.314
1645555235.9435647,0,23.557267288575396,1030.72472,1.3945858,0.00403789,0.00433353,0.00592425,47.028
1645555239.5044065,0,23.505500160635922,1030.56966,1.3882982,0.00401309,0.00444797,0.00599292,47.94
1645555243.048638,0,23.446998117278884,1030.39444,1.397403,0.00409701,0.00440219,0.0060139,47.052
1645555246.5908325,0,23.38201664513548,1030.19983,1.4114019,0.00410464,0.00437167,0.00599673,46.812
1645555250.1752944,0,23.314294275360737,1029.99703,1.4272793,0.00409701,0.00435832,0.00598148,46.77
1645555253.7427113,0,23.245977758130522,1029.79247,1.4177906,0.00412562,0.00431445,0.00596812,46.278
1645555257.2845426,0,23.17937162966844,1029.59305,1.4084587,0.00409129,0.00434878,0.00597003,46.752
1645555260.8529384,0,23.11831786445773,1029.41027,1.4006248,0.00408557,0.00438121,0.00599101,46.992
1645555264.4365282,0,23.06237689739775,1029.24281,1.4067674,0.00409892,0.00438121,0.00599864,46.902
1645555268.0072544,0,23.012478689647274,1029.09345,1.4170639,0.00442508,0.00436404,0.00621608,44.598
1645555271.5934865,0,22.968621150244136,1028.96218,1.4246747,0.00415805,0.00441936,0.00606731,46.746
1645555275.137902,0,22.92952231980398,1028.84516,1.4064017,0.00407985,0.00435641,0.00596812,46.89
1645555278.7226403,0,22.893007677342347,1028.73588,1.4154115,0.00410846,0.00435832,0.00599101,46.692
1645555282.2796214,0,22.856761864415798,1028.62741,1.4098765,0.00410464,0.00436595,0.00599292,46.77
1645555285.843327,0,22.819033815198377,1028.51451,1.4162417,0.00410274,0.00435832,0.00598529,46.734
1645555289.4009392,0,22.777744576395225,1028.39096,1.4124772,0.00412181,0.00435832,0.00600055,46.596
1645555292.950226,0,22.73183739972619,1028.2536,1.3984346,0.00407603,0.00439265,0.00599292,47.142
1645555296.532115,0,22.68022176760412,1028.09917,1.3992364,0.00415805,0.00447085,0.00610545,47.082
1645555300.094194,0,22.622318167680394,1027.92594,1.3929677,0.0041447,0.00437549,0.00602725,46.548
1645555303.6607227,0,22.55781753200937,1027.73299,1.3946588,0.004118,0.0043526,0.00599292,46.59
1645555307.2093277,0,22.488483379536895,1027.5256,1.4117609,0.00412372,0.00435069,0.00599483,46.53
1645555310.7805414,0,22.416002876381015,1027.30882,1.4158899,0.00410464,0.00434878,0.00597957,46.65
1645555314.3703518,0,22.34117764114098,1027.08505,1.4168441,0.00410846,0.00436023,0.00599292,46.698
1645555317.9565353,0,22.265157410028532,1026.85773,1.4184287,0.00410655,0.00436023,0.00599101,46.71
1645555321.5167124,0,22.192306662462144,1026.63991,1.3922357,0.00410846,0.00436023,0.00599292,46.698
1645555325.086533,0,22.122425655076498,1026.43099,1.3936424,0.00409701,0.00437739,0.00599483,46.89
1645555328.659727,0,22.058168099652335,1026.2389,1.4022104,0.0040417,0.00436977,0.00595477,47.232
1645555332.2022614,0,21.998424756418608,1026.06032,1.3999716,0.00409701,0.00437739,0.00599483,46.89
1645555335.777433,0,21.944528396469448,1025.89923,1.4189238,0.00434116,0.00457004,0.00630382,46.476
1645555339.3410378,0,21.89363615726811,1025.74713,1.4218788,0.00458911,0.00401118,0.00609592,41.154
1645555342.921016,0,21.84611676791228,1025.60512,1.4187629,0.00425723,0.00433353,0.00607494,45.51
1645555346.4979496,0,21.80138525368003,1025.47145,1.4125893,0.00388719,0.00448993,0.00594142,49.116
1645555350.09275,0,21.7561991614785,1025.33643,1.3911492,0.00389291,0.00427631,0.00578311,47.688
1645555353.6668303,0,21.71077261001395,1025.2007,1.3742023,0.0035515,0.00461963,0.00582698,52.458
1645555357.247997,0,21.663431977518012,1025.05926,1.4041252,0.00402644,0.00440982,0.00597003,47.604
1645555360.8159661,0,21.61351745245224,1024.91014,1.4131543,0.00421146,0.00436023,0.00606349,45.99
1645555364.382998,0,21.56042592721774,1024.75154,1.407551,0.00415805,0.00434306,0.00601199,46.236
1645555367.9429345,0,21.502609971929296,1024.57884,1.3980567,0.00412181,0.00432399,0.00597385,46.368
1645555371.4991798,0,21.440731393417707,1024.39402,1.4046825,0.00407603,0.00436977,0.00597766,46.998
1645555375.0607085,0,21.376118498321738,1024.20105,1.3978978,0.00408366,0.00437739,0.0059872,46.986
1645555378.6381695,0,21.306821547587987,1023.99411,1.3849684,0.0041199,0.00437739,0.00601199,46.728
1645555382.2064092,0,21.236362492910512,1023.78372,1.4037568,0.00410846,0.00440982,0.00602725,47.016
1645555385.777149,0,21.165782678166508,1023.57299,1.4132604,0.00410083,0.00440982,0.00602153,47.076
1645555389.3325593,0,21.09656267475613,1023.36634,1.4220551,0.00413707,0.00443462,0.0060654,46.98
1645555392.8894215,0,21.02969450313742,1023.16673,1.4197361,0.00412372,0.00444224,0.00606158,47.13
