f,v,x,y,r,theta
10.0,0.0,-8.46459e-07,-2.61936e-09,8.46401e-07,-179.826
10.0,0.02413793103448276,-2.91039e-08,-1.16416e-10,2.90457e-08,-179.802
10.0,0.04827586206896552,-5.81497e-08,-1.74624e-10,5.80915e-08,-179.838
10.0,0.07241379310344828,-8.71373e-08,-2.9104e-10,8.70791e-08,-179.826
10.0,0.09655172413793103,-1.16183e-07,-4.07455e-10,1.16125e-07,-179.82
10.0,0.12068965517241378,-1.45171e-07,-4.65665e-10,1.45113e-07,-179.826
10.0,0.14482758620689656,-1.74158e-07,-5.8208e-10,1.741e-07,-179.826
10.0,0.16896551724137931,-2.03146e-07,-6.40288e-10,2.03087e-07,-179.82
10.0,0.19310344827586207,-2.32133e-07,-7.56703e-10,2.32075e-07,-179.826
10.0,0.21724137931034482,-2.61121e-07,-8.14911e-10,2.61063e-07,-179.826
10.0,0.24137931034482757,-2.90109e-07,-9.3133e-10,2.90051e-07,-179.82
10.0,0.2655172413793103,-3.21425e-07,-9.89537e-10,3.21366e-07,-179.826
10.0,0.2896551724137931,-3.5047e-07,-1.10595e-09,3.50412e-07,-179.826
10.0,0.3137931034482759,-3.79458e-07,-1.22237e-09,3.79399e-07,-179.826
10.0,0.33793103448275863,-4.08387e-07,-1.28058e-09,4.08329e-07,-179.82
10.0,0.3620689655172414,-4.37316e-07,-1.33878e-09,4.37258e-07,-179.826
10.0,0.38620689655172413,-4.66303e-07,-1.4552e-09,4.66245e-07,-179.826
10.0,0.4103448275862069,-4.95293e-07,-1.57161e-09,4.95234e-07,-179.82
10.0,0.43448275862068964,-5.24222e-07,-1.62982e-09,5.24164e-07,-179.826
10.0,0.4586206896551724,-5.53151e-07,-1.74624e-09,5.53093e-07,-179.826
10.0,0.48275862068965514,-5.8208e-07,-1.80444e-09,5.82022e-07,-179.82
10.0,0.506896551724138,-6.11068e-07,-1.92087e-09,6.11009e-07,-179.826
10.0,0.5310344827586206,-6.40346e-07,-1.97907e-09,6.40288e-07,-179.826
10.0,0.5551724137931034,-6.69275e-07,-2.09549e-09,6.69217e-07,-179.826
10.0,0.5793103448275863,-6.98205e-07,-2.1537e-09,6.98146e-07,-179.826
10.0,0.603448275862069,-7.27134e-07,-2.27011e-09,7.27076e-07,-179.826
10.0,0.6275862068965518,-7.58333e-07,-2.38653e-09,7.58275e-07,-179.826
10.0,0.6517241379310345,-7.87204e-07,-2.44474e-09,7.87146e-07,-179.82
10.0,0.6758620689655173,-8.16191e-07,-2.56115e-09,8.16133e-07,-179.82
10.0,0.7,-8.45062e-07,-2.67757e-09,8.45004e-07,-179.82
20.0,0.0,-8.44713e-07,1.03028e-08,8.44713e-07,179.298
20.0,0.02413793103448276,-2.90457e-08,3.49248e-10,2.89875e-08,179.274
20.0,0.04827586206896552,-5.80333e-08,6.98495e-10,5.79751e-08,179.274
20.0,0.07241379310344828,-8.69627e-08,1.04775e-09,8.69045e-08,179.274
20.0,0.09655172413793103,-1.1595e-07,1.4552e-09,1.15892e-07,179.256
20.0,0.12068965517241378,-1.4488e-07,1.74624e-09,1.44822e-07,179.286
20.0,0.14482758620689656,-1.73809e-07,2.09549e-09,1.73751e-07,179.298
20.0,0.16896551724137931,-2.02738e-07,2.44474e-09,2.0268e-07,179.292
20.0,0.19310344827586207,-2.31667e-07,2.79398e-09,2.31609e-07,179.298
20.0,0.21724137931034482,-2.60598e-07,3.14323e-09,2.60539e-07,179.298
20.0,0.24137931034482757,-2.89527e-07,3.49247e-09,2.89469e-07,179.298
20.0,0.2655172413793103,-3.20842e-07,3.89994e-09,3.20784e-07,179.298
20.0,0.2896551724137931,-3.49772e-07,4.3656e-09,3.49713e-07,179.28
20.0,0.3137931034482759,-3.78701e-07,4.59843e-09,3.78643e-07,179.298
20.0,0.33793103448275863,-4.07514e-07,4.94768e-09,4.07514e-07,179.298
20.0,0.3620689655172414,-4.36443e-07,5.35513e-09,4.36443e-07,179.292
20.0,0.38620689655172413,-4.65372e-07,5.70438e-09,4.65372e-07,179.292
20.0,0.4103448275862069,-4.94245e-07,6.05363e-09,4.94245e-07,179.298
20.0,0.43448275862068964,-5.23174e-07,6.34466e-09,5.23174e-07,179.298
20.0,0.4586206896551724,-5.52045e-07,6.75212e-09,5.52045e-07,179.298
20.0,0.48275862068965514,-5.80916e-07,7.10136e-09,5.80916e-07,179.298
20.0,0.506896551724138,-6.09845e-07,7.45064e-09,6.09845e-07,179.292
20.0,0.5310344827586206,-6.39007e-07,7.79988e-09,6.39007e-07,179.298
20.0,0.5551724137931034,-6.67937e-07,8.14913e-09,6.67995e-07,179.298
20.0,0.5793103448275863,-6.96808e-07,8.49838e-09,6.96866e-07,179.298
20.0,0.603448275862069,-7.25679e-07,8.84762e-09,7.25679e-07,179.298
20.0,0.6275862068965518,-7.5682e-07,9.25507e-09,7.5682e-07,179.298
20.0,0.6517241379310345,-7.85632e-07,9.60432e-09,7.85632e-07,179.298
20.0,0.6758620689655173,-8.14562e-07,9.95357e-09,8.14562e-07,179.298
20.0,0.7,-8.43433e-07,1.03028e-08,8.43433e-07,179.298
30.0,0.0,-8.42501e-07,2.44473e-08,8.42792e-07,178.332
30.0,0.02413793103448276,-2.89875e-08,8.14911e-10,2.89293e-08,178.35
30.0,0.04827586206896552,-5.79168e-08,1.68803e-09,5.78586e-08,178.32
30.0,0.07241379310344828,-8.67299e-08,2.50294e-09,8.66717e-08,178.326
30.0,0.09655172413793103,-1.15601e-07,3.31785e-09,1.15601e-07,178.332
30.0,0.12068965517241378,-1.44472e-07,4.19098e-09,1.44472e-07,178.32
30.0,0.14482758620689656,-1.73343e-07,5.00589e-09,1.73343e-07,178.338
30.0,0.16896551724137931,-2.02214e-07,5.879e-09,2.02214e-07,178.326
30.0,0.19310344827586207,-2.31027e-07,6.69391e-09,2.31085e-07,178.338
30.0,0.21724137931034482,-2.59899e-07,7.56705e-09,2.59957e-07,178.326
30.0,0.24137931034482757,-2.88712e-07,8.38196e-09,2.8877e-07,178.332
30.0,0.2655172413793103,-3.19969e-07,9.31328e-09,3.20028e-07,178.332
30.0,0.2896551724137931,-3.4884e-07,1.01282e-08,3.48899e-07,178.338
30.0,0.3137931034482759,-3.77653e-07,1.09431e-08,3.7777e-07,178.332
30.0,0.33793103448275863,-4.06466e-07,1.18162e-08,4.06582e-07,178.332
30.0,0.3620689655172414,-4.35279e-07,1.26311e-08,4.35453e-07,178.332
30.0,0.38620689655172413,-4.6415e-07,1.3446e-08,4.64266e-07,178.332
30.0,0.4103448275862069,-4.93023e-07,1.43191e-08,4.93139e-07,178.338
30.0,0.43448275862068964,-5.21777e-07,1.51923e-08,5.21952e-07,178.332
30.0,0.4586206896551724,-5.5059e-07,1.5949e-08,5.50765e-07,178.338
30.0,0.48275862068965514,-5.79403e-07,1.68221e-08,5.79577e-07,178.332
30.0,0.506896551724138,-6.08215e-07,1.76952e-08,6.08448e-07,178.332
30.0,0.5310344827586206,-6.37319e-07,1.85101e-08,6.37552e-07,178.332
30.0,0.5551724137931034,-6.6619e-07,1.93251e-08,6.66365e-07,178.338
30.0,0.5793103448275863,-6.94945e-07,2.01982e-08,6.95178e-07,178.332
30.0,0.603448275862069,-7.23758e-07,2.10131e-08,7.23991e-07,178.338
30.0,0.6275862068965518,-7.54782e-07,2.19444e-08,7.55073e-07,178.332
30.0,0.6517241379310345,-7.83537e-07,2.27593e-08,7.83828e-07,178.338
30.0,0.6758620689655173,-8.12408e-07,2.36324e-08,8.12699e-07,178.332
30.0,0.7,-8.41163e-07,2.44473e-08,8.41512e-07,178.332
40.0,0.0,-8.39475e-07,4.06874e-08,8.40406e-07,177.222
40.0,0.02413793103448276,-2.88711e-08,1.28058e-09,2.88129e-08,177.354
40.0,0.04827586206896552,-5.76258e-08,2.79398e-09,5.76258e-08,177.186
40.0,0.07241379310344828,-8.6497e-08,4.13277e-09,8.65552e-08,177.24
40.0,0.09655172413793103,-1.15368e-07,5.52976e-09,1.15426e-07,177.252
40.0,0.12068965517241378,-1.44007e-07,6.98495e-09,1.44123e-07,177.216
40.0,0.14482758620689656,-1.72703e-07,8.32375e-09,1.72819e-07,177.24
40.0,0.16896551724137931,-2.01458e-07,9.77894e-09,2.01632e-07,177.204
40.0,0.19310344827586207,-2.3027e-07,1.10595e-08,2.30445e-07,177.24
40.0,0.21724137931034482,-2.58909e-07,1.24565e-08,2.59142e-07,177.234
40.0,0.24137931034482757,-2.87722e-07,1.38535e-08,2.88013e-07,177.234
40.0,0.2655172413793103,-3.18805e-07,1.54251e-08,3.19096e-07,177.222
40.0,0.2896551724137931,-3.47618e-07,1.68221e-08,3.47967e-07,177.228
40.0,0.3137931034482759,-3.76256e-07,1.82191e-08,3.76664e-07,177.222
40.0,0.33793103448275863,-4.05127e-07,1.96161e-08,4.05535e-07,177.228
40.0,0.3620689655172414,-4.33824e-07,2.10131e-08,4.34231e-07,177.222
40.0,0.38620689655172413,-4.6252e-07,2.23519e-08,4.63044e-07,177.234
40.0,0.4103448275862069,-4.91218e-07,2.37488e-08,4.91742e-07,177.228
40.0,0.43448275862068964,-5.19973e-07,2.52622e-08,5.20497e-07,177.216
40.0,0.4586206896551724,-5.48727e-07,2.64846e-08,5.49251e-07,177.234
40.0,0.48275862068965514,-5.77365e-07,2.7998e-08,5.78006e-07,177.222
40.0,0.506896551724138,-6.06062e-07,2.92786e-08,6.06702e-07,177.228
40.0,0.5310344827586206,-6.35107e-07,3.07921e-08,6.35748e-07,177.222
40.0,0.5551724137931034,-6.63804e-07,3.20726e-08,6.64561e-07,177.234
40.0,0.5793103448275863,-6.925e-07,3.3586e-08,6.93257e-07,177.222
40.0,0.603448275862069,-7.21197e-07,3.48666e-08,7.21953e-07,177.228
40.0,0.6275862068965518,-7.52221e-07,3.638e-08,7.53036e-07,177.228
40.0,0.6517241379310345,-7.80801e-07,3.77188e-08,7.81616e-07,177.234
40.0,0.6758620689655173,-8.09614e-07,3.92322e-08,8.10545e-07,177.222
40.0,0.7,-8.38252e-07,4.05128e-08,8.39183e-07,177.228
50.0,0.0,-8.35866e-07,6.07693e-08,8.38019e-07,175.842
50.0,0.02413793103448276,-2.97442e-08,1.92087e-09,2.97442e-08,176.274
50.0,0.04827586206896552,-5.76258e-08,3.14323e-09,5.7684e-08,176.85
50.0,0.07241379310344828,-8.50418e-08,6.40287e-09,8.52165e-08,175.674
50.0,0.09655172413793103,-1.15019e-07,9.08045e-09,1.1531e-07,175.458
50.0,0.12068965517241378,-1.44181e-07,1.04774e-08,1.44531e-07,175.824
50.0,0.14482758620689656,-1.72819e-07,1.21073e-08,1.73169e-07,175.986
50.0,0.16896551724137931,-2.00002e-07,1.35042e-08,2.0041e-07,176.13
50.0,0.19310344827586207,-2.28059e-07,1.65893e-08,2.28641e-07,175.836
50.0,0.21724137931034482,-2.57978e-07,1.94415e-08,2.58618e-07,175.686
50.0,0.24137931034482757,-2.86966e-07,1.97907e-08,2.87606e-07,176.046
50.0,0.2655172413793103,-3.17001e-07,2.1828e-08,3.17699e-07,176.058
50.0,0.2896551724137931,-3.44882e-07,2.47966e-08,3.45697e-07,175.89
50.0,0.3137931034482759,-3.74044e-07,2.77652e-08,3.75034e-07,175.752
50.0,0.33793103448275863,-4.03963e-07,2.92786e-08,4.04953e-07,175.848
50.0,0.3620689655172414,-4.32194e-07,3.01518e-08,4.33183e-07,176.01
50.0,0.38620689655172413,-4.59959e-07,3.20726e-08,4.61006e-07,176.01
50.0,0.4103448275862069,-4.879e-07,3.53905e-08,4.89123e-07,175.848
50.0,0.43448275862068964,-5.17819e-07,3.80098e-08,5.19158e-07,175.8
50.0,0.4586206896551724,-5.46865e-07,3.87665e-08,5.48145e-07,175.944
50.0,0.48275862068965514,-5.73931e-07,4.04546e-08,5.75328e-07,175.968
50.0,0.506896551724138,-6.02744e-07,4.41798e-08,6.04316e-07,175.8
50.0,0.5310344827586206,-6.32954e-07,4.5053e-08,6.34467e-07,175.926
50.0,0.5551724137931034,-6.60428e-07,4.63917e-08,6.61999e-07,175.98
50.0,0.5793103448275863,-6.88135e-07,4.93603e-08,6.89823e-07,175.896
50.0,0.603448275862069,-7.1718e-07,5.23871e-08,7.19043e-07,175.824
50.0,0.6275862068965518,-7.49427e-07,5.37259e-08,7.5129e-07,175.896
50.0,0.6517241379310345,-7.76668e-07,5.47736e-08,7.78531e-07,175.962
50.0,0.6758620689655173,-8.04841e-07,5.84407e-08,8.06878e-07,175.842
50.0,0.7,-8.34236e-07,6.08275e-08,8.3639e-07,175.824
10.0,0.0,-8.39766e-07,-2.61936e-09,8.39707e-07,-179.82
10.0,0.02413793103448276,-2.88711e-08,-1.16416e-10,2.88129e-08,-179.802
10.0,0.04827586206896552,-5.7684e-08,-1.74624e-10,5.76258e-08,-179.838
10.0,0.07241379310344828,-8.64388e-08,-2.9104e-10,8.63806e-08,-179.826
10.0,0.09655172413793103,-1.15252e-07,-4.07455e-10,1.15193e-07,-179.82
10.0,0.12068965517241378,-1.44007e-07,-4.65665e-10,1.43948e-07,-179.826
10.0,0.14482758620689656,-1.72761e-07,-5.8208e-10,1.72703e-07,-179.826
10.0,0.16896551724137931,-2.01516e-07,-6.40288e-10,2.01458e-07,-179.82
10.0,0.19310344827586207,-2.3027e-07,-7.56703e-10,2.30212e-07,-179.82
10.0,0.21724137931034482,-2.59026e-07,-8.14911e-10,2.58968e-07,-179.826
10.0,0.24137931034482757,-2.87839e-07,-9.3133e-10,2.8778e-07,-179.82
10.0,0.2655172413793103,-3.18922e-07,-9.89537e-10,3.18863e-07,-179.826
10.0,0.2896551724137931,-3.47676e-07,-1.10595e-09,3.47618e-07,-179.826
10.0,0.3137931034482759,-3.76431e-07,-1.22237e-09,3.76373e-07,-179.82
10.0,0.33793103448275863,-4.05185e-07,-1.28058e-09,4.05127e-07,-179.82
10.0,0.3620689655172414,-4.33882e-07,-1.33878e-09,4.33824e-07,-179.826
10.0,0.38620689655172413,-4.62636e-07,-1.4552e-09,4.62578e-07,-179.82
10.0,0.4103448275862069,-4.91393e-07,-1.57161e-09,4.91335e-07,-179.82
10.0,0.43448275862068964,-5.20147e-07,-1.62982e-09,5.20089e-07,-179.826
10.0,0.4586206896551724,-5.48844e-07,-1.74624e-09,5.48785e-07,-179.82
10.0,0.48275862068965514,-5.7754e-07,-1.80444e-09,5.77482e-07,-179.826
10.0,0.506896551724138,-6.06295e-07,-1.92087e-09,6.06236e-07,-179.826
10.0,0.5310344827586206,-6.3534e-07,-1.97907e-09,6.35282e-07,-179.82
10.0,0.5551724137931034,-6.64037e-07,-2.09549e-09,6.63978e-07,-179.82
10.0,0.5793103448275863,-6.92791e-07,-2.1537e-09,6.92733e-07,-179.826
10.0,0.603448275862069,-7.21488e-07,-2.27011e-09,7.21429e-07,-179.82
10.0,0.6275862068965518,-7.52454e-07,-2.38653e-09,7.52396e-07,-179.82
10.0,0.6517241379310345,-7.81092e-07,-2.44474e-09,7.81034e-07,-179.82
10.0,0.6758620689655173,-8.09847e-07,-2.50294e-09,8.09789e-07,-179.826
10.0,0.7,-8.38543e-07,-2.61936e-09,8.38485e-07,-179.82
20.0,0.0,-8.38194e-07,1.02446e-08,8.38252e-07,179.298
20.0,0.02413793103448276,-2.88129e-08,3.49248e-10,2.87547e-08,179.268
20.0,0.04827586206896552,-5.75676e-08,6.98495e-10,5.75094e-08,179.304
20.0,0.07241379310344828,-8.62642e-08,1.04775e-09,8.6206e-08,179.292
20.0,0.09655172413793103,-1.15019e-07,1.39699e-09,1.14961e-07,179.304
20.0,0.12068965517241378,-1.43774e-07,1.74624e-09,1.43716e-07,179.292
20.0,0.14482758620689656,-1.7247e-07,2.09549e-09,1.72412e-07,179.304
20.0,0.16896551724137931,-2.01167e-07,2.44474e-09,2.01108e-07,179.298
20.0,0.19310344827586207,-2.29863e-07,2.79398e-09,2.29863e-07,179.304
20.0,0.21724137931034482,-2.5856e-07,3.14323e-09,2.5856e-07,179.298
20.0,0.24137931034482757,-2.87257e-07,3.49247e-09,2.87257e-07,179.292
20.0,0.2655172413793103,-3.18398e-07,3.84173e-09,3.1834e-07,179.298
20.0,0.2896551724137931,-3.47094e-07,4.19098e-09,3.47036e-07,179.298
20.0,0.3137931034482759,-3.7579e-07,4.59843e-09,3.75732e-07,179.298
20.0,0.33793103448275863,-4.04429e-07,4.94768e-09,4.04429e-07,179.298
20.0,0.3620689655172414,-4.33125e-07,5.29693e-09,4.33125e-07,179.298
20.0,0.38620689655172413,-4.61821e-07,5.64617e-09,4.61821e-07,179.298
20.0,0.4103448275862069,-4.9052e-07,5.99542e-09,4.9052e-07,179.298
20.0,0.43448275862068964,-5.19216e-07,6.34466e-09,5.19158e-07,179.298
20.0,0.4586206896551724,-5.47854e-07,6.69391e-09,5.47854e-07,179.298
20.0,0.48275862068965514,-5.76551e-07,7.04316e-09,5.76492e-07,179.298
20.0,0.506896551724138,-6.05247e-07,7.3924e-09,6.05189e-07,179.298
20.0,0.5310344827586206,-6.34176e-07,7.74168e-09,6.34176e-07,179.298
20.0,0.5551724137931034,-6.62872e-07,8.09092e-09,6.62872e-07,179.298
20.0,0.5793103448275863,-6.91511e-07,8.44017e-09,6.91511e-07,179.298
20.0,0.603448275862069,-7.20207e-07,8.78941e-09,7.20265e-07,179.298
20.0,0.6275862068965518,-7.51115e-07,9.19687e-09,7.51115e-07,179.298
20.0,0.6517241379310345,-7.79753e-07,9.48791e-09,7.79753e-07,179.298
20.0,0.6758620689655173,-8.08392e-07,9.89536e-09,8.08392e-07,179.298
20.0,0.7,-8.36972e-07,1.01864e-08,8.36972e-07,179.298
30.0,0.0,-8.36215e-07,2.42727e-08,8.36506e-07,178.338
30.0,0.02413793103448276,-2.87547e-08,8.14911e-10,2.86965e-08,178.272
30.0,0.04827586206896552,-5.74512e-08,1.62982e-09,5.74512e-08,178.338
30.0,0.07241379310344828,-8.60896e-08,2.44474e-09,8.60896e-08,178.338
30.0,0.09655172413793103,-1.14728e-07,3.31785e-09,1.1467e-07,178.338
30.0,0.12068965517241378,-1.43366e-07,4.13277e-09,1.43425e-07,178.338
30.0,0.14482758620689656,-1.72005e-07,4.94768e-09,1.72005e-07,178.338
30.0,0.16896551724137931,-2.00701e-07,5.82079e-09,2.00701e-07,178.338
30.0,0.19310344827586207,-2.29281e-07,6.6357e-09,2.29339e-07,178.332
30.0,0.21724137931034482,-2.57978e-07,7.45064e-09,2.58036e-07,178.338
30.0,0.24137931034482757,-2.86558e-07,8.32375e-09,2.86675e-07,178.332
30.0,0.2655172413793103,-3.17641e-07,9.19687e-09,3.17699e-07,178.338
30.0,0.2896551724137931,-3.46221e-07,1.00118e-08,3.46279e-07,178.332
30.0,0.3137931034482759,-3.74859e-07,1.08267e-08,3.74976e-07,178.338
30.0,0.33793103448275863,-4.03439e-07,1.16998e-08,4.03556e-07,178.332
30.0,0.3620689655172414,-4.32135e-07,1.25147e-08,4.32194e-07,178.338
30.0,0.38620689655172413,-4.60715e-07,1.33878e-08,4.60832e-07,178.332
30.0,0.4103448275862069,-4.89355e-07,1.41445e-08,4.89472e-07,178.338
30.0,0.43448275862068964,-5.17935e-07,1.50177e-08,5.1811e-07,178.332
30.0,0.4586206896551724,-5.46515e-07,1.58326e-08,5.4669e-07,178.338
30.0,0.48275862068965514,-5.75154e-07,1.67057e-08,5.75328e-07,178.332
30.0,0.506896551724138,-6.03733e-07,1.75206e-08,6.03966e-07,178.338
30.0,0.5310344827586206,-6.32721e-07,1.83937e-08,6.32896e-07,178.332
30.0,0.5551724137931034,-6.61243e-07,1.92086e-08,6.61475e-07,178.332
30.0,0.5793103448275863,-6.89881e-07,2.00235e-08,6.90114e-07,178.338
30.0,0.603448275862069,-7.18461e-07,2.08967e-08,7.18694e-07,178.332
30.0,0.6275862068965518,-7.49253e-07,2.17116e-08,7.49485e-07,178.338
30.0,0.6517241379310345,-7.77833e-07,2.25847e-08,7.78124e-07,178.338
30.0,0.6758620689655173,-8.06471e-07,2.33414e-08,8.06762e-07,178.338
30.0,0.7,-8.35051e-07,2.42145e-08,8.35342e-07,178.338
40.0,0.0,-8.33421e-07,4.02217e-08,8.34352e-07,177.234
40.0,0.02413793103448276,-2.87547e-08,1.39699e-09,2.86965e-08,177.21
40.0,0.04827586206896552,-5.72184e-08,2.67757e-09,5.72184e-08,177.264
40.0,0.07241379310344828,-8.57985e-08,4.19098e-09,8.58568e-08,177.198
40.0,0.09655172413793103,-1.14379e-07,5.47155e-09,1.14437e-07,177.246
40.0,0.12068965517241378,-1.42901e-07,6.92674e-09,1.43017e-07,177.21
40.0,0.14482758620689656,-1.71539e-07,8.26554e-09,1.71655e-07,177.24
40.0,0.16896551724137931,-1.99944e-07,9.66253e-09,2.00119e-07,177.222
40.0,0.19310344827586207,-2.28524e-07,1.10595e-08,2.28757e-07,177.222
40.0,0.21724137931034482,-2.57047e-07,1.23983e-08,2.5728e-07,177.24
40.0,0.24137931034482757,-2.85685e-07,1.37371e-08,2.85976e-07,177.24
40.0,0.2655172413793103,-3.16593e-07,1.53087e-08,3.16884e-07,177.222
40.0,0.2896551724137931,-3.45057e-07,1.66475e-08,3.45406e-07,177.234
40.0,0.3137931034482759,-3.7352e-07,1.80445e-08,3.73928e-07,177.228
40.0,0.33793103448275863,-4.02159e-07,1.94997e-08,4.02566e-07,177.222
40.0,0.3620689655172414,-4.30622e-07,2.0722e-08,4.31088e-07,177.24
40.0,0.38620689655172413,-4.5926e-07,2.21772e-08,4.59726e-07,177.228
40.0,0.4103448275862069,-4.87726e-07,2.3516e-08,4.88191e-07,177.24
40.0,0.43448275862068964,-5.16189e-07,2.49712e-08,5.16713e-07,177.228
40.0,0.4586206896551724,-5.44711e-07,2.62518e-08,5.45293e-07,177.234
40.0,0.48275862068965514,-5.73291e-07,2.77652e-08,5.73873e-07,177.222
40.0,0.506896551724138,-6.01696e-07,2.90457e-08,6.02337e-07,177.234
40.0,0.5310344827586206,-6.30625e-07,3.05592e-08,6.31266e-07,177.222
40.0,0.5551724137931034,-6.59089e-07,3.17816e-08,6.59787e-07,177.234
40.0,0.5793103448275863,-6.87611e-07,3.3295e-08,6.88367e-07,177.228
40.0,0.603448275862069,-7.16016e-07,3.45756e-08,7.16831e-07,177.234
40.0,0.6275862068965518,-7.46808e-07,3.61472e-08,7.47623e-07,177.228
40.0,0.6517241379310345,-7.75213e-07,3.7486e-08,7.76086e-07,177.228
40.0,0.6758620689655173,-8.03851e-07,3.88247e-08,8.04725e-07,177.234
40.0,0.7,-8.32373e-07,4.02217e-08,8.33246e-07,177.234
50.0,0.0,-8.30161e-07,6.00126e-08,8.32315e-07,175.86
50.0,0.02413793103448276,-2.91039e-08,1.22237e-09,2.90457e-08,177.57
50.0,0.04827586206896552,-5.60542e-08,3.72532e-09,5.61124e-08,176.154
50.0,0.07241379310344828,-8.48672e-08,6.92674e-09,8.50418e-08,175.326
50.0,0.09655172413793103,-1.14611e-07,8.673e-09,1.14902e-07,175.656
50.0,0.12068965517241378,-1.42901e-07,9.4297e-09,1.43134e-07,176.208
50.0,0.14482758620689656,-1.69734e-07,1.19908e-08,1.70084e-07,175.956
50.0,0.16896551724137931,-1.99362e-07,1.51923e-08,1.99886e-07,175.638
50.0,0.19310344827586207,-2.28175e-07,1.69385e-08,2.28757e-07,175.746
50.0,0.21724137931034482,-2.56814e-07,1.80445e-08,2.57396e-07,175.974
50.0,0.24137931034482757,-2.83473e-07,1.98489e-08,2.84113e-07,175.992
50.0,0.2655172413793103,-3.14265e-07,2.3225e-08,3.1508e-07,175.77
50.0,0.2896551724137931,-3.44184e-07,2.52622e-08,3.45057e-07,175.8
50.0,0.3137931034482759,-3.7224e-07,2.57279e-08,3.73055e-07,176.04
50.0,0.33793103448275863,-3.99306e-07,2.83472e-08,4.00238e-07,175.938
50.0,0.3620689655172414,-4.2905e-07,3.15488e-08,4.30156e-07,175.788
50.0,0.38620689655172413,-4.57747e-07,3.21309e-08,4.58795e-07,175.986
50.0,0.4103448275862069,-4.84757e-07,3.40517e-08,4.85921e-07,175.98
50.0,0.43448275862068964,-5.13104e-07,3.75442e-08,5.14385e-07,175.806
50.0,0.4586206896551724,-5.43139e-07,3.88247e-08,5.44478e-07,175.908
50.0,0.48275862068965514,-5.7073e-07,3.99307e-08,5.72069e-07,175.998
50.0,0.506896551724138,-5.97913e-07,4.26664e-08,5.99426e-07,175.914
50.0,0.5310344827586206,-6.27191e-07,4.59261e-08,6.28821e-07,175.812
50.0,0.5551724137931034,-6.56702e-07,4.76141e-08,6.5839e-07,175.848
50.0,0.5793103448275863,-6.85282e-07,4.88365e-08,6.8697e-07,175.92
50.0,0.603448275862069,-7.12e-07,5.04081e-08,7.13746e-07,175.95
50.0,0.6275862068965518,-7.42384e-07,5.36677e-08,7.44247e-07,175.86
50.0,0.6517241379310345,-7.71488e-07,5.6287e-08,7.73525e-07,175.824
50.0,0.6758620689655173,-8.00766e-07,5.79168e-08,8.02804e-07,175.86
50.0,0.7,-8.28939e-07,5.85571e-08,8.30918e-07,175.956
10.0,0.0,-8.33945e-07,-2.61936e-09,8.33887e-07,-179.82
10.0,0.02413793103448276,-2.86383e-08,-1.16416e-10,2.85801e-08,-179.802
10.0,0.04827586206896552,-5.72766e-08,-2.32832e-10,5.72184e-08,-179.802
10.0,0.07241379310344828,-8.58568e-08,-2.9104e-10,8.57985e-08,-179.82
10.0,0.09655172413793103,-1.14437e-07,-3.49248e-10,1.14379e-07,-179.832
10.0,0.12068965517241378,-1.43017e-07,-4.65665e-10,1.42959e-07,-179.826
10.0,0.14482758620689656,-1.71597e-07,-5.8208e-10,1.71539e-07,-179.82
10.0,0.16896551724137931,-2.00177e-07,-6.40288e-10,2.00119e-07,-179.82
10.0,0.19310344827586207,-2.28699e-07,-7.56703e-10,2.28641e-07,-179.826
10.0,0.21724137931034482,-2.5728e-07,-8.14911e-10,2.57221e-07,-179.82
10.0,0.24137931034482757,-2.8586e-07,-9.3133e-10,2.85801e-07,-179.82
10.0,0.2655172413793103,-3.16768e-07,-1.04775e-09,3.1671e-07,-179.82
10.0,0.2896551724137931,-3.4529e-07,-1.10595e-09,3.45231e-07,-179.826
10.0,0.3137931034482759,-3.7387e-07,-1.22237e-09,3.73811e-07,-179.82
10.0,0.33793103448275863,-4.02391e-07,-1.28058e-09,4.02333e-07,-179.826
10.0,0.3620689655172414,-4.30913e-07,-1.33878e-09,4.30855e-07,-179.82
10.0,0.38620689655172413,-4.59493e-07,-1.4552e-09,4.59435e-07,-179.82
10.0,0.4103448275862069,-4.88017e-07,-1.51341e-09,4.87958e-07,-179.826
10.0,0.43448275862068964,-5.16597e-07,-1.62982e-09,5.16538e-07,-179.82
10.0,0.4586206896551724,-5.45118e-07,-1.74624e-09,5.4506e-07,-179.82
10.0,0.48275862068965514,-5.7364e-07,-1.80444e-09,5.73582e-07,-179.82
10.0,0.506896551724138,-6.0222e-07,-1.92087e-09,6.02162e-07,-179.82
10.0,0.5310344827586206,-6.31033e-07,-1.97907e-09,6.30975e-07,-179.82
10.0,0.5551724137931034,-6.59613e-07,-2.03728e-09,6.59555e-07,-179.826
10.0,0.5793103448275863,-6.88076e-07,-2.1537e-09,6.88018e-07,-179.82
10.0,0.603448275862069,-7.16656e-07,-2.27011e-09,7.16598e-07,-179.82
10.0,0.6275862068965518,-7.47274e-07,-2.38653e-09,7.47215e-07,-179.82
10.0,0.6517241379310345,-7.75854e-07,-2.44474e-09,7.75795e-07,-179.82
10.0,0.6758620689655173,-8.04434e-07,-2.50294e-09,8.04375e-07,-179.82
10.0,0.7,-8.32897e-07,-2.61936e-09,8.32839e-07,-179.82
20.0,0.0,-8.32606e-07,1.01282e-08,8.32606e-07,179.298
20.0,0.02413793103448276,-2.86383e-08,2.9104e-10,2.85801e-08,179.334
20.0,0.04827586206896552,-5.72184e-08,6.98495e-10,5.71602e-08,179.298
20.0,0.07241379310344828,-8.57403e-08,9.89537e-10,8.56821e-08,179.31
20.0,0.09655172413793103,-1.14262e-07,1.39699e-09,1.14204e-07,179.298
20.0,0.12068965517241378,-1.42784e-07,1.68803e-09,1.42726e-07,179.304
20.0,0.14482758620689656,-1.71306e-07,2.09549e-09,1.71248e-07,179.298
20.0,0.16896551724137931,-1.99828e-07,2.38653e-09,1.9977e-07,179.304
20.0,0.19310344827586207,-2.2835e-07,2.79398e-09,2.2835e-07,179.298
20.0,0.21724137931034482,-2.56872e-07,3.08502e-09,2.56872e-07,179.298
20.0,0.24137931034482757,-2.85394e-07,3.49247e-09,2.85336e-07,179.298
20.0,0.2655172413793103,-3.16302e-07,3.84173e-09,3.16244e-07,179.298
20.0,0.2896551724137931,-3.44766e-07,4.19098e-09,3.44766e-07,179.304
20.0,0.3137931034482759,-3.73288e-07,4.54023e-09,3.73288e-07,179.298
20.0,0.33793103448275863,-4.01751e-07,4.88947e-09,4.01751e-07,179.298
20.0,0.3620689655172414,-4.30273e-07,5.23872e-09,4.30273e-07,179.298
20.0,0.38620689655172413,-4.58795e-07,5.58796e-09,4.58736e-07,179.298
20.0,0.4103448275862069,-4.8726e-07,5.93721e-09,4.8726e-07,179.298
20.0,0.43448275862068964,-5.15782e-07,6.28646e-09,5.15724e-07,179.298
20.0,0.4586206896551724,-5.44245e-07,6.6357e-09,5.44187e-07,179.298
20.0,0.48275862068965514,-5.72709e-07,6.98495e-09,5.72709e-07,179.298
20.0,0.506896551724138,-6.01231e-07,7.27599e-09,6.01231e-07,179.298
20.0,0.5310344827586206,-6.30043e-07,7.68347e-09,6.29985e-07,179.298
20.0,0.5551724137931034,-6.58507e-07,8.03271e-09,6.58507e-07,179.298
20.0,0.5793103448275863,-6.8697e-07,8.38196e-09,6.87029e-07,179.298
20.0,0.603448275862069,-7.15492e-07,8.73121e-09,7.15492e-07,179.298
20.0,0.6275862068965518,-7.46168e-07,9.08045e-09,7.46168e-07,179.298
20.0,0.6517241379310345,-7.74631e-07,9.4297e-09,7.74631e-07,179.298
20.0,0.6758620689655173,-8.03153e-07,9.77894e-09,8.03153e-07,179.298
20.0,0.7,-8.31616e-07,1.01282e-08,8.31616e-07,179.298
30.0,0.0,-8.30685e-07,2.40981e-08,8.30976e-07,178.338
30.0,0.02413793103448276,-2.85801e-08,8.14911e-10,2.85219e-08,178.332
30.0,0.04827586206896552,-5.70437e-08,1.62982e-09,5.70437e-08,178.326
30.0,0.07241379310344828,-8.55075e-08,2.44474e-09,8.55075e-08,178.35
30.0,0.09655172413793103,-1.13971e-07,3.31785e-09,1.13971e-07,178.326
30.0,0.12068965517241378,-1.42435e-07,4.13277e-09,1.42493e-07,178.338
30.0,0.14482758620689656,-1.70899e-07,4.94768e-09,1.70957e-07,178.338
30.0,0.16896551724137931,-1.99362e-07,5.76259e-09,1.9942e-07,178.344
30.0,0.19310344827586207,-2.27826e-07,6.57749e-09,2.27884e-07,178.332
30.0,0.21724137931034482,-2.5629e-07,7.3924e-09,2.56348e-07,178.338
30.0,0.24137931034482757,-2.84754e-07,8.26554e-09,2.84812e-07,178.338
30.0,0.2655172413793103,-3.15546e-07,9.13866e-09,3.15604e-07,178.338
30.0,0.2896551724137931,-3.44009e-07,9.95357e-09,3.44067e-07,178.338
30.0,0.3137931034482759,-3.72473e-07,1.07685e-08,3.72531e-07,178.338
30.0,0.33793103448275863,-4.00878e-07,1.15834e-08,4.00994e-07,178.338
30.0,0.3620689655172414,-4.29283e-07,1.24565e-08,4.294e-07,178.338
30.0,0.38620689655172413,-4.57747e-07,1.32132e-08,4.57921e-07,178.338
30.0,0.4103448275862069,-4.86154e-07,1.40863e-08,4.86329e-07,178.338
30.0,0.43448275862068964,-5.14618e-07,1.49013e-08,5.14734e-07,178.338
30.0,0.4586206896551724,-5.43023e-07,1.57162e-08,5.43198e-07,178.338
30.0,0.48275862068965514,-5.71486e-07,1.65311e-08,5.71661e-07,178.338
30.0,0.506896551724138,-5.99892e-07,1.74042e-08,6.00125e-07,178.338
30.0,0.5310344827586206,-6.28646e-07,1.82191e-08,6.28821e-07,178.338
30.0,0.5551724137931034,-6.5711e-07,1.9034e-08,6.57285e-07,178.338
30.0,0.5793103448275863,-6.85457e-07,1.98489e-08,6.8569e-07,178.338
30.0,0.603448275862069,-7.13921e-07,2.06638e-08,7.14153e-07,178.338
30.0,0.6275862068965518,-7.4448e-07,2.15952e-08,7.44712e-07,178.338
30.0,0.6517241379310345,-7.72885e-07,2.23519e-08,7.73176e-07,178.338
30.0,0.6758620689655173,-8.01349e-07,2.3225e-08,8.0164e-07,178.338
30.0,0.7,-8.29696e-07,2.40399e-08,8.29987e-07,178.338
40.0,0.0,-8.28182e-07,3.99889e-08,8.29055e-07,177.234
40.0,0.02413793103448276,-2.84055e-08,1.28058e-09,2.84055e-08,177.312
40.0,0.04827586206896552,-5.69273e-08,2.79398e-09,5.69273e-08,177.18
40.0,0.07241379310344828,-8.52165e-08,4.01636e-09,8.52747e-08,177.27
40.0,0.09655172413793103,-1.1368e-07,5.52976e-09,1.13738e-07,177.216
40.0,0.12068965517241378,-1.41969e-07,6.86853e-09,1.42086e-07,177.216
40.0,0.14482758620689656,-1.70375e-07,8.14913e-09,1.70549e-07,177.258
40.0,0.16896551724137931,-1.98722e-07,9.66253e-09,1.98896e-07,177.216
40.0,0.19310344827586207,-2.27127e-07,1.08849e-08,2.2736e-07,177.246
40.0,0.21724137931034482,-2.55475e-07,1.22819e-08,2.55708e-07,177.246
40.0,0.24137931034482757,-2.83939e-07,1.36789e-08,2.84172e-07,177.234
40.0,0.2655172413793103,-3.14556e-07,1.50759e-08,3.14905e-07,177.246
40.0,0.2896551724137931,-3.42845e-07,1.65311e-08,3.43194e-07,177.234
40.0,0.3137931034482759,-3.71367e-07,1.79281e-08,3.71716e-07,177.234
40.0,0.33793103448275863,-3.99656e-07,1.93251e-08,4.00063e-07,177.228
40.0,0.3620689655172414,-4.27886e-07,2.06638e-08,4.28352e-07,177.234
40.0,0.38620689655172413,-4.5635e-07,2.20026e-08,4.56874e-07,177.234
40.0,0.4103448275862069,-4.84582e-07,2.33996e-08,4.85106e-07,177.234
40.0,0.43448275862068964,-5.13046e-07,2.47966e-08,5.1357e-07,177.234
40.0,0.4586206896551724,-5.41277e-07,2.61936e-08,5.41859e-07,177.228
40.0,0.48275862068965514,-5.69682e-07,2.74741e-08,5.70322e-07,177.234
40.0,0.506896551724138,-5.97913e-07,2.88711e-08,5.98553e-07,177.234
40.0,0.5310344827586206,-6.26726e-07,3.021e-08,6.27366e-07,177.234
40.0,0.5551724137931034,-6.54956e-07,3.15488e-08,6.55655e-07,177.24
40.0,0.5793103448275863,-6.83245e-07,3.30622e-08,6.84002e-07,177.228
40.0,0.603448275862069,-7.11709e-07,3.43427e-08,7.12465e-07,177.234
40.0,0.6275862068965518,-7.41977e-07,3.57979e-08,7.42792e-07,177.24
40.0,0.6517241379310345,-7.7044e-07,3.72531e-08,7.71313e-07,177.228
40.0,0.6758620689655173,-7.98846e-07,3.85337e-08,7.99719e-07,177.234
40.0,0.7,-8.27134e-07,3.99889e-08,8.28008e-07,177.228
50.0,0.0,-8.23409e-07,5.95467e-08,8.25505e-07,175.86
50.0,0.02413793103448276,-2.81726e-08,2.9686e-09,2.8289e-08,173.922
50.0,0.04827586206896552,-5.74512e-08,4.59843e-09,5.75676e-08,175.386
50.0,0.07241379310344828,-8.53329e-08,5.18051e-09,8.53911e-08,176.508
50.0,0.09655172413793103,-1.12167e-07,7.9163e-09,1.12341e-07,175.956
50.0,0.12068965517241378,-1.41446e-07,1.10595e-08,1.41853e-07,175.512
50.0,0.14482758620689656,-1.702e-07,1.13506e-08,1.70491e-07,176.178
50.0,0.16896551724137931,-1.96859e-07,1.40281e-08,1.97325e-07,175.92
50.0,0.19310344827586207,-2.25556e-07,1.7055e-08,2.26138e-07,175.674
50.0,0.21724137931034482,-2.54893e-07,1.89758e-08,2.55533e-07,175.728
50.0,0.24137931034482757,-2.83473e-07,1.99653e-08,2.84113e-07,175.962
50.0,0.2655172413793103,-3.12693e-07,2.15369e-08,3.13334e-07,176.058
50.0,0.2896551724137931,-3.40633e-07,2.51458e-08,3.41506e-07,175.776
50.0,0.3137931034482759,-3.70494e-07,2.67756e-08,3.71425e-07,175.86
50.0,0.33793103448275863,-3.98084e-07,2.75905e-08,3.99015e-07,176.034
50.0,0.3620689655172414,-4.25267e-07,2.98025e-08,4.26257e-07,175.98
50.0,0.38620689655172413,-4.53323e-07,3.3004e-08,4.54487e-07,175.83
50.0,0.4103448275862069,-4.82953e-07,3.53905e-08,4.84175e-07,175.806
50.0,0.43448275862068964,-5.11183e-07,3.57397e-08,5.12347e-07,175.998
50.0,0.4586206896551724,-5.38133e-07,3.78934e-08,5.39414e-07,175.968
50.0,0.48275862068965514,-5.66073e-07,4.07456e-08,5.6747e-07,175.884
50.0,0.506896551724138,-5.94478e-07,4.32485e-08,5.95992e-07,175.836
50.0,0.5310344827586206,-6.23932e-07,4.5635e-08,6.25561e-07,175.812
50.0,0.5551724137931034,-6.52977e-07,4.68574e-08,6.54549e-07,175.896
50.0,0.5793103448275863,-6.79869e-07,4.77887e-08,6.81499e-07,175.98
50.0,0.603448275862069,-7.07401e-07,5.07573e-08,7.09148e-07,175.896
50.0,0.6275862068965518,-7.38251e-07,5.37259e-08,7.40114e-07,175.836
50.0,0.6517241379310345,-7.67704e-07,5.55303e-08,7.69625e-07,175.86
50.0,0.6758620689655173,-7.95178e-07,5.5996e-08,7.97099e-07,175.974
50.0,0.7,-8.22361e-07,5.9081e-08,8.24457e-07,175.89
