f,v,x,y,r,theta
10.0,0.0,-8.62001e-07,-9.89537e-10,8.61943e-07,-179.934
10.0,0.0020689655172413794,-8.61943e-07,-9.89537e-10,8.61884e-07,-179.94
10.0,0.004137931034482759,-5.23289e-08,5.82081e-11,5.22707e-08,179.928
10.0,0.0062068965517241385,-7.85808e-08,-1.74624e-10,7.85226e-08,-179.904
10.0,0.008275862068965517,-1.046e-07,-1.74624e-10,1.04541e-07,-179.928
10.0,0.010344827586206896,-1.30794e-07,-1.74624e-10,1.30735e-07,-179.928
10.0,0.012413793103448277,-1.56929e-07,-1.74624e-10,1.56871e-07,-179.94
10.0,0.014482758620689656,-1.83006e-07,-2.32832e-10,1.82948e-07,-179.94
10.0,0.016551724137931035,-2.09199e-07,-2.9104e-10,2.09141e-07,-179.934
10.0,0.018620689655172416,-2.35334e-07,-2.9104e-10,2.35276e-07,-179.934
10.0,0.020689655172413793,-2.61529e-07,-3.49248e-10,2.61471e-07,-179.934
10.0,0.022758620689655173,-2.87664e-07,-3.49248e-10,2.87606e-07,-179.94
10.0,0.024827586206896554,-3.13858e-07,-4.65665e-10,3.13799e-07,-179.922
10.0,0.02689655172413793,-3.39818e-07,-4.07455e-10,3.3976e-07,-179.94
10.0,0.028965517241379312,-3.65953e-07,-4.07455e-10,3.65895e-07,-179.94
10.0,0.03103448275862069,-3.92089e-07,-4.65665e-10,3.9203e-07,-179.94
10.0,0.03310344827586207,-4.18049e-07,-5.23873e-10,4.17991e-07,-179.934
10.0,0.03517241379310345,-4.44243e-07,-5.23873e-10,4.44184e-07,-179.94
10.0,0.03724137931034483,-4.70436e-07,-5.23873e-10,4.70378e-07,-179.94
10.0,0.039310344827586205,-4.96457e-07,-5.8208e-10,4.96399e-07,-179.934
10.0,0.041379310344827586,-5.22592e-07,-5.8208e-10,5.22534e-07,-179.94
10.0,0.043448275862068966,-5.48727e-07,-6.40288e-10,5.48669e-07,-179.934
10.0,0.04551724137931035,-6.00998e-07,-7.56703e-10,6.0094e-07,-179.934
10.0,0.04758620689655173,-6.27191e-07,-7.56703e-10,6.27133e-07,-179.934
10.0,0.04965517241379311,-6.53385e-07,-7.56703e-10,6.53326e-07,-179.934
10.0,0.05172413793103448,-6.79403e-07,-8.14911e-10,6.79345e-07,-179.934
10.0,0.05379310344827586,-7.05539e-07,-8.73118e-10,7.0548e-07,-179.928
10.0,0.05586206896551724,-7.31732e-07,-8.73118e-10,7.31674e-07,-179.934
10.0,0.057931034482758624,-7.57867e-07,-8.14911e-10,7.57809e-07,-179.94
10.0,0.06,-7.83886e-07,-8.73118e-10,7.83828e-07,-179.94
20.0,0.0,-7.83537e-07,1.24565e-08,7.83595e-07,179.088
20.0,0.0020689655172413794,-7.83537e-07,1.24565e-08,7.83595e-07,179.088
20.0,0.004137931034482759,-5.23871e-08,8.14911e-10,5.23289e-08,179.088
20.0,0.0062068965517241385,-7.84644e-08,1.22237e-09,7.84062e-08,179.1
20.0,0.008275862068965517,-1.046e-07,1.62982e-09,1.04541e-07,179.088
20.0,0.010344827586206896,-1.30677e-07,2.03728e-09,1.30619e-07,179.094
20.0,0.012413793103448277,-1.56812e-07,2.44474e-09,1.56812e-07,179.088
20.0,0.014482758620689656,-1.82948e-07,2.85219e-09,1.82889e-07,179.094
20.0,0.016551724137931035,-2.09141e-07,3.31785e-09,2.09141e-07,179.088
20.0,0.018620689655172416,-2.35218e-07,3.72532e-09,2.35218e-07,179.082
20.0,0.020689655172413793,-2.61412e-07,4.13277e-09,2.61354e-07,179.088
20.0,0.022758620689655173,-2.87489e-07,4.54023e-09,2.87431e-07,179.088
20.0,0.024827586206896554,-3.13625e-07,4.94768e-09,3.13566e-07,179.088
20.0,0.02689655172413793,-3.39702e-07,5.35513e-09,3.39644e-07,179.088
20.0,0.028965517241379312,-3.65837e-07,5.82079e-09,3.65837e-07,179.088
20.0,0.03103448275862069,-3.91856e-07,6.22825e-09,3.91856e-07,179.088
20.0,0.03310344827586207,-4.17816e-07,6.6357e-09,4.17875e-07,179.088
20.0,0.03517241379310345,-4.4401e-07,7.04316e-09,4.4401e-07,179.088
20.0,0.03724137931034483,-4.70145e-07,7.45064e-09,4.70203e-07,179.088
20.0,0.039310344827586205,-4.96224e-07,7.85809e-09,4.96224e-07,179.088
20.0,0.041379310344827586,-5.22359e-07,8.32375e-09,5.22359e-07,179.088
20.0,0.043448275862068966,-5.48494e-07,8.73121e-09,5.48494e-07,179.082
20.0,0.04551724137931035,-6.00648e-07,9.60432e-09,6.00648e-07,179.082
20.0,0.04758620689655173,-6.26842e-07,9.83715e-09,6.26842e-07,179.1
20.0,0.04965517241379311,-6.52919e-07,1.04192e-08,6.52977e-07,179.082
20.0,0.05172413793103448,-6.79171e-07,1.08267e-08,6.79229e-07,179.082
20.0,0.05379310344827586,-7.05248e-07,1.12341e-08,7.05306e-07,179.082
20.0,0.05586206896551724,-7.31383e-07,1.16416e-08,7.31441e-07,179.088
20.0,0.057931034482758624,-7.57344e-07,1.2049e-08,7.57402e-07,179.082
20.0,0.06,-7.83537e-07,1.24565e-08,7.83595e-07,179.088
30.0,0.0,-7.82489e-07,2.70085e-08,7.82897e-07,178.02
30.0,0.0020689655172413794,-7.82606e-07,2.70085e-08,7.83013e-07,178.02
30.0,0.004137931034482759,-5.22707e-08,1.74624e-09,5.22707e-08,178.026
30.0,0.0062068965517241385,-7.84062e-08,2.67757e-09,7.8348e-08,178.026
30.0,0.008275862068965517,-1.04483e-07,3.55068e-09,1.04483e-07,178.026
30.0,0.010344827586206896,-1.30502e-07,4.48202e-09,1.30502e-07,178.026
30.0,0.012413793103448277,-1.56696e-07,5.35513e-09,1.56754e-07,178.026
30.0,0.014482758620689656,-1.82715e-07,6.28646e-09,1.82773e-07,178.026
30.0,0.016551724137931035,-2.08908e-07,7.15957e-09,2.08966e-07,178.026
30.0,0.018620689655172416,-2.34985e-07,8.09092e-09,2.35043e-07,178.026
30.0,0.020689655172413793,-2.61063e-07,8.96404e-09,2.6118e-07,178.026
30.0,0.022758620689655173,-2.8714e-07,9.89536e-09,2.87257e-07,178.026
30.0,0.024827586206896554,-3.13217e-07,1.07685e-08,3.13334e-07,178.026
30.0,0.02689655172413793,-3.39294e-07,1.16416e-08,3.39411e-07,178.026
30.0,0.028965517241379312,-3.6543e-07,1.26311e-08,3.65604e-07,178.02
30.0,0.03103448275862069,-3.91448e-07,1.3446e-08,3.91623e-07,178.026
30.0,0.03310344827586207,-4.17409e-07,1.43773e-08,4.17584e-07,178.026
30.0,0.03517241379310345,-4.43486e-07,1.52505e-08,4.43661e-07,178.026
30.0,0.03724137931034483,-4.69621e-07,1.61818e-08,4.69854e-07,178.026
30.0,0.039310344827586205,-4.957e-07,1.7055e-08,4.95933e-07,178.026
30.0,0.041379310344827586,-5.21777e-07,1.79863e-08,5.2201e-07,178.026
30.0,0.043448275862068966,-5.47854e-07,1.88594e-08,5.48087e-07,178.026
30.0,0.04551724137931035,-5.9995e-07,2.06638e-08,6.00299e-07,178.026
30.0,0.04758620689655173,-6.26085e-07,2.15952e-08,6.26376e-07,178.026
30.0,0.04965517241379311,-6.5222e-07,2.24683e-08,6.52512e-07,178.026
30.0,0.05172413793103448,-6.78239e-07,2.33414e-08,6.78589e-07,178.026
30.0,0.05379310344827586,-7.04375e-07,2.43309e-08,7.04782e-07,178.02
30.0,0.05586206896551724,-7.30452e-07,2.5204e-08,7.30801e-07,178.02
30.0,0.057931034482758624,-7.5647e-07,2.60771e-08,7.56878e-07,178.026
30.0,0.06,-7.82664e-07,2.69503e-08,7.83071e-07,178.026
40.0,0.0,-7.80801e-07,4.34814e-08,7.81907e-07,176.814
40.0,0.0020689655172413794,-7.80801e-07,4.33649e-08,7.81965e-07,176.82
40.0,0.004137931034482759,-5.21543e-08,2.79398e-09,5.21543e-08,176.886
40.0,0.0062068965517241385,-7.81733e-08,4.3074e-09,7.82898e-08,176.826
40.0,0.008275862068965517,-1.04134e-07,5.82079e-09,1.0425e-07,176.796
40.0,0.010344827586206896,-1.3027e-07,7.15957e-09,1.30386e-07,176.85
40.0,0.012413793103448277,-1.5623e-07,8.673e-09,1.56405e-07,176.814
40.0,0.014482758620689656,-1.82366e-07,1.00118e-08,1.8254e-07,176.838
40.0,0.016551724137931035,-2.08326e-07,1.15834e-08,2.08617e-07,176.814
40.0,0.018620689655172416,-2.34403e-07,1.30968e-08,2.34752e-07,176.802
40.0,0.020689655172413793,-2.60481e-07,1.44938e-08,2.6083e-07,176.808
40.0,0.022758620689655173,-2.86558e-07,1.58908e-08,2.86907e-07,176.826
40.0,0.024827586206896554,-3.12402e-07,1.72878e-08,3.1281e-07,176.826
40.0,0.02689655172413793,-3.38596e-07,1.8743e-08,3.39061e-07,176.82
40.0,0.028965517241379312,-3.64498e-07,2.01982e-08,3.64964e-07,176.82
40.0,0.03103448275862069,-3.90633e-07,2.17116e-08,3.91157e-07,176.808
40.0,0.03310344827586207,-4.16361e-07,2.31086e-08,4.16943e-07,176.814
40.0,0.03517241379310345,-4.42496e-07,2.45637e-08,4.43137e-07,176.82
40.0,0.03724137931034483,-4.68457e-07,2.60189e-08,4.69097e-07,176.814
40.0,0.039310344827586205,-4.94594e-07,2.74741e-08,4.95293e-07,176.814
40.0,0.041379310344827586,-5.20497e-07,2.88711e-08,5.21253e-07,176.82
40.0,0.043448275862068966,-5.46515e-07,3.04428e-08,5.47272e-07,176.808
40.0,0.04551724137931035,-5.98553e-07,3.31786e-08,5.99426e-07,176.82
40.0,0.04758620689655173,-6.2463e-07,3.47502e-08,6.25561e-07,176.814
40.0,0.04965517241379311,-6.50707e-07,3.61472e-08,6.51638e-07,176.82
40.0,0.05172413793103448,-6.76609e-07,3.76024e-08,6.77599e-07,176.814
40.0,0.05379310344827586,-7.02745e-07,3.91158e-08,7.03792e-07,176.814
40.0,0.05586206896551724,-7.28764e-07,4.04546e-08,7.29811e-07,176.82
40.0,0.057931034482758624,-7.54782e-07,4.20262e-08,7.55888e-07,176.808
40.0,0.06,-7.80801e-07,4.33067e-08,7.81965e-07,176.82
50.0,0.0,-7.77949e-07,6.39125e-08,7.8051e-07,175.302
50.0,0.0020689655172413794,-7.78939e-07,6.29229e-08,7.81383e-07,175.38
50.0,0.004137931034482759,-5.23871e-08,3.08502e-09,5.23871e-08,176.61
50.0,0.0062068965517241385,-7.68346e-08,5.76259e-09,7.70092e-08,175.68
50.0,0.008275862068965517,-1.03144e-07,9.25507e-09,1.03494e-07,174.864
50.0,0.010344827586206896,-1.30444e-07,1.13506e-08,1.3091e-07,175.02
50.0,0.012413793103448277,-1.56754e-07,1.2049e-08,1.57162e-07,175.584
50.0,0.014482758620689656,-1.81376e-07,1.35042e-08,1.81842e-07,175.734
50.0,0.016551724137931035,-2.06463e-07,1.67057e-08,2.07104e-07,175.368
50.0,0.018620689655172416,-2.33472e-07,1.99653e-08,2.34287e-07,175.11
50.0,0.020689655172413793,-2.60598e-07,2.12459e-08,2.61412e-07,175.332
50.0,0.022758620689655173,-2.85976e-07,2.20026e-08,2.86733e-07,175.596
50.0,0.024827586206896554,-3.10423e-07,2.43891e-08,3.11355e-07,175.506
50.0,0.02689655172413793,-3.36326e-07,2.78816e-08,3.37432e-07,175.26
50.0,0.028965517241379312,-3.63625e-07,3.03264e-08,3.64847e-07,175.224
50.0,0.03103448275862069,-3.90168e-07,3.10249e-08,3.91332e-07,175.446
50.0,0.03310344827586207,-4.14731e-07,3.23637e-08,4.15954e-07,175.536
50.0,0.03517241379310345,-4.39586e-07,3.53905e-08,4.40925e-07,175.392
50.0,0.03724137931034483,-4.66362e-07,3.87083e-08,4.67875e-07,175.248
50.0,0.039310344827586205,-4.93546e-07,4.03963e-08,4.95176e-07,175.32
50.0,0.041379310344827586,-5.19391e-07,4.10366e-08,5.20962e-07,175.482
50.0,0.043448275862068966,-5.43605e-07,4.30739e-08,5.45235e-07,175.464
50.0,0.04551724137931035,-5.95293e-07,4.872e-08,5.97214e-07,175.32
50.0,0.04758620689655173,-6.22651e-07,5.12812e-08,6.24688e-07,175.29
50.0,0.04965517241379311,-6.49368e-07,5.23289e-08,6.51406e-07,175.392
50.0,0.05172413793103448,-6.74514e-07,5.33184e-08,6.76551e-07,175.476
50.0,0.05379310344827586,-6.99078e-07,5.59378e-08,7.01231e-07,175.422
50.0,0.05586206896551724,-7.25155e-07,5.93138e-08,7.27483e-07,175.32
50.0,0.057931034482758624,-7.52279e-07,6.17006e-08,7.54782e-07,175.308
50.0,0.06,-7.78997e-07,6.26901e-08,7.81441e-07,175.398
10.0,0.0,-7.83944e-07,-8.73118e-10,7.83886e-07,-179.94
10.0,0.0020689655172413794,-7.83944e-07,-8.73118e-10,7.83886e-07,-179.94
10.0,0.004137931034482759,-5.23871e-08,-1.16416e-10,5.23289e-08,-179.928
10.0,0.0062068965517241385,-7.85226e-08,-1.16416e-10,7.84644e-08,-179.928
10.0,0.008275862068965517,-1.04658e-07,-1.74624e-10,1.046e-07,-179.928
10.0,0.010344827586206896,-1.30794e-07,-1.74624e-10,1.30735e-07,-179.94
10.0,0.012413793103448277,-1.56929e-07,-1.74624e-10,1.56871e-07,-179.94
10.0,0.014482758620689656,-1.83006e-07,-2.32832e-10,1.82948e-07,-179.94
10.0,0.016551724137931035,-2.09257e-07,-2.9104e-10,2.09199e-07,-179.928
10.0,0.018620689655172416,-2.35393e-07,-2.9104e-10,2.35334e-07,-179.934
10.0,0.020689655172413793,-2.61529e-07,-3.49248e-10,2.61471e-07,-179.934
10.0,0.022758620689655173,-2.87664e-07,-3.49248e-10,2.87606e-07,-179.934
10.0,0.024827586206896554,-3.13741e-07,-4.07455e-10,3.13683e-07,-179.934
10.0,0.02689655172413793,-3.39818e-07,-4.07455e-10,3.3976e-07,-179.94
10.0,0.028965517241379312,-3.66012e-07,-4.07455e-10,3.65953e-07,-179.94
10.0,0.03103448275862069,-3.92147e-07,-4.65665e-10,3.92089e-07,-179.94
10.0,0.03310344827586207,-4.18107e-07,-5.23873e-10,4.18049e-07,-179.934
10.0,0.03517241379310345,-4.44184e-07,-5.23873e-10,4.44126e-07,-179.934
10.0,0.03724137931034483,-4.70378e-07,-5.8208e-10,4.7032e-07,-179.934
10.0,0.039310344827586205,-4.9634e-07,-4.07455e-10,4.96282e-07,-179.952
10.0,0.041379310344827586,-5.2201e-07,-8.14911e-10,5.21952e-07,-179.916
10.0,0.043448275862068966,-5.48669e-07,-6.40288e-10,5.48611e-07,-179.94
10.0,0.04551724137931035,-6.00823e-07,-6.98495e-10,6.00765e-07,-179.934
10.0,0.04758620689655173,-6.27191e-07,-7.56703e-10,6.27133e-07,-179.934
10.0,0.04965517241379311,-6.53268e-07,-7.56703e-10,6.5321e-07,-179.934
10.0,0.05172413793103448,-6.79462e-07,-8.14911e-10,6.79403e-07,-179.934
10.0,0.05379310344827586,-7.05539e-07,-8.14911e-10,7.0548e-07,-179.934
10.0,0.05586206896551724,-7.31674e-07,-8.73118e-10,7.31616e-07,-179.934
10.0,0.057931034482758624,-7.57693e-07,-8.73118e-10,7.57635e-07,-179.934
10.0,0.06,-7.83944e-07,-8.73118e-10,7.83886e-07,-179.94
20.0,0.0,-7.83479e-07,1.24565e-08,7.83537e-07,179.088
20.0,0.0020689655172413794,-7.83479e-07,1.25147e-08,7.83537e-07,179.082
20.0,0.004137931034482759,-5.23871e-08,8.14911e-10,5.23289e-08,179.088
20.0,0.0062068965517241385,-7.84644e-08,1.22237e-09,7.84062e-08,179.1
20.0,0.008275862068965517,-1.046e-07,1.62982e-09,1.04541e-07,179.088
20.0,0.010344827586206896,-1.30677e-07,2.09549e-09,1.30677e-07,179.082
20.0,0.012413793103448277,-1.56871e-07,2.44474e-09,1.56812e-07,179.088
20.0,0.014482758620689656,-1.82948e-07,2.9104e-09,1.82889e-07,179.082
20.0,0.016551724137931035,-2.09141e-07,3.31785e-09,2.09083e-07,179.088
20.0,0.018620689655172416,-2.35276e-07,3.72532e-09,2.35218e-07,179.082
20.0,0.020689655172413793,-2.61412e-07,4.13277e-09,2.61354e-07,179.088
20.0,0.022758620689655173,-2.87489e-07,4.59843e-09,2.87431e-07,179.082
20.0,0.024827586206896554,-3.13566e-07,5.00589e-09,3.13566e-07,179.082
20.0,0.02689655172413793,-3.39644e-07,5.41334e-09,3.39644e-07,179.082
20.0,0.028965517241379312,-3.65837e-07,5.82079e-09,3.65779e-07,179.088
20.0,0.03103448275862069,-3.91856e-07,6.22825e-09,3.91856e-07,179.082
20.0,0.03310344827586207,-4.17875e-07,6.6357e-09,4.17875e-07,179.088
20.0,0.03517241379310345,-4.4401e-07,7.04316e-09,4.4401e-07,179.088
20.0,0.03724137931034483,-4.70145e-07,7.45064e-09,4.70145e-07,179.088
20.0,0.039310344827586205,-4.96224e-07,7.85809e-09,4.96224e-07,179.088
20.0,0.041379310344827586,-5.22417e-07,8.32375e-09,5.22417e-07,179.088
20.0,0.043448275862068966,-5.48494e-07,8.73121e-09,5.48494e-07,179.082
20.0,0.04551724137931035,-6.0059e-07,9.54611e-09,6.0059e-07,179.088
20.0,0.04758620689655173,-6.26784e-07,9.95357e-09,6.26784e-07,179.088
20.0,0.04965517241379311,-6.52919e-07,1.0361e-08,6.52919e-07,179.088
20.0,0.05172413793103448,-6.79112e-07,1.08267e-08,6.79112e-07,179.088
20.0,0.05379310344827586,-7.05189e-07,1.11759e-08,7.05189e-07,179.088
20.0,0.05586206896551724,-7.31383e-07,1.16416e-08,7.31441e-07,179.088
20.0,0.057931034482758624,-7.57402e-07,1.2049e-08,7.5746e-07,179.082
20.0,0.06,-7.83537e-07,1.24565e-08,7.83595e-07,179.088
30.0,0.0,-7.82547e-07,2.69503e-08,7.82955e-07,178.026
30.0,0.0020689655172413794,-7.82547e-07,2.70085e-08,7.82955e-07,178.02
30.0,0.004137931034482759,-5.22707e-08,1.74624e-09,5.22707e-08,178.026
30.0,0.0062068965517241385,-7.8348e-08,2.67757e-09,7.8348e-08,178.026
30.0,0.008275862068965517,-1.04483e-07,3.55068e-09,1.04483e-07,178.026
30.0,0.010344827586206896,-1.30502e-07,4.48202e-09,1.30502e-07,178.026
30.0,0.012413793103448277,-1.56638e-07,5.35513e-09,1.56696e-07,178.026
30.0,0.014482758620689656,-1.82715e-07,6.28646e-09,1.82715e-07,178.026
30.0,0.016551724137931035,-2.0885e-07,7.15957e-09,2.08908e-07,178.038
30.0,0.018620689655172416,-2.34927e-07,8.09092e-09,2.35043e-07,178.026
30.0,0.020689655172413793,-2.61063e-07,8.96404e-09,2.6118e-07,178.026
30.0,0.022758620689655173,-2.8714e-07,9.89536e-09,2.87198e-07,178.026
30.0,0.024827586206896554,-3.13217e-07,1.07685e-08,3.13334e-07,178.026
30.0,0.02689655172413793,-3.39294e-07,1.16416e-08,3.39411e-07,178.026
30.0,0.028965517241379312,-3.65371e-07,1.25729e-08,3.65546e-07,178.026
30.0,0.03103448275862069,-3.9139e-07,1.3446e-08,3.91565e-07,178.026
30.0,0.03310344827586207,-4.17293e-07,1.43773e-08,4.17467e-07,178.026
30.0,0.03517241379310345,-4.4337e-07,1.52505e-08,4.43602e-07,178.026
30.0,0.03724137931034483,-4.69505e-07,1.61818e-08,4.69738e-07,178.026
30.0,0.039310344827586205,-4.95525e-07,1.7055e-08,4.95758e-07,178.026
30.0,0.041379310344827586,-5.21719e-07,1.79863e-08,5.21952e-07,178.02
30.0,0.043448275862068966,-5.47796e-07,1.88594e-08,5.48029e-07,178.026
30.0,0.04551724137931035,-5.99892e-07,2.06638e-08,6.00183e-07,178.026
30.0,0.04758620689655173,-6.26085e-07,2.15952e-08,6.26434e-07,178.02
30.0,0.04965517241379311,-6.52046e-07,2.25265e-08,6.52395e-07,178.02
30.0,0.05172413793103448,-6.78298e-07,2.33996e-08,6.78647e-07,178.02
30.0,0.05379310344827586,-7.042e-07,2.42727e-08,7.04607e-07,178.026
30.0,0.05586206896551724,-7.30335e-07,2.51458e-08,7.30743e-07,178.026
30.0,0.057931034482758624,-7.56412e-07,2.60771e-08,7.5682e-07,178.026
30.0,0.06,-7.82431e-07,2.69503e-08,7.82838e-07,178.026
40.0,0.0,-7.80627e-07,4.34814e-08,7.81791e-07,176.808
40.0,0.0020689655172413794,-7.80743e-07,4.33067e-08,7.81907e-07,176.82
40.0,0.004137931034482759,-5.21543e-08,2.85219e-09,5.21543e-08,176.814
40.0,0.0062068965517241385,-7.82316e-08,4.3656e-09,7.8348e-08,176.808
40.0,0.008275862068965517,-1.04192e-07,5.70438e-09,1.04309e-07,176.85
40.0,0.010344827586206896,-1.3027e-07,7.27599e-09,1.30386e-07,176.79
40.0,0.012413793103448277,-1.56347e-07,8.61479e-09,1.56521e-07,176.838
40.0,0.014482758620689656,-1.82249e-07,1.01282e-08,1.82482e-07,176.808
40.0,0.016551724137931035,-2.08501e-07,1.15834e-08,2.08734e-07,176.814
40.0,0.018620689655172416,-2.34403e-07,1.29804e-08,2.34694e-07,176.826
40.0,0.020689655172413793,-2.60539e-07,1.44938e-08,2.6083e-07,176.808
40.0,0.022758620689655173,-2.865e-07,1.58326e-08,2.86849e-07,176.838
40.0,0.024827586206896554,-3.12402e-07,1.74042e-08,3.12868e-07,176.808
40.0,0.02689655172413793,-3.38538e-07,1.8743e-08,3.39003e-07,176.82
40.0,0.028965517241379312,-3.6444e-07,2.01982e-08,3.64964e-07,176.82
40.0,0.03103448275862069,-3.90517e-07,2.17116e-08,3.91099e-07,176.808
40.0,0.03310344827586207,-4.16361e-07,2.30503e-08,4.16943e-07,176.826
40.0,0.03517241379310345,-4.4238e-07,2.4622e-08,4.4302e-07,176.808
40.0,0.03724137931034483,-4.68515e-07,2.59607e-08,4.69156e-07,176.826
40.0,0.039310344827586205,-4.9442e-07,2.74741e-08,4.95176e-07,176.814
40.0,0.041379310344827586,-5.20613e-07,2.89293e-08,5.2137e-07,176.814
40.0,0.043448275862068966,-5.46515e-07,3.03264e-08,5.47272e-07,176.82
40.0,0.04551724137931035,-5.98553e-07,3.33532e-08,5.99426e-07,176.808
40.0,0.04758620689655173,-6.24746e-07,3.4692e-08,6.2562e-07,176.82
40.0,0.04965517241379311,-6.50707e-07,3.62636e-08,6.51638e-07,176.808
40.0,0.05172413793103448,-6.76842e-07,3.75442e-08,6.77832e-07,176.82
40.0,0.05379310344827586,-7.02628e-07,3.90576e-08,7.03676e-07,176.82
40.0,0.05586206896551724,-7.28764e-07,4.05128e-08,7.29811e-07,176.814
40.0,0.057931034482758624,-7.54666e-07,4.19097e-08,7.55772e-07,176.82
40.0,0.06,-7.80743e-07,4.34814e-08,7.81849e-07,176.814
50.0,0.0,-7.77309e-07,6.17588e-08,7.79695e-07,175.452
50.0,0.0020689655172413794,-7.7661e-07,6.29229e-08,7.79113e-07,175.368
50.0,0.004137931034482759,-5.16886e-08,5.29693e-09,5.19215e-08,174.144
50.0,0.0062068965517241385,-7.88718e-08,6.81032e-09,7.91629e-08,175.074
50.0,0.008275862068965517,-1.04076e-07,7.27599e-09,1.04309e-07,175.986
50.0,0.010344827586206896,-1.28814e-07,9.77894e-09,1.29106e-07,175.632
50.0,0.012413793103448277,-1.55299e-07,1.36206e-08,1.55881e-07,174.984
50.0,0.014482758620689656,-1.8254e-07,1.51923e-08,1.83122e-07,175.23
50.0,0.016551724137931035,-2.08443e-07,1.60654e-08,2.09025e-07,175.59
50.0,0.018620689655172416,-2.33123e-07,1.77535e-08,2.33763e-07,175.632
50.0,0.020689655172413793,-2.58327e-07,2.08967e-08,2.59142e-07,175.374
50.0,0.022758620689655173,-2.84928e-07,2.40399e-08,2.8586e-07,175.17
50.0,0.024827586206896554,-3.12053e-07,2.58443e-08,3.13101e-07,175.254
50.0,0.02689655172413793,-3.3813e-07,2.65428e-08,3.39061e-07,175.5
50.0,0.028965517241379312,-3.62927e-07,2.81726e-08,3.63974e-07,175.554
50.0,0.03103448275862069,-3.87898e-07,3.11995e-08,3.8912e-07,175.398
50.0,0.03310344827586207,-4.14324e-07,3.44592e-08,4.15663e-07,175.248
50.0,0.03517241379310345,-4.41565e-07,3.638e-08,4.42962e-07,175.284
50.0,0.03724137931034483,-4.67642e-07,3.70203e-08,4.69039e-07,175.47
50.0,0.039310344827586205,-4.92382e-07,3.86501e-08,4.93837e-07,175.512
50.0,0.041379310344827586,-5.17353e-07,4.17933e-08,5.19041e-07,175.38
50.0,0.043448275862068966,-5.44012e-07,4.49947e-08,5.45817e-07,175.272
50.0,0.04551724137931035,-5.97098e-07,4.87782e-08,5.99019e-07,175.326
50.0,0.04758620689655173,-6.23175e-07,4.95932e-08,6.25096e-07,175.446
50.0,0.04965517241379311,-6.47855e-07,5.1223e-08,6.49776e-07,175.476
50.0,0.05172413793103448,-6.72942e-07,5.44244e-08,6.75096e-07,175.374
50.0,0.05379310344827586,-6.99776e-07,5.76258e-08,7.02046e-07,175.29
50.0,0.05586206896551724,-7.27017e-07,5.9081e-08,7.29346e-07,175.35
50.0,0.057931034482758624,-7.52512e-07,5.98961e-08,7.54841e-07,175.446
50.0,0.06,-7.77018e-07,6.17588e-08,7.79404e-07,175.458
10.0,0.0,-7.83828e-07,-8.73118e-10,7.8377e-07,-179.94
10.0,0.0020689655172413794,-7.83886e-07,-9.3133e-10,7.83828e-07,-179.934
10.0,0.004137931034482759,-5.23871e-08,-1.16416e-10,5.23289e-08,-179.928
10.0,0.0062068965517241385,-7.85226e-08,-1.16416e-10,7.84644e-08,-179.928
10.0,0.008275862068965517,-1.046e-07,-1.16416e-10,1.04541e-07,-179.946
10.0,0.010344827586206896,-1.30735e-07,-1.74624e-10,1.30677e-07,-179.928
10.0,0.012413793103448277,-1.56929e-07,-1.74624e-10,1.56871e-07,-179.94
10.0,0.014482758620689656,-1.83006e-07,-2.32832e-10,1.82948e-07,-179.94
10.0,0.016551724137931035,-2.09257e-07,-2.9104e-10,2.09199e-07,-179.934
10.0,0.018620689655172416,-2.35334e-07,-2.9104e-10,2.35276e-07,-179.934
10.0,0.020689655172413793,-2.61471e-07,-3.49248e-10,2.61412e-07,-179.934
10.0,0.022758620689655173,-2.87606e-07,-3.49248e-10,2.87548e-07,-179.934
10.0,0.024827586206896554,-3.13741e-07,-4.07455e-10,3.13683e-07,-179.934
10.0,0.02689655172413793,-3.39818e-07,-4.07455e-10,3.3976e-07,-179.934
10.0,0.028965517241379312,-3.6607e-07,-4.07455e-10,3.66012e-07,-179.94
10.0,0.03103448275862069,-3.92089e-07,-4.65665e-10,3.9203e-07,-179.94
10.0,0.03310344827586207,-4.18049e-07,-5.23873e-10,4.17991e-07,-179.934
10.0,0.03517241379310345,-4.44184e-07,-5.23873e-10,4.44126e-07,-179.934
10.0,0.03724137931034483,-4.70378e-07,-5.8208e-10,4.7032e-07,-179.934
10.0,0.039310344827586205,-4.96515e-07,-5.8208e-10,4.96457e-07,-179.934
10.0,0.041379310344827586,-5.2265e-07,-6.40288e-10,5.22592e-07,-179.934
10.0,0.043448275862068966,-5.48727e-07,-6.40288e-10,5.48669e-07,-179.934
10.0,0.04551724137931035,-6.00998e-07,-6.98495e-10,6.0094e-07,-179.934
10.0,0.04758620689655173,-6.27075e-07,-7.56703e-10,6.27017e-07,-179.934
10.0,0.04965517241379311,-6.53326e-07,-7.56703e-10,6.53268e-07,-179.934
10.0,0.05172413793103448,-6.79345e-07,-8.14911e-10,6.79287e-07,-179.934
10.0,0.05379310344827586,-7.0548e-07,-8.14911e-10,7.05422e-07,-179.934
10.0,0.05586206896551724,-7.31674e-07,-8.14911e-10,7.31616e-07,-179.94
10.0,0.057931034482758624,-7.57635e-07,-8.73118e-10,7.57576e-07,-179.94
10.0,0.06,-7.83886e-07,-9.3133e-10,7.83828e-07,-179.934
20.0,0.0,-7.83479e-07,1.24565e-08,7.83537e-07,179.088
20.0,0.0020689655172413794,-7.83362e-07,1.24565e-08,7.83421e-07,179.088
20.0,0.004137931034482759,-5.23871e-08,8.14911e-10,5.23289e-08,179.088
20.0,0.0062068965517241385,-7.84644e-08,1.22237e-09,7.84062e-08,179.076
20.0,0.008275862068965517,-1.04541e-07,1.62982e-09,1.04483e-07,179.088
20.0,0.010344827586206896,-1.30677e-07,2.09549e-09,1.30677e-07,179.082
20.0,0.012413793103448277,-1.56871e-07,2.44474e-09,1.56812e-07,179.088
20.0,0.014482758620689656,-1.82948e-07,2.85219e-09,1.82889e-07,179.094
20.0,0.016551724137931035,-2.09025e-07,3.25964e-09,2.09025e-07,179.106
20.0,0.018620689655172416,-2.35276e-07,3.72532e-09,2.35218e-07,179.082
20.0,0.020689655172413793,-2.61412e-07,4.13277e-09,2.61412e-07,179.094
20.0,0.022758620689655173,-2.87489e-07,4.59843e-09,2.87431e-07,179.082
20.0,0.024827586206896554,-3.13566e-07,4.94768e-09,3.13566e-07,179.088
20.0,0.02689655172413793,-3.39702e-07,5.35513e-09,3.39644e-07,179.088
20.0,0.028965517241379312,-3.65837e-07,5.82079e-09,3.65779e-07,179.088
20.0,0.03103448275862069,-3.91856e-07,6.22825e-09,3.91914e-07,179.082
20.0,0.03310344827586207,-4.17875e-07,6.57749e-09,4.17875e-07,179.088
20.0,0.03517241379310345,-4.4401e-07,7.04316e-09,4.4401e-07,179.082
20.0,0.03724137931034483,-4.70087e-07,7.45064e-09,4.70087e-07,179.088
20.0,0.039310344827586205,-4.96224e-07,7.9163e-09,4.96224e-07,179.082
20.0,0.041379310344827586,-5.22417e-07,8.32375e-09,5.22417e-07,179.088
20.0,0.043448275862068966,-5.48378e-07,8.73121e-09,5.48436e-07,179.082
20.0,0.04551724137931035,-6.00648e-07,9.54611e-09,6.00648e-07,179.082
20.0,0.04758620689655173,-6.26784e-07,9.95357e-09,6.26784e-07,179.088
20.0,0.04965517241379311,-6.52861e-07,1.04192e-08,6.52919e-07,179.082
20.0,0.05172413793103448,-6.79054e-07,1.08267e-08,6.79112e-07,179.088
20.0,0.05379310344827586,-7.05189e-07,1.12341e-08,7.05248e-07,179.082
20.0,0.05586206896551724,-7.31266e-07,1.16416e-08,7.31325e-07,179.082
20.0,0.057931034482758624,-7.57344e-07,1.2049e-08,7.57402e-07,179.088
20.0,0.06,-7.83479e-07,1.24565e-08,7.83479e-07,179.088
30.0,0.0,-7.82489e-07,2.70085e-08,7.82897e-07,178.02
30.0,0.0020689655172413794,-7.82431e-07,2.70085e-08,7.82838e-07,178.02
30.0,0.004137931034482759,-5.22707e-08,1.74624e-09,5.22125e-08,178.026
30.0,0.0062068965517241385,-7.8348e-08,2.67757e-09,7.8348e-08,178.026
30.0,0.008275862068965517,-1.04483e-07,3.55068e-09,1.04483e-07,178.026
30.0,0.010344827586206896,-1.30502e-07,4.48202e-09,1.30502e-07,178.026
30.0,0.012413793103448277,-1.56638e-07,5.35513e-09,1.56696e-07,178.026
30.0,0.014482758620689656,-1.82715e-07,6.28646e-09,1.82715e-07,178.026
30.0,0.016551724137931035,-2.0885e-07,7.15957e-09,2.08908e-07,178.026
30.0,0.018620689655172416,-2.34927e-07,8.09092e-09,2.34985e-07,178.026
30.0,0.020689655172413793,-2.61005e-07,8.96404e-09,2.61121e-07,178.026
30.0,0.022758620689655173,-2.8714e-07,9.89536e-09,2.87198e-07,178.026
30.0,0.024827586206896554,-3.13159e-07,1.07685e-08,3.13334e-07,178.026
30.0,0.02689655172413793,-3.39236e-07,1.16416e-08,3.39352e-07,178.032
30.0,0.028965517241379312,-3.65371e-07,1.25729e-08,3.65546e-07,178.026
30.0,0.03103448275862069,-3.9139e-07,1.3446e-08,3.91565e-07,178.026
30.0,0.03310344827586207,-4.17293e-07,1.43773e-08,4.17467e-07,178.026
30.0,0.03517241379310345,-4.4337e-07,1.52505e-08,4.43602e-07,178.026
30.0,0.03724137931034483,-4.69505e-07,1.61818e-08,4.69738e-07,178.026
30.0,0.039310344827586205,-4.95584e-07,1.7055e-08,4.95816e-07,178.026
30.0,0.041379310344827586,-5.21719e-07,1.79863e-08,5.21952e-07,178.026
30.0,0.043448275862068966,-5.4768e-07,1.88594e-08,5.47971e-07,178.026
30.0,0.04551724137931035,-5.99834e-07,2.0722e-08,6.00125e-07,178.02
30.0,0.04758620689655173,-6.26027e-07,2.15952e-08,6.26318e-07,178.026
30.0,0.04965517241379311,-6.51988e-07,2.24683e-08,6.52337e-07,178.026
30.0,0.05172413793103448,-6.78181e-07,2.33414e-08,6.7853e-07,178.026
30.0,0.05379310344827586,-7.042e-07,2.42727e-08,7.04607e-07,178.026
30.0,0.05586206896551724,-7.30219e-07,2.51458e-08,7.30568e-07,178.026
30.0,0.057931034482758624,-7.56354e-07,2.60771e-08,7.56761e-07,178.026
30.0,0.06,-7.82373e-07,2.69503e-08,7.8278e-07,178.026
40.0,0.0,-7.80685e-07,4.34231e-08,7.81791e-07,176.814
40.0,0.0020689655172413794,-7.80627e-07,4.33067e-08,7.81791e-07,176.82
40.0,0.004137931034482759,-5.21543e-08,2.9104e-09,5.22125e-08,176.742
40.0,0.0062068965517241385,-7.82316e-08,4.24919e-09,7.82898e-08,176.874
40.0,0.008275862068965517,-1.04134e-07,5.76259e-09,1.0425e-07,176.814
40.0,0.010344827586206896,-1.3027e-07,7.21778e-09,1.30444e-07,176.808
40.0,0.012413793103448277,-1.5623e-07,8.61479e-09,1.56405e-07,176.838
40.0,0.014482758620689656,-1.82249e-07,1.01864e-08,1.82482e-07,176.796
40.0,0.016551724137931035,-2.08443e-07,1.15252e-08,2.08675e-07,176.832
40.0,0.018620689655172416,-2.34287e-07,1.29804e-08,2.34578e-07,176.814
40.0,0.020689655172413793,-2.60481e-07,1.44938e-08,2.6083e-07,176.808
40.0,0.022758620689655173,-2.86384e-07,1.58326e-08,2.86733e-07,176.826
40.0,0.024827586206896554,-3.12402e-07,1.74042e-08,3.12868e-07,176.808
40.0,0.02689655172413793,-3.3912e-07,1.86266e-08,3.39527e-07,176.856
40.0,0.028965517241379312,-3.64498e-07,2.01982e-08,3.64964e-07,176.826
40.0,0.03103448275862069,-3.90459e-07,2.17116e-08,3.90983e-07,176.808
40.0,0.03310344827586207,-4.16361e-07,2.30503e-08,4.16943e-07,176.826
40.0,0.03517241379310345,-4.42264e-07,2.45637e-08,4.42904e-07,176.814
40.0,0.03724137931034483,-4.68457e-07,2.60771e-08,4.69097e-07,176.808
40.0,0.039310344827586205,-4.94361e-07,2.74159e-08,4.9506e-07,176.826
40.0,0.041379310344827586,-5.2038e-07,2.89875e-08,5.21137e-07,176.808
40.0,0.043448275862068966,-5.46457e-07,3.03264e-08,5.47272e-07,176.82
40.0,0.04551724137931035,-5.98378e-07,3.3295e-08,5.99252e-07,176.814
40.0,0.04758620689655173,-6.24572e-07,3.47502e-08,6.25503e-07,176.814
40.0,0.04965517241379311,-6.50532e-07,3.6089e-08,6.51464e-07,176.82
40.0,0.05172413793103448,-6.76609e-07,3.76606e-08,6.77599e-07,176.814
40.0,0.05379310344827586,-7.02687e-07,3.90576e-08,7.03676e-07,176.82
40.0,0.05586206896551724,-7.28531e-07,4.04546e-08,7.29578e-07,176.82
40.0,0.057931034482758624,-7.54608e-07,4.20262e-08,7.55714e-07,176.814
40.0,0.06,-7.80627e-07,4.33067e-08,7.81791e-07,176.82
50.0,0.0,-7.77309e-07,6.38543e-08,7.79928e-07,175.302
50.0,0.0020689655172413794,-7.78415e-07,6.35632e-08,7.80918e-07,175.332
50.0,0.004137931034482759,-5.30856e-08,3.89994e-09,5.31438e-08,175.758
50.0,0.0062068965517241385,-7.81151e-08,5.18051e-09,7.82316e-08,176.19
50.0,0.008275862068965517,-1.0297e-07,7.62526e-09,1.03203e-07,175.74
50.0,0.010344827586206896,-1.28756e-07,1.10013e-08,1.29164e-07,175.098
50.0,0.012413793103448277,-1.55765e-07,1.36206e-08,1.56347e-07,174.984
50.0,0.014482758620689656,-1.82598e-07,1.50177e-08,1.8318e-07,175.296
50.0,0.016551724137931035,-2.08268e-07,1.58908e-08,2.0885e-07,175.632
50.0,0.018620689655172416,-2.32948e-07,1.78117e-08,2.33588e-07,175.614
50.0,0.020689655172413793,-2.58327e-07,2.10131e-08,2.59142e-07,175.338
50.0,0.022758620689655173,-2.85219e-07,2.40981e-08,2.86209e-07,175.164
50.0,0.024827586206896554,-3.12228e-07,2.55533e-08,3.13217e-07,175.32
50.0,0.02689655172413793,-3.37839e-07,2.631e-08,3.38829e-07,175.536
50.0,0.028965517241379312,-3.62461e-07,2.83472e-08,3.63509e-07,175.518
50.0,0.03103448275862069,-3.87956e-07,3.17816e-08,3.89178e-07,175.314
50.0,0.03310344827586207,-4.15081e-07,3.45174e-08,4.16478e-07,175.242
50.0,0.03517241379310345,-4.41798e-07,3.55651e-08,4.43137e-07,175.392
50.0,0.03724137931034483,-4.66769e-07,3.65546e-08,4.68166e-07,175.518
50.0,0.039310344827586205,-4.91451e-07,4.01053e-08,4.93023e-07,175.332
50.0,0.041379310344827586,-5.18634e-07,4.29575e-08,5.20322e-07,175.266
50.0,0.043448275862068966,-5.45409e-07,4.38888e-08,5.47156e-07,175.398
50.0,0.04551724137931035,-5.96399e-07,4.69738e-08,5.98204e-07,175.494
50.0,0.04758620689655173,-6.21138e-07,4.98842e-08,6.23058e-07,175.41
50.0,0.04965517241379311,-6.4768e-07,5.33184e-08,6.49834e-07,175.29
50.0,0.05172413793103448,-6.75038e-07,5.49483e-08,6.77192e-07,175.344
50.0,0.05379310344827586,-7.00649e-07,5.56468e-08,7.02803e-07,175.458
50.0,0.05586206896551724,-7.25155e-07,5.77422e-08,7.27367e-07,175.446
50.0,0.057931034482758624,-7.50766e-07,6.11767e-08,7.53211e-07,175.338
50.0,0.06,-7.78124e-07,6.37961e-08,7.80685e-07,175.314
