time,tc temp (C),tr temp (C),tr res (ohm),PAR124,x,y,r,theta
1645335228.8750744,0,20.06171506511561,1020.27926,3.3754239,0.0875859,-0.00115968,0.0875859,-0.72
1645335232.434299,0,20.13177575137355,1020.48812,3.3779084,0.0875859,-0.00115968,0.0875859,-0.744
1645335236.0139232,0,20.202590972673985,1020.69925,3.3819813,0.0875859,-0.00115968,0.0875859,-0.72
1645335239.59707,0,20.272285837694845,1020.90706,3.3859958,0.0875859,-0.00115968,0.0875859,-0.72
1645335243.1662593,0,20.33966689660585,1021.10799,3.3895821,0.0875859,-0.00115968,0.0875859,-0.72
1645335246.735315,0,20.403735603418255,1021.29906,3.3928697,0.0875859,-0.00115968,0.0875859,-0.72
1645335250.2999272,0,20.463758594551344,1021.47808,3.3957083,0.0875859,-0.00115968,0.0875859,-0.72
1645335253.866326,0,20.520410725465847,1021.64706,3.4003884,0.0875859,-0.00115968,0.0875859,-0.72
1645335257.4272096,0,20.57342126114183,1021.80519,3.4038422,0.0875859,-0.00115968,0.0875859,-0.72
1645335261.0011346,0,20.62406140624041,1021.95626,3.4070401,0.0875859,-0.00115968,0.0875859,-0.72
1645335264.5739615,0,20.672247866130764,1022.10002,3.4098851,0.0875859,-0.00115968,0.0875859,-0.72
1645335268.1510303,0,20.719291585036544,1022.24038,3.413079,0.0875859,-0.00115968,0.0875859,-0.72
1645335271.7264633,0,20.76554132419992,1022.37838,3.415749,0.0875859,-0.00115968,0.0875859,-0.72
1645335275.284142,0,20.813058167122335,1022.52017,3.4195699,0.0875859,-0.00115968,0.0875859,-0.744
1645335278.8395417,0,20.86204961769783,1022.66637,3.4238297,0.087647,-0.00115968,0.087647,-0.72
1645335282.4289238,0,20.914425237962238,1022.82268,3.4259939,0.087647,-0.00115968,0.087647,-0.72
1645335286.0153327,0,20.970321656242785,1022.98951,3.4287004,0.087647,-0.00115968,0.087647,-0.72
1645335289.5661695,0,21.024789945671593,1023.15209,3.431555,0.087647,-0.00115968,0.087647,-0.744
1645335293.1253474,0,21.074463799674863,1023.30037,3.4340429,0.087647,-0.00115968,0.087647,-0.744
1645335296.6825686,0,21.117217158264936,1023.428,3.4370579,0.0875859,-0.00115968,0.0875859,-0.72
1645335300.2592416,0,21.150066819570117,1023.52607,3.4410212,0.087647,-0.00115968,0.087647,-0.72
1645335303.8286474,0,21.17327539139083,1023.59536,3.4428455,0.087647,-0.00115968,0.087647,-0.72
1645335307.4062579,0,21.18723902891262,1023.63705,3.4445805,0.087647,-0.00115968,0.087647,-0.72
1645335310.975425,0,21.192953022889647,1023.65411,3.4481172,0.087647,-0.00115968,0.087647,-0.72
1645335314.5574963,0,21.190708962653826,1023.64741,3.4490551,0.087647,-0.00115968,0.087647,-0.72
1645335318.121398,0,21.18143790551734,1023.61973,3.4509699,0.087647,-0.00115968,0.087647,-0.72
1645335321.697529,0,21.167005231678385,1023.57664,3.4517951,0.087647,-0.00115968,0.087647,-0.72
1645335325.2510898,0,21.148482486618782,1023.52134,3.4523978,0.087647,-0.00115968,0.087647,-0.72
1645335328.8231838,0,21.126686669503275,1023.45627,3.4521017,0.087647,-0.00115968,0.087647,-0.72
1645335332.3794851,0,21.10236783015101,1023.38367,3.4532046,0.087647,-0.00115968,0.087647,-0.744
1645335335.9369943,0,21.075823853062875,1023.30443,3.4525499,0.087647,-0.00115968,0.087647,-0.744
1645335339.5097275,0,21.047051142683195,1023.21854,3.4512863,0.087647,-0.00115968,0.087647,-0.744
1645335343.0775087,0,21.017077930654537,1023.12907,3.4509375,0.087647,-0.00115968,0.087647,-0.72
1645335346.6501408,0,20.98564944457109,1023.03526,3.4496665,0.087647,-0.00115968,0.087647,-0.72
1645335350.2109091,0,20.95299332506273,1022.93779,3.4488,0.087647,-0.00115968,0.087647,-0.72
1645335353.766076,0,20.919836487364197,1022.83883,3.448024,0.087647,-0.00115968,0.087647,-0.72
1645335357.3366685,0,20.88594430902363,1022.73768,3.4467024,0.087647,-0.00115968,0.087647,-0.72
1645335360.9132898,0,20.851916501640066,1022.63613,3.4445383,0.087647,-0.00115968,0.087647,-0.744
1645335364.4785192,0,20.817669269006874,1022.53393,3.4429335,0.087647,-0.00115968,0.087647,-0.72
1645335368.0688267,0,20.783433815456647,1022.43177,3.4412598,0.087647,-0.00115968,0.087647,-0.72
1645335371.6450758,0,20.74893197651179,1022.32882,3.4393532,0.087647,-0.00115968,0.087647,-0.72
1645335375.2132246,0,20.715085392810277,1022.22783,3.4374222,0.0875859,-0.00109864,0.0875859,-0.696
1645335378.7834535,0,20.681679647023795,1022.12816,3.4362711,0.0875859,-0.00115968,0.0875859,-0.72
1645335382.3472638,0,20.648299168930127,1022.02857,3.4341483,0.0875859,-0.00115968,0.0875859,-0.72
1645335385.927585,0,20.616023312550485,1021.93228,3.4335398,0.087647,-0.00115968,0.087647,-0.744
1645335389.4823704,0,20.583769476861807,1021.83606,3.4297068,0.087647,-0.00115968,0.087647,-0.744
1645335393.0496407,0,20.55265063335593,1021.74323,3.4301252,0.087647,-0.00115968,0.087647,-0.744
1645335396.6258602,0,20.522066839870792,1021.652,3.427798,0.087647,-0.00115968,0.087647,-0.72
1645335400.1839757,0,20.49163932124698,1021.56124,3.4264338,0.087647,-0.00115968,0.087647,-0.72
1645335403.7517378,0,20.462565023265785,1021.47452,3.4238834,0.087647,-0.00115968,0.087647,-0.72
1645335407.3241153,0,20.433546551636717,1021.38797,3.4223608,0.087647,-0.00115968,0.087647,-0.744
1645335410.885232,0,20.405294748903508,1021.30371,3.4210503,0.087647,-0.00115968,0.087647,-0.72
1645335414.4480233,0,20.378074602038453,1021.22253,3.4196634,0.087647,-0.00115968,0.087647,-0.72
1645335417.9933357,0,20.35165150065086,1021.14373,3.4173192,0.087647,-0.00115968,0.087647,-0.72
1645335421.576052,0,20.325579534550855,1021.06598,3.4153475,0.0875859,-0.00115968,0.0875859,-0.72
1645335425.146269,0,20.300160555676612,1020.99018,3.4146397,0.0875859,-0.00115968,0.0875859,-0.744
1645335428.7023392,0,20.27560926357595,1020.91697,3.4130091,0.0875859,-0.00115968,0.0875859,-0.72
1645335432.275294,0,20.25141933639653,1020.84484,3.4113097,0.0875859,-0.00115968,0.0875859,-0.72
1645335435.8379152,0,20.22825486737091,1020.77577,3.4102296,0.0875859,-0.00115968,0.0875859,-0.72
1645335439.3978913,0,20.20540827706404,1020.70765,3.4093408,0.087647,-0.00115968,0.087647,-0.72
1645335442.9878528,0,20.183406178546786,1020.64205,3.4079251,0.087647,-0.00115968,0.087647,-0.72
1645335446.567677,0,20.1615040323383,1020.57675,3.4063341,0.087647,-0.00115968,0.087647,-0.744
1645335450.150401,0,20.141036831051515,1020.51573,3.4062378,0.087647,-0.00115968,0.087647,-0.72
1645335453.7199128,0,20.120532150984925,1020.4546,3.40368,0.087647,-0.00115968,0.087647,-0.72
1645335457.3067408,0,20.10092922532059,1020.39616,3.4030807,0.087647,-0.00115968,0.087647,-0.72
1645335460.8904567,0,20.08208388410735,1020.33998,3.4012265,0.087647,-0.00115968,0.087647,-0.72
1645335464.4564166,0,20.06348964420906,1020.28455,3.4002659,0.087647,-0.00115968,0.087647,-0.72
1645335468.0129104,0,20.045800686023373,1020.23182,3.399553,0.0875859,-0.00115968,0.0875859,-0.72
1645335471.5738816,0,20.028470252050813,1020.18016,3.3978219,0.0875859,-0.00115968,0.0875859,-0.72
1645335475.1686034,0,20.01134069114285,1020.1291,3.39684,0.0875859,-0.00115968,0.0875859,-0.72
1645335478.7407088,0,19.994915253845203,1020.08014,3.3958978,0.087647,-0.00115968,0.087647,-0.744
1645335482.3091981,0,19.978492797114335,1020.03119,3.3948848,0.087647,-0.00115968,0.087647,-0.72
1645335485.8771265,0,19.961610322741997,1019.98087,3.3938333,0.0875859,-0.00115968,0.0875859,-0.72
1645335489.4510808,0,19.941620585873057,1019.92129,3.3928341,0.0875859,-0.00115968,0.0875859,-0.744
1645335493.0217006,0,19.915889441879237,1019.8446,3.3913979,0.0875859,-0.00115968,0.0875859,-0.72
1645335496.602531,0,19.882600990296712,1019.74539,3.3907792,0.0875859,-0.00115968,0.0875859,-0.72
1645335500.166258,0,19.84125755158782,1019.62218,3.3900876,0.0875859,-0.00115968,0.0875859,-0.72
1645335503.740174,0,19.791344293277866,1019.47344,3.3882074,0.0875859,-0.00115968,0.0875859,-0.72
1645335507.2967107,0,19.733923325523794,1019.30234,3.3869929,0.0875859,-0.00115968,0.0875859,-0.72
1645335510.8863137,0,19.669623860372784,1019.11076,3.3855686,0.0875859,-0.00115968,0.0875859,-0.72
1645335514.4552877,0,19.601690029142,1018.90837,3.3827085,0.0875859,-0.00115968,0.0875859,-0.72
1645335518.0295956,0,19.531980618950822,1018.70071,3.3800847,0.0875859,-0.00115968,0.0875859,-0.72
1645335521.598469,0,19.462338322679656,1018.49327,3.3778874,0.087647,-0.00115968,0.087647,-0.744
1645335525.1592584,0,19.395734729494603,1018.2949,3.3724632,0.0875859,-0.00115968,0.0875859,-0.744
1645335528.7295182,0,19.334736186676974,1018.11324,3.37027,0.0875859,-0.00115968,0.0875859,-0.72
1645335532.3084974,0,19.2786489626659,1017.94622,3.367383,0.0875859,-0.00115968,0.0875859,-0.72
1645335535.874764,0,19.228730277351293,1017.79758,3.3642017,0.0875859,-0.00115968,0.0875859,-0.72
1645335539.4551249,0,19.18387640689456,1017.66403,3.3610682,0.0875859,-0.00115968,0.0875859,-0.72
1645335543.026805,0,19.14247267852559,1017.54076,3.3576092,0.0875859,-0.00115968,0.0875859,-0.72
1645335546.5856407,0,19.10315254996404,1017.4237,3.3543536,0.0875859,-0.00115968,0.0875859,-0.72
1645335550.1592379,0,19.063702621646836,1017.30626,3.3513624,0.0875859,-0.00115968,0.0875859,-0.72
1645335553.7205482,0,19.022207992952794,1017.18274,3.3489055,0.0875859,-0.00115968,0.0875859,-0.72
1645335557.2856805,0,18.97750251237379,1017.04967,3.347182,0.0875859,-0.00115968,0.0875859,-0.72
1645335560.8543963,0,18.928053477133954,1016.90249,3.3442738,0.0875859,-0.00115968,0.0875859,-0.72
1645335564.42648,0,18.873426451683514,1016.73991,3.341717,0.0875859,-0.00115968,0.0875859,-0.744
1645335567.9988534,0,18.81297841676636,1016.56002,3.3397247,0.0875859,-0.00115968,0.0875859,-0.72
1645335571.5673656,0,18.747306114333494,1016.3646,3.3369193,0.0875859,-0.00115968,0.0875859,-0.72
1645335575.1395357,0,18.67885159760651,1016.16092,3.3336217,0.0875859,-0.00115968,0.0875859,-0.72
1645335578.69782,0,18.607681299707846,1015.94918,3.3307611,0.0875859,-0.00115968,0.0875859,-0.72
1645335582.2764127,0,18.535868594685926,1015.73555,3.3273451,0.0875859,-0.00115968,0.0875859,-0.72
1645335585.8362534,0,18.464724489340497,1015.52393,3.3237512,0.0875859,-0.00115968,0.0875859,-0.72
1645335589.401555,0,18.395483173040713,1015.31799,3.3198225,0.0875859,-0.00115968,0.0875859,-0.72
1645335592.945267,0,18.329298595625175,1015.12116,3.3168005,0.0875859,-0.00115968,0.0875859,-0.72
1645335596.5072694,0,18.266057260224837,1014.9331,3.3131561,0.0875859,-0.00115968,0.0875859,-0.72
1645335600.0557492,0,18.207592916750947,1014.75926,3.308371,0.0875859,-0.00115968,0.0875859,-0.72
1645335603.6123064,0,18.15144128100445,1014.59231,3.305489,0.0875859,-0.00115968,0.0875859,-0.72
1645335607.1771128,0,18.099207408577694,1014.43702,3.3017795,0.0875859,-0.00115968,0.0875859,-0.72
1645335610.7663498,0,18.047531527484352,1014.2834,3.2988669,0.0875859,-0.00115968,0.0875859,-0.72
1645335614.3372655,0,17.997002499411032,1014.1332,3.2955675,0.0875859,-0.00115968,0.0875859,-0.72
1645335617.9068203,0,17.94606618139108,1013.9818,3.2932062,0.0875859,-0.00115968,0.0875859,-0.72
1645335621.469531,0,17.893608765746325,1013.82589,3.2901806,0.0875859,-0.00115968,0.0875859,-0.72
1645335625.0354586,0,17.838930004850205,1013.66339,3.2849736,0.0875859,-0.00115968,0.0875859,-0.72
1645335628.6073542,0,17.7801919673201,1013.48884,3.2842526,0.0875859,-0.00115968,0.0875859,-0.72
1645335632.1958828,0,17.717457602685148,1013.30243,3.2805454,0.0875859,-0.00115968,0.0875859,-0.72
1645335635.7735286,0,17.65315264229425,1013.11137,3.2768287,0.0875859,-0.00115968,0.0875859,-0.72
1645335639.3462577,0,17.585576754495914,1012.91061,3.2736508,0.0875859,-0.00115968,0.0875859,-0.72
1645335642.9085197,0,17.517152887499165,1012.70735,3.2697145,0.0875859,-0.00115968,0.0875859,-0.72
1645335646.5093372,0,17.44795150183954,1012.5018,3.2675976,0.0875859,-0.00115968,0.0875859,-0.72
1645335650.1113214,0,17.378797320363127,1012.29641,3.2636082,0.0875859,-0.00115968,0.0875859,-0.72
1645335653.6775384,0,17.31250217657203,1012.09953,3.2602126,0.0875859,-0.00115968,0.0875859,-0.72
1645335657.2587829,0,17.253896185387205,1011.9255,3.2569534,0.0875859,-0.00115968,0.0875859,-0.72
1645335660.8262405,0,17.205180502185307,1011.78085,3.2529017,0.0875859,-0.00115968,0.0875859,-0.72
1645335664.392213,0,17.169529910337634,1011.675,3.2502954,0.0875859,-0.00115968,0.0875859,-0.72
1645335667.961573,0,17.145983045387748,1011.60509,3.2464356,0.0875859,-0.00115968,0.0875859,-0.72
1645335671.5373044,0,17.13347335391366,1011.56795,3.2439849,0.0875859,-0.00115968,0.0875859,-0.72
1645335675.0967257,0,17.129987173257877,1011.5576,3.2418251,0.0875859,-0.00115968,0.0875859,-0.72
1645335678.6564536,0,17.134894767640343,1011.57217,3.2398374,0.0875859,-0.00115968,0.0875859,-0.72
1645335682.2206955,0,17.148620359622456,1011.61292,3.2372057,0.0875859,-0.00115968,0.0875859,-0.72
1645335685.788416,0,17.169668002961743,1011.67541,3.2370312,0.0875249,-0.00115968,0.0875249,-0.72
1645335689.3429422,0,17.194925033894688,1011.7504,3.2360947,0.0875249,-0.00115968,0.0875249,-0.72
1645335692.905495,0,17.22308091103189,1011.834,3.2363843,0.0875859,-0.00115968,0.0875859,-0.72
1645335696.4822116,0,17.252687173872,1011.92191,3.236658,0.0875249,-0.00115968,0.0875249,-0.72
1645335700.0561051,0,17.283171154608297,1012.01243,3.2383594,0.0875859,-0.00115968,0.0875859,-0.72
1645335703.6400185,0,17.313408017990128,1012.10222,3.2391772,0.0875859,-0.00115968,0.0875859,-0.72
1645335707.2091582,0,17.34366381168773,1012.19207,3.2397882,0.0875859,-0.00115968,0.0875859,-0.744
1645335710.7610133,0,17.373874557375373,1012.28179,3.2402358,0.0875859,-0.00115968,0.0875859,-0.744
1645335714.3082628,0,17.404612652725525,1012.37308,3.2413012,0.0875859,-0.00115968,0.0875859,-0.72
1645335717.8783102,0,17.43724834224259,1012.47001,3.2431838,0.0875249,-0.00115968,0.0875249,-0.72
1645335721.449382,0,17.471404297211027,1012.57146,3.2445888,0.0875859,-0.00115968,0.0875859,-0.72
1645335724.9997613,0,17.507770438996882,1012.67948,3.245692,0.0875859,-0.00115968,0.0875859,-0.72
1645335728.5464869,0,17.54542741883688,1012.79134,3.2481851,0.0875859,-0.00115968,0.0875859,-0.744
1645335732.1121478,0,17.5841360357426,1012.90633,3.2490463,0.0875859,-0.00115968,0.0875859,-0.744
1645335735.692079,0,17.624121640460864,1013.02512,3.2509393,0.0875859,-0.00115968,0.0875859,-0.744
1645335739.2678013,0,17.664263211471727,1013.14438,3.2534937,0.0875859,-0.00115968,0.0875859,-0.72
1645335742.8254073,0,17.705018444671634,1013.26547,3.2552549,0.0875859,-0.00115968,0.0875859,-0.72
1645335746.3893845,0,17.745784827260323,1013.3866,3.2573397,0.0875859,-0.00115968,0.0875859,-0.72
1645335749.95747,0,17.786505148594692,1013.5076,3.2593004,0.0875859,-0.00115968,0.0875859,-0.744
1645335753.526036,0,17.82671840726144,1013.6271,3.2610325,0.0875859,-0.00115968,0.0875859,-0.72
1645335757.0871453,0,17.867148129950017,1013.74725,3.2626473,0.0875859,-0.00115968,0.0875859,-0.72
1645335760.649617,0,17.90713144329969,1013.86608,3.2644796,0.0875859,-0.00115968,0.0875859,-0.744
1645335764.219195,0,17.946241133973324,1013.98232,3.2679326,0.0875859,-0.00115968,0.0875859,-0.744
1645335767.791562,0,17.985109831477285,1014.09785,3.2703688,0.0875859,-0.00115968,0.0875859,-0.72
1645335771.352458,0,18.023552548869592,1014.21212,3.271249,0.0875859,-0.00115968,0.0875859,-0.72
1645335774.9184623,0,18.061528987320713,1014.32501,3.2737121,0.0875859,-0.00115968,0.0875859,-0.72
1645335778.4831345,0,18.098188189715767,1014.43399,3.2766518,0.0875859,-0.00115968,0.0875859,-0.72
1645335782.0426972,0,18.134919521253735,1014.54319,3.2785353,0.0875859,-0.00115968,0.0875859,-0.72
1645335785.6109622,0,18.170636586406548,1014.64938,3.2802612,0.0875859,-0.00115968,0.0875859,-0.72
1645335789.1736553,0,18.205450523927674,1014.75289,3.2820258,0.0875859,-0.00115968,0.0875859,-0.72
1645335792.749254,0,18.239129411070987,1014.85303,3.2850248,0.0875859,-0.00115968,0.0875859,-0.72
1645335796.3140683,0,18.27220139020178,1014.95137,3.2869811,0.0875859,-0.00115968,0.0875859,-0.72
1645335799.8917284,0,18.305090257110752,1015.04917,3.2892603,0.0875859,-0.00115968,0.0875859,-0.72
1645335803.4587736,0,18.33677043102015,1015.14338,3.2904772,0.0875859,-0.00115968,0.0875859,-0.72
1645335807.0420852,0,18.367558146846093,1015.23494,3.2931458,0.0875859,-0.00115968,0.0875859,-0.72
1645335810.6123202,0,18.39744679451324,1015.32383,3.2939209,0.0875859,-0.00115968,0.0875859,-0.72
1645335814.185718,0,18.426369241629928,1015.40985,3.2963178,0.0875859,-0.00115968,0.0875859,-0.72
1645335817.7535124,0,18.454846729318547,1015.49455,3.2982778,0.0875859,-0.00115968,0.0875859,-0.72
1645335821.3166564,0,18.48276500374508,1015.57759,3.2999143,0.0875859,-0.00115968,0.0875859,-0.72
1645335824.872291,0,18.509700538821203,1015.65771,3.302092,0.0875859,-0.00115968,0.0875859,-0.72
1645335828.418802,0,18.53558284896118,1015.7347,3.3031284,0.0875859,-0.00115968,0.0875859,-0.72
1645335831.9713106,0,18.56118857683376,1015.81087,3.3036463,0.0875859,-0.00115968,0.0875859,-0.72
1645335835.5297463,0,18.58547233187792,1015.88311,3.306147,0.0875859,-0.00115968,0.0875859,-0.72
1645335839.1118486,0,18.609361986780197,1015.95418,3.3076381,0.0875859,-0.00115968,0.0875859,-0.72
1645335842.6774864,0,18.63284749703048,1016.02405,3.3091735,0.0875859,-0.00115968,0.0875859,-0.72
1645335846.2542756,0,18.65528019947538,1016.09079,3.3105421,0.0875859,-0.00115968,0.0875859,-0.72
1645335849.8145895,0,18.677483650798273,1016.15685,3.3127424,0.0875859,-0.00115968,0.0875859,-0.72
1645335853.3948705,0,18.698829374456757,1016.22036,3.3129305,0.0875859,-0.00115968,0.0875859,-0.744
1645335856.9735627,0,18.719411550783008,1016.2816,3.3146936,0.0875859,-0.00115968,0.0875859,-0.72
1645335860.53653,0,18.7391865553938,1016.34044,3.3160095,0.0875859,-0.00115968,0.0875859,-0.744
1645335864.1019442,0,18.75864511323093,1016.39834,3.3188962,0.0875859,-0.00115968,0.0875859,-0.72
1645335867.6654212,0,18.77760913904065,1016.45477,3.3192458,0.0875859,-0.00115968,0.0875859,-0.72
1645335871.2408946,0,18.796001380479,1016.5095,3.3193433,0.0875859,-0.00115968,0.0875859,-0.72
1645335874.8097763,0,18.814769517777393,1016.56535,3.320966,0.0875859,-0.00115968,0.0875859,-0.72
1645335878.3697526,0,18.833597651269358,1016.62138,3.3215239,0.0875859,-0.00115968,0.0875859,-0.72
1645335881.923903,0,18.853466963992577,1016.68051,3.3227992,0.0875859,-0.00115968,0.0875859,-0.72
1645335885.4846926,0,18.87574158200979,1016.7468,3.3248229,0.0875859,-0.00115968,0.0875859,-0.72
1645335889.0579863,0,18.90342176498763,1016.82918,3.3254623,0.0875859,-0.00115968,0.0875859,-0.72
1645335892.637675,0,18.937998657343314,1016.93209,3.3264961,0.0875859,-0.00115968,0.0875859,-0.72
1645335896.1883836,0,18.97990801811644,1017.05683,3.328159,0.0875859,-0.00115968,0.0875859,-0.72
1645335899.7471933,0,19.02956177346338,1017.20463,3.3293683,0.0875859,-0.00115968,0.0875859,-0.72
1645335903.3170068,0,19.087287516034035,1017.37647,3.3319237,0.0875859,-0.00115968,0.0875859,-0.72
1645335906.878464,0,19.151679310946175,1017.56817,3.3338706,0.0875859,-0.00115968,0.0875859,-0.72
1645335910.4399981,0,19.22004520098488,1017.77172,3.3354008,0.0875859,-0.00115968,0.0875859,-0.72
1645335914.0055873,0,19.29072175241511,1017.98217,3.3384213,0.0875859,-0.00115968,0.0875859,-0.72
1645335917.5775096,0,19.361653278649776,1018.1934,3.3418207,0.0875859,-0.00115968,0.0875859,-0.72
1645335921.1336236,0,19.42873679598833,1018.39319,3.3445076,0.0875859,-0.00115968,0.0875859,-0.72
1645335924.6950197,0,19.490989704898762,1018.57861,3.3480179,0.0875859,-0.00115968,0.0875859,-0.72
1645335928.2605493,0,19.5483058345342,1018.74934,3.3511903,0.0875859,-0.00115968,0.0875859,-0.744
1645335931.8168323,0,19.600431251016957,1018.90462,3.3555495,0.0875859,-0.00115968,0.0875859,-0.744
1645335935.3800967,0,19.648179360132097,1019.04687,3.3585968,0.0875859,-0.00115968,0.0875859,-0.72
1645335938.9387357,0,19.69226928451218,1019.17823,3.3615751,0.0875859,-0.00115968,0.0875859,-0.72
1645335942.517477,0,19.734762355666476,1019.30484,3.3650698,0.0875859,-0.00115968,0.0875859,-0.72
1645335946.0848346,0,19.776215940026123,1019.42836,3.3672561,0.0875859,-0.00115968,0.0875859,-0.72
1645335949.6691706,0,19.818227546180584,1019.55355,3.369414,0.0875859,-0.00115968,0.0875859,-0.72
1645335953.2364848,0,19.863612361943396,1019.6888,3.3725352,0.0875859,-0.00115968,0.0875859,-0.72
1645335956.8096333,0,19.91281264819722,1019.83543,3.3751959,0.0875859,-0.00115968,0.0875859,-0.72
1645335960.380506,0,19.96681736020262,1019.99639,3.3776881,0.0875859,-0.00115968,0.0875859,-0.72
1645335963.9385188,0,20.02710151244582,1020.17608,3.3808863,0.0875859,-0.00115968,0.0875859,-0.72
1645335967.493213,0,20.091191297255833,1020.36713,3.3837969,0.0875859,-0.00115968,0.0875859,-0.72
1645335971.0838065,0,20.159769944243752,1020.57158,3.3865187,0.0875859,-0.00115968,0.0875859,-0.72
1645335974.6334634,0,20.23021349613893,1020.78161,3.3898491,0.0875859,-0.00115968,0.0875859,-0.72
1645335978.215092,0,20.30186412476186,1020.99526,3.3926119,0.0875859,-0.00115968,0.0875859,-0.72
1645335981.7861052,0,20.372397740740983,1021.2056,3.3958969,0.0875859,-0.00115968,0.0875859,-0.72
1645335985.3561049,0,20.439779502662606,1021.40656,3.3996877,0.0875859,-0.00115968,0.0875859,-0.72
1645335988.933402,0,20.50400023646836,1021.59811,3.4038224,0.0875859,-0.00115968,0.0875859,-0.72
1645335992.4971702,0,20.563813746857715,1021.77653,3.4069113,0.0875859,-0.00115968,0.0875859,-0.744
1645335996.046459,0,20.618218880812567,1021.93883,3.4103791,0.0875859,-0.00115968,0.0875859,-0.72
1645335999.6024566,0,20.66861790479531,1022.08919,3.4143083,0.0875859,-0.00115968,0.0875859,-0.72
1645336003.1706626,0,20.715675266664913,1022.22959,3.4174563,0.0875859,-0.00115968,0.0875859,-0.72
1645336006.7426872,0,20.761787832745753,1022.36718,3.4210255,0.0875859,-0.00115968,0.0875859,-0.72
1645336010.324793,0,20.80583650574437,1022.49862,3.4243078,0.0875859,-0.00115968,0.0875859,-0.72
1645336013.903408,0,20.845958538256355,1022.61835,3.426613,0.0875859,-0.00115968,0.0875859,-0.72
1645336017.4783888,0,20.88100861727335,1022.72295,3.4295842,0.0875859,-0.00115968,0.0875859,-0.72
1645336021.055108,0,20.909097714384327,1022.80678,3.4320309,0.0875859,-0.00115968,0.0875859,-0.72
1645336024.6264157,0,20.92987148332892,1022.86878,3.4344575,0.0875859,-0.00115968,0.0875859,-0.72
1645336028.1957061,0,20.943451173839787,1022.90931,3.4363017,0.0875859,-0.00115968,0.0875859,-0.744
1645336031.7804024,0,20.95026605174279,1022.92965,3.439655,0.0875859,-0.00115968,0.0875859,-0.72
1645336035.3519058,0,20.950587696306894,1022.93061,3.4405016,0.087647,-0.00115968,0.087647,-0.72
1645336038.9373283,0,20.9446707535718,1022.91295,3.4415378,0.0875859,-0.00115968,0.0875859,-0.72
1645336042.5055308,0,20.934116629929537,1022.88145,3.4420087,0.0875859,-0.00115968,0.0875859,-0.72
1645336046.05858,0,20.919990615235566,1022.83929,3.4427692,0.0875859,-0.00115968,0.0875859,-0.72
1645336049.635198,0,20.903435083303254,1022.78988,3.442317,0.0875859,-0.00115968,0.0875859,-0.72
1645336053.2045834,0,20.884490076130632,1022.73334,3.4431357,0.0875859,-0.00115968,0.0875859,-0.72
1645336056.7761006,0,20.86320231765149,1022.66981,3.4430899,0.0875859,-0.00115968,0.0875859,-0.72
1645336060.3350303,0,20.84068747563646,1022.60262,3.4427344,0.087647,-0.00115968,0.087647,-0.72
1645336063.916733,0,20.816315431102996,1022.52989,3.4422576,0.0875859,-0.00115968,0.0875859,-0.72
1645336067.4791744,0,20.791148328256096,1022.45479,3.4408774,0.0875859,-0.00115968,0.0875859,-0.72
1645336071.0388155,0,20.76512911136102,1022.37715,3.4405844,0.087647,-0.00115968,0.087647,-0.72
1645336074.6101632,0,20.73873359390752,1022.29839,3.4399414,0.087647,-0.00115968,0.087647,-0.72
1645336078.1796052,0,20.71116741161261,1022.21614,3.4375152,0.0875859,-0.00115968,0.0875859,-0.72
1645336081.7699258,0,20.68352979000006,1022.13368,3.4359591,0.0875859,-0.00115968,0.0875859,-0.744
1645336085.333734,0,20.655703406701278,1022.05066,3.4354341,0.087647,-0.00115968,0.087647,-0.72
1645336088.8837223,0,20.628174274411805,1021.96853,3.43489,0.087647,-0.00115968,0.087647,-0.72
1645336092.4516213,0,20.600349107384833,1021.88552,3.4330737,0.087647,-0.00115968,0.087647,-0.72
1645336096.0255094,0,20.572489344566208,1021.80241,3.4313545,0.0875859,-0.00115968,0.0875859,-0.72
1645336099.588612,0,20.54503749197527,1021.72052,3.4292476,0.0875859,-0.00115968,0.0875859,-0.72
1645336103.1556792,0,20.517976833830758,1021.6398,3.427989,0.0875859,-0.00115968,0.0875859,-0.72
1645336106.712024,0,20.490982212146616,1021.55928,3.4269402,0.0875859,-0.00115968,0.0875859,-0.72
1645336110.283408,0,20.464442550240314,1021.48012,3.4253218,0.087647,-0.00115968,0.087647,-0.72
1645336113.8547187,0,20.438384721098608,1021.4024,3.4234147,0.0875859,-0.00115968,0.0875859,-0.72
1645336117.418277,0,20.4123192442755,1021.32466,3.4240086,0.087647,-0.00115968,0.087647,-0.72
1645336120.9625196,0,20.387211807064595,1021.24978,3.421493,0.087647,-0.00115968,0.087647,-0.72
1645336124.5329938,0,20.36248575998786,1021.17604,3.4189348,0.0875859,-0.00115968,0.0875859,-0.72
1645336128.1141896,0,20.33816796876454,1021.10352,3.4181261,0.0875859,-0.00115968,0.0875859,-0.72
1645336131.68545,0,20.31439931836991,1021.03264,3.4170296,0.0875859,-0.00115968,0.0875859,-0.72
1645336135.2518907,0,20.291216751931152,1020.96351,3.4153928,0.0875859,-0.00115968,0.0875859,-0.72
1645336138.8125694,0,20.268338620753653,1020.89529,3.4137933,0.0875859,-0.00115968,0.0875859,-0.72
1645336142.3691263,0,20.246559789640482,1020.83035,3.4125795,0.0875859,-0.00115968,0.0875859,-0.72
1645336145.9369006,0,20.22507879194346,1020.7663,3.4113237,0.0875859,-0.00115968,0.0875859,-0.72
1645336149.4985094,0,20.204247817303823,1020.70419,3.4102272,0.0875859,-0.00115968,0.0875859,-0.72
1645336153.0728412,0,20.183869034486086,1020.64343,3.4091055,0.0875859,-0.00115968,0.0875859,-0.72
1645336156.6665182,0,20.16387875355991,1020.58383,3.40734,0.0875859,-0.00115968,0.0875859,-0.72
1645336160.2584553,0,20.14444807162829,1020.5259,3.4073443,0.087647,-0.00115968,0.087647,-0.72
1645336163.8222353,0,20.12536906739981,1020.46902,3.4058389,0.0875859,-0.00115968,0.0875859,-0.72
1645336167.4013984,0,20.107258975724257,1020.41503,3.4042451,0.0875859,-0.00115968,0.0875859,-0.72
1645336170.9677668,0,20.089423495307624,1020.36186,3.4033455,0.0875859,-0.00115968,0.0875859,-0.72
1645336174.532724,0,20.072553683250696,1020.31157,3.4018623,0.0875859,-0.00115968,0.0875859,-0.72
1645336178.1071544,0,20.055931718424368,1020.26202,3.4010465,0.0875859,-0.00115968,0.0875859,-0.72
1645336181.6741126,0,20.039517361588178,1020.21309,3.3996684,0.087647,-0.00115968,0.087647,-0.72
1645336185.237629,0,20.02337772242137,1020.16498,3.39837,0.0875859,-0.00115968,0.0875859,-0.72
1645336188.7986548,0,20.008230756564316,1020.11983,3.3970692,0.0875859,-0.00115968,0.0875859,-0.72
1645336192.3624651,0,19.99298282484216,1020.07438,3.3969063,0.0875859,-0.00115968,0.0875859,-0.744
1645336195.924087,0,19.977627210870445,1020.02861,3.3959336,0.0875859,-0.00115968,0.0875859,-0.744
1645336199.4913237,0,19.9600099563752,1019.9761,3.3952252,0.0875859,-0.00115968,0.0875859,-0.72
1645336203.0598435,0,19.938406340107043,1019.91171,3.3939859,0.0875859,-0.00115968,0.0875859,-0.72
1645336206.620681,0,19.910245847341116,1019.82778,3.3935263,0.0875859,-0.00115968,0.0875859,-0.72
1645336210.1975412,0,19.87470562034771,1019.72186,3.3916599,0.0875859,-0.00115968,0.0875859,-0.72
1645336213.7809713,0,19.82984163334944,1019.58816,3.3901329,0.0875859,-0.00115968,0.0875859,-0.72
1645336217.3328414,0,19.77602800817423,1019.4278,3.3889048,0.0875859,-0.00115968,0.0875859,-0.744
1645336220.8928354,0,19.71520263081145,1019.24656,3.3876659,0.0875859,-0.00115968,0.0875859,-0.72
1645336224.4515696,0,19.64859556874805,1019.04811,3.3848788,0.0875859,-0.00115968,0.0875859,-0.744
1645336228.0368097,0,19.578001134312476,1018.8378,3.3825345,0.0875859,-0.00115968,0.0875859,-0.72
1645336231.592939,0,19.50642955406326,1018.6246,3.3793842,0.0875859,-0.00115968,0.0875859,-0.72
1645336235.1600287,0,19.43668070372535,1018.41685,3.3764815,0.0875859,-0.00115968,0.0875859,-0.72
1645336238.7317154,0,19.368919646441693,1018.21504,3.3730585,0.0875859,-0.00115968,0.0875859,-0.72
1645336242.2994728,0,19.30552449618479,1018.02625,3.3705368,0.0875859,-0.00115968,0.0875859,-0.72
1645336245.8619366,0,19.247735653156536,1017.85417,3.3672137,0.0875859,-0.00115968,0.0875859,-0.72
1645336249.416041,0,19.194822285363365,1017.69662,3.3638544,0.0875859,-0.00115968,0.0875859,-0.72
1645336252.978696,0,19.147474034133996,1017.55565,3.360625,0.0875859,-0.00115968,0.0875859,-0.72
1645336256.539883,0,19.10383443962409,1017.42573,3.3560149,0.0875859,-0.00115968,0.0875859,-0.72
1645336260.0984259,0,19.062449621017766,1017.30253,3.3531911,0.0875859,-0.00115968,0.0875859,-0.72
1645336263.6837807,0,19.021216956941537,1017.17979,3.3505353,0.0875859,-0.00115968,0.0875859,-0.744
1645336267.2497451,0,18.97860783654188,1017.05296,3.3482263,0.0875859,-0.00115968,0.0875859,-0.72
1645336270.8260415,0,18.933281433597454,1016.91805,3.3453381,0.0875859,-0.00115968,0.0875859,-0.72
1645336274.396845,0,18.88336902689855,1016.7695,3.3421654,0.0875859,-0.00115968,0.0875859,-0.72
1645336277.9593,0,18.828684842961085,1016.60676,3.3402326,0.0875859,-0.00115968,0.0875859,-0.72
1645336281.5059617,0,18.76983942673676,1016.43165,3.3373172,0.0875859,-0.00115968,0.0875859,-0.72
1645336285.0571895,0,18.705736097909462,1016.24091,3.3339455,0.0875859,-0.00115968,0.0875859,-0.72
1645336288.6267405,0,18.639038912141036,1016.04247,3.3317172,0.0875859,-0.00115968,0.0875859,-0.744
1645336292.2098074,0,18.569118536618824,1015.83446,3.3282067,0.0875859,-0.00115968,0.0875859,-0.72
1645336295.7995539,0,18.4985492421058,1015.62454,3.3244247,0.0875859,-0.00115968,0.0875859,-0.72
1645336299.3666835,0,18.428705984690044,1015.4168,3.3212599,0.0875859,-0.00115968,0.0875859,-0.744
1645336302.9372513,0,18.360348909150435,1015.2135,3.317897,0.0875859,-0.00115968,0.0875859,-0.72
1645336306.5017545,0,18.295724817870887,1015.02132,3.3146049,0.0875859,-0.00115968,0.0875859,-0.72
1645336310.0845366,0,18.234064562404864,1014.83797,3.3111722,0.0875859,-0.00115968,0.0875859,-0.72
1645336313.6362047,0,18.176707537393767,1014.66743,3.3066632,0.0875859,-0.00115968,0.0875859,-0.72
1645336317.2164946,0,18.122248769434734,1014.50552,3.3035771,0.0875859,-0.00115968,0.0875859,-0.72
1645336320.801788,0,18.070884022973438,1014.35282,3.3005542,0.0875859,-0.00115968,0.0875859,-0.72
1645336324.3730848,0,18.021160662419426,1014.20501,3.2976753,0.0875859,-0.00115968,0.0875859,-0.72
1645336327.94264,0,17.973610595090392,1014.06367,3.2946629,0.0875859,-0.00115968,0.0875859,-0.72
1645336331.501238,0,17.925458487863363,1013.92055,3.2915105,0.0875859,-0.00115968,0.0875859,-0.72
1645336335.07109,0,17.875519809835414,1013.77213,3.2878987,0.0875859,-0.00115968,0.0875859,-0.72
1645336338.6332216,0,17.823562000247883,1013.61772,3.284826,0.0875859,-0.00115968,0.0875859,-0.72
1645336342.2342227,0,17.768147636573488,1013.45305,3.2816376,0.0875859,-0.00115968,0.0875859,-0.72
1645336345.8129072,0,17.709195144855343,1013.27788,3.2787861,0.0875859,-0.00115968,0.0875859,-0.72
1645336349.3736856,0,17.647659561869837,1013.09505,3.2760553,0.0875859,-0.00115968,0.0875859,-0.72
1645336352.955025,0,17.581944656583467,1012.89982,3.2729778,0.0875859,-0.00115968,0.0875859,-0.72
1645336356.5418928,0,17.513355485003675,1012.69607,3.2686946,0.0875859,-0.00115968,0.0875859,-0.72
1645336360.096205,0,17.443062881263657,1012.48728,3.2654788,0.0875859,-0.00115968,0.0875859,-0.72
1645336363.6677806,0,17.372689318016672,1012.27827,3.2621278,0.0875859,-0.00115968,0.0875859,-0.72
1645336367.2315078,0,17.302628767734927,1012.07021,3.2596538,0.0875859,-0.00115968,0.0875859,-0.72
1645336370.7941728,0,17.23570354620686,1011.87148,3.2559185,0.0875859,-0.00115968,0.0875859,-0.72
1645336374.3517787,0,17.175898983960217,1011.69391,3.2525975,0.0875859,-0.00115968,0.0875859,-0.72
1645336377.9162552,0,17.12791566658712,1011.55145,3.2486703,0.0875859,-0.00115968,0.0875859,-0.72
1645336381.48985,0,17.092790087162108,1011.44717,3.2453505,0.0875859,-0.00115968,0.0875859,-0.72
1645336385.0599566,0,17.070207487240925,1011.38013,3.2419624,0.0875859,-0.00115968,0.0875859,-0.72
1645336388.6315937,0,17.058201770410516,1011.34449,3.239551,0.0875859,-0.00115968,0.0875859,-0.72
1645336392.1836421,0,17.05608963278573,1011.33822,3.2375428,0.0875859,-0.00115968,0.0875859,-0.72
1645336395.7384496,0,17.062432764243113,1011.35705,3.2352559,0.0875249,-0.00115968,0.0875249,-0.72
1645336399.3069725,0,17.077419579154167,1011.40154,3.2341361,0.0875859,-0.00115968,0.0875859,-0.72
1645336402.9000547,0,17.099799845751516,1011.46798,3.232697,0.0875859,-0.00115968,0.0875859,-0.72
1645336406.489945,0,17.126898436732304,1011.54843,3.2327101,0.0875859,-0.00115968,0.0875859,-0.72
1645336410.0682774,0,17.156717493734998,1011.63696,3.2331044,0.0875859,-0.00115968,0.0875859,-0.72
1645336413.6306715,0,17.186966420088662,1011.72677,3.2330465,0.0875859,-0.00115968,0.0875859,-0.72
1645336417.1824234,0,17.216422617303657,1011.81423,3.2338566,0.0875859,-0.00115968,0.0875859,-0.72
1645336420.7661405,0,17.24427455268794,1011.89693,3.234019,0.0875249,-0.00115968,0.0875249,-0.72
1645336424.3268003,0,17.271600056724346,1011.97807,3.2352764,0.0875249,-0.00115968,0.0875249,-0.72
1645336427.8880966,0,17.298422762085405,1012.05772,3.2362668,0.0875249,-0.00115968,0.0875249,-0.72
1645336431.437986,0,17.325534060148737,1012.13823,3.2377426,0.0875249,-0.00115968,0.0875249,-0.72
1645336435.0214944,0,17.35517650501674,1012.22626,3.2393081,0.0875859,-0.00115968,0.0875859,-0.72
1645336438.5863655,0,17.38725213753466,1012.32152,3.2402362,0.0875859,-0.00115968,0.0875859,-0.72
1645336442.146874,0,17.421370067635028,1012.42285,3.2412798,0.0875859,-0.00115968,0.0875859,-0.72
1645336445.7015147,0,17.457944115833286,1012.53148,3.2426974,0.0875859,-0.00115968,0.0875859,-0.72
1645336449.2698653,0,17.495825903074813,1012.644,3.2445952,0.0875859,-0.00115968,0.0875859,-0.72
1645336452.870624,0,17.535079183984635,1012.7606,3.2448678,0.0875249,-0.00115968,0.0875249,-0.72
1645336456.4125128,0,17.575454634225707,1012.88054,3.2477104,0.0875249,-0.00115968,0.0875249,-0.72
1645336459.994828,0,17.616490920357236,1013.00245,3.2505569,0.0875859,-0.00115968,0.0875859,-0.72
1645336463.560372,0,17.657905200038837,1013.12549,3.2519068,0.0875859,-0.00115968,0.0875859,-0.72
1645336467.133779,0,17.699243048083073,1013.24831,3.254424,0.0875859,-0.00115968,0.0875859,-0.72
1645336470.6985385,0,17.740766981640142,1013.37169,3.2552437,0.0875859,-0.00115968,0.0875859,-0.72
1645336474.258755,0,17.782227940689797,1013.49489,3.2580747,0.0875859,-0.00115968,0.0875859,-0.72
1645336477.8283231,0,17.823387017790317,1013.6172,3.2600204,0.0875859,-0.00115968,0.0875859,-0.72
1645336481.3825188,0,17.864005359986358,1013.73791,3.2625689,0.0875859,-0.00115968,0.0875859,-0.744
1645336484.946257,0,17.903877814101413,1013.85641,3.2643883,0.0875859,-0.00115968,0.0875859,-0.744
1645336488.5075998,0,17.943909550868497,1013.97539,3.2666161,0.0875859,-0.00115968,0.0875859,-0.72
1645336492.094825,0,17.98291631082848,1014.09133,3.2690432,0.0875859,-0.00115968,0.0875859,-0.72
1645336495.6453073,0,18.021618182806304,1014.20637,3.2714114,0.0875859,-0.00115968,0.0875859,-0.744
1645336499.2160387,0,18.059365975408113,1014.31858,3.2725849,0.0875859,-0.00115968,0.0875859,-0.72
1645336502.7708616,0,18.09650967101401,1014.429,3.2744317,0.0875859,-0.00115968,0.0875859,-0.72
1645336506.3284073,0,18.13249436942287,1014.53598,3.2773139,0.0875859,-0.00115968,0.0875859,-0.72
1645336509.9000819,0,18.168214918520658,1014.64218,3.2786111,0.0875859,-0.00115968,0.0875859,-0.72
1645336513.449866,0,18.203183683752496,1014.74615,3.2807223,0.0875859,-0.00115968,0.0875859,-0.72
1645336517.0066798,0,18.23728306598945,1014.84754,3.2835519,0.0875859,-0.00115968,0.0875859,-0.72
1645336520.5730102,0,18.270028923315945,1014.94491,3.2852976,0.0875859,-0.00115968,0.0875859,-0.72
1645336524.1716244,0,18.303042313315583,1015.04308,3.2876596,0.0875859,-0.00115968,0.0875859,-0.72
1645336527.7333403,0,18.33449055428509,1015.1366,3.2893908,0.0875859,-0.00115968,0.0875859,-0.72
1645336531.3101807,0,18.365268280206784,1015.22813,3.2906329,0.0875859,-0.00115968,0.0875859,-0.72
1645336534.8786733,0,18.395516796741248,1015.31809,3.293467,0.0875859,-0.00115968,0.0875859,-0.72
1645336538.4430072,0,18.424382163499118,1015.40394,3.2952992,0.0875859,-0.00115968,0.0875859,-0.72
1645336542.0046985,0,18.45299421394527,1015.48904,3.2967741,0.0875859,-0.00115968,0.0875859,-0.72
1645336545.558738,0,18.480193098214375,1015.56994,3.2983515,0.0875859,-0.00115968,0.0875859,-0.72
1645336549.1254652,0,18.506765649940753,1015.64898,3.2995908,0.0875859,-0.00115968,0.0875859,-0.72
1645336552.692255,0,18.53273210892603,1015.72622,3.3030097,0.0875859,-0.00115968,0.0875859,-0.72
1645336556.2707055,0,18.55815304979755,1015.80184,3.3042876,0.0875859,-0.00115968,0.0875859,-0.72
1645336559.848479,0,18.582621789598903,1015.87463,3.3047649,0.0875859,-0.00115968,0.0875859,-0.72
1645336563.4005947,0,18.606225821529737,1015.94485,3.3065276,0.0875859,-0.00115968,0.0875859,-0.72
1645336566.9600928,0,18.629338332553782,1016.01361,3.3077678,0.0875859,-0.00115968,0.0875859,-0.72
1645336570.5418355,0,18.6515795576159,1016.07978,3.3099684,0.0875859,-0.00115968,0.0875859,-0.72
1645336574.1081102,0,18.673379794763616,1016.14464,3.310393,0.0875859,-0.00115968,0.0875859,-0.72
1645336577.7048047,0,18.694658420779493,1016.20795,3.3112909,0.0875859,-0.00115968,0.0875859,-0.72
1645336581.2434995,0,18.715186942443285,1016.26903,3.3129734,0.0875859,-0.00115968,0.0875859,-0.72
1645336584.792116,0,18.73515026703223,1016.32843,3.3146018,0.0875859,-0.00115968,0.0875859,-0.72
1645336588.3449605,0,18.754803854132856,1016.38691,3.3152852,0.0875859,-0.00115968,0.0875859,-0.72
1645336591.9111645,0,18.77474255512668,1016.44624,3.3167607,0.0875859,-0.00115968,0.0875859,-0.72
1645336595.4672618,0,18.794122859565345,1016.50391,3.3187348,0.0875859,-0.00115968,0.0875859,-0.72
1645336599.0384827,0,18.813445514833223,1016.56141,3.3189127,0.0875859,-0.00115968,0.0875859,-0.72
1645336602.609336,0,18.832256881331798,1016.61739,3.3205058,0.0875859,-0.00115968,0.0875859,-0.72
1645336606.1885147,0,18.850620843787322,1016.67204,3.3221101,0.0875859,-0.00115968,0.0875859,-0.72
1645336609.7539997,0,18.868557597414846,1016.72542,3.3227,0.0875859,-0.00115968,0.0875859,-0.72
1645336613.3356504,0,18.886040293545143,1016.77745,3.32395,0.0875859,-0.00115968,0.0875859,-0.72
1645336616.9104195,0,18.903095845260868,1016.82821,3.3250753,0.0875859,-0.00115968,0.0875859,-0.72
1645336620.4623013,0,18.92000315626779,1016.87853,3.3260085,0.0875859,-0.00115968,0.0875859,-0.72
1645336624.023368,0,18.936117147306025,1016.92649,3.3272039,0.0875859,-0.00115968,0.0875859,-0.72
1645336627.6031737,0,18.951982154565403,1016.97371,3.3277354,0.0875859,-0.00115968,0.0875859,-0.72
1645336631.172461,0,18.967161433804744,1017.01889,3.3285791,0.0875859,-0.00115968,0.0875859,-0.72
1645336634.748602,0,18.982011149230104,1017.06309,3.329518,0.0875859,-0.00115968,0.0875859,-0.72
1645336638.323608,0,18.99663210808764,1017.10661,3.330934,0.0875859,-0.00115968,0.0875859,-0.72
1645336641.915872,0,19.010470007596634,1017.1478,3.3320817,0.0875859,-0.00115968,0.0875859,-0.72
1645336645.4697583,0,19.023998573200846,1017.18807,3.3321676,0.0875859,-0.00115968,0.0875859,-0.744
1645336649.0142403,0,19.037016260014138,1017.22682,3.3329207,0.0875859,-0.00115968,0.0875859,-0.744
1645336652.5740442,0,19.049556688902815,1017.26415,3.3343873,0.0875859,-0.00115968,0.0875859,-0.72
1645336656.1462538,0,19.06195581051917,1017.30106,3.3348343,0.0875859,-0.00115968,0.0875859,-0.72
1645336659.7324727,0,19.07386427538296,1017.33651,3.3351554,0.0875859,-0.00115968,0.0875859,-0.72
1645336663.312837,0,19.085715437730606,1017.37179,3.3364598,0.0875859,-0.00115968,0.0875859,-0.72
1645336666.8964744,0,19.096743427397872,1017.40462,3.3364808,0.0875859,-0.00115968,0.0875859,-0.72
1645336670.4516735,0,19.107653681590083,1017.4371,3.3379285,0.0875859,-0.00115968,0.0875859,-0.744
1645336674.0160906,0,19.118100229342787,1017.4682,3.3393764,0.0875859,-0.00115968,0.0875859,-0.72
1645336677.5823843,0,19.12839547290685,1017.49885,3.3389813,0.0875859,-0.00115968,0.0875859,-0.72
1645336681.1432633,0,19.138196811015778,1017.52803,3.3399684,0.0875859,-0.00115968,0.0875859,-0.72
1645336684.7186427,0,19.148018168779522,1017.55727,3.3407781,0.0875859,-0.00115968,0.0875859,-0.72
1645336688.2884266,0,19.157429617744075,1017.58529,3.3411269,0.0875859,-0.00115968,0.0875859,-0.72
1645336691.8511605,0,19.166458044137855,1017.61217,3.3414316,0.0875859,-0.00115968,0.0875859,-0.72
1645336695.4163501,0,19.175036287807494,1017.63771,3.3417301,0.0875859,-0.00115968,0.0875859,-0.72
1645336698.9804232,0,19.18323153865668,1017.66211,3.3425762,0.0875859,-0.00115968,0.0875859,-0.72
1645336702.5487034,0,19.191812941074122,1017.68766,3.3442893,0.087647,-0.00115968,0.087647,-0.72
1645336706.1046157,0,19.19938665743122,1017.71021,3.3445444,0.0875859,-0.00115968,0.0875859,-0.72
1645336709.6621614,0,19.207037541423002,1017.73299,3.34447,0.0875859,-0.00115968,0.0875859,-0.72
1645336713.2235346,0,19.214614456133212,1017.75555,3.344608,0.0875859,-0.00115968,0.0875859,-0.72
1645336716.791157,0,19.221969629495426,1017.77745,3.3443369,0.0875859,-0.00115968,0.0875859,-0.72
1645336720.3544624,0,19.229129936116063,1017.79877,3.3452763,0.0875859,-0.00115968,0.0875859,-0.744
1645336723.9208615,0,19.23598119471926,1017.81917,3.3456249,0.0875859,-0.00115968,0.0875859,-0.72
1645336727.4717221,0,19.24273163574211,1017.83927,3.3461384,0.0875859,-0.00115968,0.0875859,-0.72
1645336731.05305,0,19.249162967183818,1017.85842,3.3476066,0.0875859,-0.00115968,0.0875859,-0.72
1645336734.6241317,0,19.255825967459455,1017.87826,3.3475143,0.0875859,-0.00115968,0.0875859,-0.72
1645336738.1845267,0,19.262052324271806,1017.8968,3.347228,0.0875859,-0.00115968,0.0875859,-0.72
1645336741.7521882,0,19.268191311595658,1017.91508,3.3473813,0.0875859,-0.00115968,0.0875859,-0.744
1645336745.3044221,0,19.27425972299389,1017.93315,3.3477487,0.0875859,-0.00115968,0.0875859,-0.744
1645336748.8795655,0,19.277896715379946,1017.94398,3.3476262,0.0875859,-0.00115968,0.0875859,-0.72
1645336752.4409475,0,19.27723178185646,1017.942,3.3488876,0.0875859,-0.00115968,0.0875859,-0.72
1645336756.0076675,0,19.26970925881281,1017.9196,3.3495469,0.0875859,-0.00115968,0.0875859,-0.72
1645336759.5736809,0,19.25264560153328,1017.86879,3.3494954,0.0875859,-0.00115968,0.0875859,-0.744
1645336763.1374862,0,19.224817639909155,1017.78593,3.3489787,0.0875859,-0.00115968,0.0875859,-0.744
1645336766.691477,0,19.185733758538838,1017.66956,3.3485708,0.0875859,-0.00115968,0.0875859,-0.72
1645336770.2421725,0,19.136880120853956,1017.52411,3.3480727,0.0875859,-0.00115968,0.0875859,-0.72
1645336773.816214,0,19.078997115686615,1017.35179,3.347579,0.0875859,-0.00115968,0.0875859,-0.72
1645336777.3755538,0,19.0140915358088,1017.15858,3.3450872,0.0875859,-0.00115968,0.0875859,-0.72
1645336780.9367244,0,18.94529954166994,1016.95382,3.3427715,0.0875859,-0.00115968,0.0875859,-0.744
1645336784.5014126,0,18.875791983893418,1016.74695,3.3406498,0.0875859,-0.00115968,0.0875859,-0.72
1645336788.0990155,0,18.80817300177848,1016.54572,3.3381838,0.0875859,-0.00115968,0.0875859,-0.72
1645336791.6658316,0,18.74392857714891,1016.35455,3.3348104,0.0875859,-0.00115968,0.0875859,-0.72
1645336795.2297413,0,18.686729845049392,1016.18436,3.3321578,0.0875859,-0.00115968,0.0875859,-0.72
1645336798.8057,0,18.636329754432747,1016.03441,3.3288338,0.0875859,-0.00115968,0.0875859,-0.72
1645336802.3694994,0,18.59139523855183,1015.90073,3.3257491,0.0875859,-0.00115968,0.0875859,-0.72
1645336805.9364667,0,18.55295598262191,1015.78638,3.3227486,0.0875859,-0.00115968,0.0875859,-0.72
1645336809.5127096,0,18.517449529217508,1015.68076,3.3188958,0.0875859,-0.00115968,0.0875859,-0.72
1645336813.0716527,0,18.481763138370724,1015.57461,3.3163676,0.0875859,-0.00115968,0.0875859,-0.72
1645336816.648447,0,18.443943380560206,1015.46212,3.3130497,0.0875859,-0.00115968,0.0875859,-0.744
1645336820.2159858,0,18.401804401091404,1015.33679,3.3123862,0.0875859,-0.00115968,0.0875859,-0.72
1645336823.79112,0,18.354091205323538,1015.19489,3.3108735,0.0875859,-0.00115968,0.0875859,-0.72
1645336827.367104,0,18.301135601779162,1015.03741,3.3067021,0.0875249,-0.00122071,0.0875249,-0.762
1645336830.950995,0,18.241106912018797,1014.85891,3.3050813,0.0875249,-0.00122071,0.0875249,-0.762
1645336834.5234358,0,18.175785966971706,1014.66469,3.3002476,0.0875859,-0.00115968,0.0875859,-0.744
1645336838.09214,0,18.106917096516224,1014.45994,3.297806,0.0875859,-0.00115968,0.0875859,-0.744
1645336841.6448872,0,18.035145179682228,1014.24658,3.2961211,0.0875859,-0.00115968,0.0875859,-0.72
1645336845.2092912,0,17.963901032195455,1014.03481,3.2934179,0.0875859,-0.00103761,0.0875859,-0.678
1645336848.7759688,0,17.89309059886615,1013.82435,3.2889857,0.0875859,-0.00109864,0.0875859,-0.696
1645336852.3397563,0,17.82368650697064,1013.61809,3.2858021,0.0875859,-0.00115968,0.0875859,-0.72
1645336855.9129043,0,17.758028088858897,1013.42298,3.2825536,0.0875859,-0.00115968,0.0875859,-0.72
1645336859.4732993,0,17.696914028860675,1013.24139,3.2795259,0.0875859,-0.00115968,0.0875859,-0.72
1645336863.0398035,0,17.63926839651473,1013.07012,3.2746417,0.0875859,-0.00115968,0.0875859,-0.744
1645336866.6066806,0,17.586219691137803,1012.91252,3.2699358,0.0875249,-0.00115968,0.0875249,-0.744
1645336870.1717696,0,17.535664937108606,1012.76234,3.2671487,0.0875249,-0.00115968,0.0875249,-0.72
1645336873.744838,0,17.487810025031386,1012.62019,3.2649028,0.0875249,-0.00115968,0.0875249,-0.72
1645336877.3217893,0,17.43941659507249,1012.47645,3.2617313,0.0875859,-0.00115968,0.0875859,-0.72
1645336880.9090197,0,17.391026637467814,1012.33273,3.2589082,0.0875859,-0.00115968,0.0875859,-0.72
1645336884.46978,0,17.339875593491904,1012.18082,3.2566158,0.0875859,-0.00115968,0.0875859,-0.72
1645336888.0224686,0,17.286582504969292,1012.02256,3.2532508,0.0875859,-0.00115968,0.0875859,-0.72
1645336891.5998733,0,17.228914024029677,1011.85132,3.2504487,0.0875859,-0.00115968,0.0875859,-0.72
1645336895.1663523,0,17.166397558315683,1011.6657,3.2479636,0.0875859,-0.00115968,0.0875859,-0.72
1645336898.736351,0,17.10131564230579,1011.47248,3.2444639,0.0875859,-0.00115968,0.0875859,-0.72
1645336902.302375,0,17.032818652323137,1011.26914,3.2406585,0.0875859,-0.00115968,0.0875859,-0.72
1645336905.8678422,0,16.96137728314755,1011.05708,3.2371764,0.0875249,-0.00115968,0.0875249,-0.744
1645336909.4375212,0,16.88861472321634,1010.84112,3.2338593,0.0875249,-0.00115968,0.0875249,-0.744
1645336913.012162,0,16.815373014974618,1010.62376,3.2307145,0.0875859,-0.00115968,0.0875859,-0.72
1645336916.5945313,0,16.745129969252037,1010.41532,3.2276909,0.0875859,-0.00115968,0.0875859,-0.72
1645336920.1766486,0,16.676575371783116,1010.21191,3.2238092,0.0875249,-0.00115968,0.0875249,-0.72
1645336923.7439384,0,16.610936655821682,1010.01717,3.2194666,0.0875859,-0.00115968,0.0875859,-0.72
1645336927.312792,0,16.548845004570435,1009.83297,3.2158031,0.0875249,-0.00115968,0.0875249,-0.72
1645336930.8650901,0,16.490156373377427,1009.65888,3.2122898,0.0875249,-0.00115968,0.0875249,-0.744
1645336934.4405763,0,16.433812925965658,1009.49176,3.2088148,0.0875249,-0.00115968,0.0875249,-0.72
1645336937.9989402,0,16.379872536210677,1009.33178,3.2085988,0.0875859,-0.00115968,0.0875859,-0.72
1645336941.5571723,0,16.32643052724163,1009.17329,3.2060856,0.0875249,-0.00115968,0.0875249,-0.72
1645336945.1164763,0,16.274552663809608,1009.01945,3.1976211,0.0875859,-0.00128175,0.0875859,-0.81
1645336948.6874182,0,16.22145017732782,1008.86199,3.1958174,0.0875249,-0.00115968,0.0875249,-0.744
1645336952.2422554,0,16.168006474818814,1008.70353,3.1928112,0.0875249,-0.00115968,0.0875249,-0.72
1645336955.8174698,0,16.11163095564184,1008.53639,3.1910598,0.0875249,-0.00115968,0.0875249,-0.72
1645336959.3761065,0,16.053722872495634,1008.36472,3.1876688,0.0875859,-0.00115968,0.0875859,-0.744
1645336962.935477,0,15.993283256589402,1008.18556,3.1854081,0.0875859,-0.00109864,0.0875859,-0.696
1645336966.5055566,0,15.929268919650998,1007.99582,3.1822104,0.0875859,-0.00115968,0.0875859,-0.72
1645336970.0672204,0,15.863784439512486,1007.80174,3.1773645,0.0875249,-0.00115968,0.0875249,-0.72
1645336973.6276553,0,15.796248987289776,1007.6016,3.1737542,0.0875249,-0.00115968,0.0875249,-0.72
