time,tc temp (C),tr temp (C),tr res (ohm),sr2124,x,y,r,theta
1665959482.6223693,0,0,0,4.52883,0.00904089,-5.3406e-05,0.00904089,-0.336
1665959487.6708438,0,0,0,4.506895,0.00905615,-5.3406e-05,0.00905615,-0.294
1665959492.7337778,0,0,0,4.514206,0.00904852,-5.3406e-05,0.00904852,-0.294
1665959497.7927434,0,0,0,4.506895,0.00904852,-3.81472e-05,0.00904852,-0.21
1665959502.8496182,0,0,0,4.499583,0.00904852,-3.81472e-05,0.00904852,-0.21
1665959507.8955054,0,0,0,4.499583,0.00903326,-4.57766e-05,0.00903326,-0.252
1665959512.9669132,0,0,0,4.506895,0.00903326,-3.81472e-05,0.00903326,-0.21
1665959518.039736,0,0,0,4.499583,0.00904852,-3.81472e-05,0.00904852,-0.21
1665959523.0946913,0,0,0,4.514206,0.00903326,-4.57766e-05,0.00903326,-0.252
1665959528.1449533,0,0,0,4.514206,0.00904089,-5.3406e-05,0.00904089,-0.336
1665959533.1997812,0,0,0,4.521518,0.00905615,-4.57766e-05,0.00905615,-0.252
1665959538.2595026,0,0,0,4.514206,0.00905615,-4.57766e-05,0.00905615,-0.252
1665959543.3182898,0,0,0,4.521518,0.00903326,-3.81472e-05,0.00903326,-0.21
1665959548.3806002,0,0,0,4.514206,0.00904089,-4.57766e-05,0.00904089,-0.21
1665959553.4332397,0,0,0,4.506895,0.00903326,-5.3406e-05,0.00903326,-0.294
1665959558.504745,0,0,0,4.506895,0.00904852,-5.3406e-05,0.00904852,-0.294
1665959563.5740411,0,0,0,4.506895,0.00904089,-5.3406e-05,0.00904089,-0.294
1665959568.6288419,0,0,0,4.506895,0.00905615,-4.57766e-05,0.00905615,-0.252
1665959573.679292,0,0,0,4.506895,0.00904089,-4.57766e-05,0.00904089,-0.21
1665959578.726922,0,0,0,4.506895,0.00904852,-5.3406e-05,0.00904852,-0.336
1665959583.784137,0,0,0,4.514206,0.00905615,-3.81472e-05,0.00905615,-0.21
1665959588.8529797,0,0,0,4.499583,0.00904089,-3.81472e-05,0.00904089,-0.21
1665959593.9088101,0,0,0,4.521518,0.00904089,-5.3406e-05,0.00904089,-0.294
1665959598.9741488,0,0,0,4.506895,0.00904089,-5.3406e-05,0.00904089,-0.294
1665959604.019941,0,0,0,4.514206,0.00904852,-3.81472e-05,0.00904852,-0.21
1665959609.0892813,0,0,0,4.499583,0.00903326,-4.57766e-05,0.00903326,-0.252
1665959614.1348536,0,0,0,4.514206,0.00905615,-5.3406e-05,0.00905615,-0.294
1665959619.1834002,0,0,0,4.514206,0.00904089,-3.81472e-05,0.00904089,-0.21
1665959624.2594433,0,0,0,4.506895,0.00904089,-5.3406e-05,0.00904089,-0.294
1665959629.3152955,0,0,0,4.499583,0.00904852,-3.81472e-05,0.00904852,-0.21
1665959634.3896267,0,0,0,4.499583,0.00904852,-3.81472e-05,0.00904852,-0.21
1665959639.4321134,0,0,0,4.514206,0.00904852,-5.3406e-05,0.00904089,-0.294
1665959644.4886959,0,0,0,4.521518,0.00905615,-4.57766e-05,0.00905615,-0.252
1665959649.5346386,0,0,0,4.499583,0.00904852,-5.3406e-05,0.00904852,-0.336
1665959654.6036694,0,0,0,4.521518,0.00905615,-4.57766e-05,0.00905615,-0.252
1665959659.649558,0,0,0,4.521518,0.00904089,-5.3406e-05,0.00904089,-0.294
1665959664.7179563,0,0,0,4.506895,0.00905615,-4.57766e-05,0.00905615,-0.252
1665959669.770713,0,0,0,4.506895,0.00903326,-5.3406e-05,0.00903326,-0.294
1665959674.8100283,0,0,0,4.499583,0.00904852,-3.05178e-05,0.00904852,-0.168
1665959679.8855443,0,0,0,4.521518,0.00903326,-5.3406e-05,0.00903326,-0.294
1665959684.9343262,0,0,0,4.499583,0.00905615,-3.81472e-05,0.00905615,-0.21
1665959689.980172,0,0,0,4.506895,0.00905615,-5.3406e-05,0.00905615,-0.294
1665959695.0358143,0,0,0,4.506895,0.00904089,-4.57766e-05,0.00904089,-0.21
1665959700.104558,0,0,0,4.514206,0.00905615,-3.81472e-05,0.00905615,-0.21
1665959705.1505897,0,0,0,4.506895,0.00904089,-5.3406e-05,0.00904089,-0.294
1665959710.1989827,0,0,0,4.514206,0.00904089,-3.81472e-05,0.00904089,-0.21
1665959715.2512,0,0,0,4.499583,0.00905615,-4.57766e-05,0.00905615,-0.252
1665959720.2931328,0,0,0,4.506895,0.00904852,-5.3406e-05,0.00904089,-0.336
1665959725.3301935,0,0,0,4.506895,0.00904852,-5.3406e-05,0.00904852,-0.294
1665959730.3604722,0,0,0,4.499583,0.00905615,-5.3406e-05,0.00905615,-0.294
1665959735.4206858,0,0,0,4.499583,0.00905615,-5.3406e-05,0.00905615,-0.294
1665959740.4667063,0,0,0,4.506895,0.00904852,-3.81472e-05,0.00904852,-0.21
1665959745.529935,0,0,0,4.514206,0.00904852,-5.3406e-05,0.00904852,-0.336
1665959750.5816212,0,0,0,4.506895,0.00904852,-5.3406e-05,0.00904852,-0.336
1665959755.6656673,0,0,0,4.499583,0.00905615,-5.3406e-05,0.00905615,-0.294
1665959760.741657,0,0,0,4.52883,0.00904089,-3.81472e-05,0.00904089,-0.21
1665959765.8004346,0,0,0,4.514206,0.00905615,-4.57766e-05,0.00905615,-0.252
1665959770.86289,0,0,0,4.492271,0.00904089,-4.57766e-05,0.00904089,-0.252
1665959775.9026043,0,0,0,4.506895,0.00904089,-3.81472e-05,0.00904089,-0.21
1665959780.9760942,0,0,0,4.514206,0.00905615,-4.57766e-05,0.00905615,-0.252
1665959786.0447202,0,0,0,4.506895,0.00904089,-4.57766e-05,0.00904089,-0.252
1665959791.0849032,0,0,0,4.52883,0.00904089,-4.57766e-05,0.00904089,-0.252
1665959796.16166,0,0,0,4.492271,0.00905615,-4.57766e-05,0.00905615,-0.252
1665959801.2007658,0,0,0,4.506895,0.00905615,-4.57766e-05,0.00906378,-0.252
1665959806.239798,0,0,0,4.506895,0.00905615,-5.3406e-05,0.00905615,-0.294
1665959811.2718427,0,0,0,4.492271,0.00904852,-3.81472e-05,0.00905615,-0.21
1665959816.3144593,0,0,0,4.506895,0.00904852,-3.81472e-05,0.00904852,-0.21
1665959821.366866,0,0,0,4.506895,0.00905615,-4.57766e-05,0.00905615,-0.252
1665959826.4124415,0,0,0,4.506895,0.00905615,-3.81472e-05,0.00905615,-0.21
1665959831.46164,0,0,0,4.506895,0.00905615,-4.57766e-05,0.00905615,-0.252
1665959836.4951656,0,0,0,4.499583,0.00904089,-3.81472e-05,0.00904089,-0.21
1665959841.5444338,0,0,0,4.492271,0.00904089,-3.81472e-05,0.00904089,-0.21
1665959846.5995305,0,0,0,4.506895,0.00904852,-3.81472e-05,0.00904852,-0.21
1665959851.6310198,0,0,0,4.506895,0.00904089,-4.57766e-05,0.00904089,-0.252
1665959856.6700172,0,0,0,4.499583,0.00904089,-5.3406e-05,0.00904089,-0.294
1665959861.7390559,0,0,0,4.499583,0.00904089,-5.3406e-05,0.00904089,-0.294
1665959866.7913888,0,0,0,4.506895,0.00904852,-3.05178e-05,0.00904852,-0.168
1665959871.848523,0,0,0,4.514206,0.00904089,-3.81472e-05,0.00904089,-0.21
1665959876.8860748,0,0,0,4.506895,0.00904089,-5.3406e-05,0.00904089,-0.294
1665959881.9451365,0,0,0,4.521518,0.00904089,-3.81472e-05,0.00904089,-0.21
1665959886.9908342,0,0,0,4.521518,0.00904089,-5.3406e-05,0.00904089,-0.294
1665959892.0198255,0,0,0,4.514206,0.00905615,-5.3406e-05,0.00905615,-0.294
1665959897.067969,0,0,0,4.521518,0.00906378,-3.81472e-05,0.00906378,-0.252
1665959902.101176,0,0,0,4.514206,0.00904852,-3.81472e-05,0.00904852,-0.21
1665959907.1429348,0,0,0,4.506895,0.00904852,-5.3406e-05,0.00904852,-0.294
1665959912.1858609,0,0,0,4.506895,0.00905615,-5.3406e-05,0.00905615,-0.294
1665959917.231591,0,0,0,4.514206,0.00906378,-4.57766e-05,0.00906378,-0.294
1665959922.26061,0,0,0,4.499583,0.00904089,-4.57766e-05,0.00904089,-0.252
1665959927.3162282,0,0,0,4.492271,0.00904089,-4.57766e-05,0.00904089,-0.252
1665959932.3519404,0,0,0,4.499583,0.00904852,-5.3406e-05,0.00904852,-0.294
1665959937.377713,0,0,0,4.499583,0.00904089,-3.81472e-05,0.00904089,-0.21
1665959942.4166822,0,0,0,4.52883,0.00905615,-5.3406e-05,0.00905615,-0.294
1665959947.4524717,0,0,0,4.52883,0.00904852,-3.81472e-05,0.00904852,-0.21
1665959952.49145,0,0,0,4.499583,0.00904089,-4.57766e-05,0.00904089,-0.252
1665959957.559575,0,0,0,4.506895,0.00904852,-5.3406e-05,0.00904852,-0.294
1665959962.58615,0,0,0,4.499583,0.00905615,-4.57766e-05,0.00905615,-0.252
1665959967.6287396,0,0,0,4.514206,0.00904852,-3.81472e-05,0.00904852,-0.21
1665959972.687498,0,0,0,4.506895,0.00904852,-5.3406e-05,0.00904852,-0.294
1665959977.7132583,0,0,0,4.499583,0.00905615,-4.57766e-05,0.00905615,-0.252
1665959982.7522318,0,0,0,4.521518,0.00904852,-5.3406e-05,0.00904089,-0.294
1665959987.7946308,0,0,0,4.506895,0.00904852,-5.3406e-05,0.00904852,-0.294
1665959992.8435597,0,0,0,4.514206,0.00905615,-3.81472e-05,0.00905615,-0.21
1665959997.899341,0,0,0,4.506895,0.00905615,-3.81472e-05,0.00905615,-0.21
1665960002.9382918,0,0,0,4.506895,0.00904089,-5.3406e-05,0.00904089,-0.294
1665960007.9619782,0,0,0,4.506895,0.00904852,-3.81472e-05,0.00904852,-0.21
1665960013.0029418,0,0,0,4.521518,0.00905615,-5.3406e-05,0.00905615,-0.294
1665960018.051133,0,0,0,4.506895,0.00905615,-3.81472e-05,0.00905615,-0.21
1665960023.0843804,0,0,0,4.521518,0.00904852,-5.3406e-05,0.00904852,-0.294
1665960028.1118474,0,0,0,4.499583,0.00904089,-4.57766e-05,0.00904852,-0.252
1665960033.1491451,0,0,0,4.52883,0.00906378,-5.3406e-05,0.00905615,-0.294
1665960038.197158,0,0,0,4.499583,0.00904852,-3.81472e-05,0.00904852,-0.21
1665960043.2240427,0,0,0,4.521518,0.00906378,-4.57766e-05,0.00906378,-0.252
1665960048.2796712,0,0,0,4.514206,0.00904852,-3.81472e-05,0.00904852,-0.21
1665960053.3252943,0,0,0,4.499583,0.00904852,-5.3406e-05,0.00904852,-0.294
1665960058.3642087,0,0,0,4.506895,0.00904852,-3.05178e-05,0.00904852,-0.168
1665960063.4299307,0,0,0,4.506895,0.00904089,-4.57766e-05,0.00904089,-0.252
1665960068.4724197,0,0,0,4.492271,0.00906378,-5.3406e-05,0.00906378,-0.294
1665960073.504673,0,0,0,4.506895,0.00904852,-5.3406e-05,0.00904852,-0.294
1665960078.5437014,0,0,0,4.521518,0.00905615,-3.81472e-05,0.00905615,-0.21
1665960083.5793717,0,0,0,4.514206,0.00905615,-5.3406e-05,0.00904852,-0.294
1665960088.6071372,0,0,0,4.506895,0.00904852,-5.3406e-05,0.00904852,-0.294
1665960093.640793,0,0,0,4.514206,0.00904089,-4.57766e-05,0.00904852,-0.252
1665960098.6819723,0,0,0,4.514206,0.00906378,-5.3406e-05,0.00906378,-0.294
1665960103.755519,0,0,0,4.514206,0.00906378,-4.57766e-05,0.00906378,-0.294
1665960108.7944417,0,0,0,4.514206,0.00904852,-5.3406e-05,0.00904089,-0.294
1665960113.850129,0,0,0,4.521518,0.00906378,-4.57766e-05,0.00906378,-0.252
1665960118.890825,0,0,0,4.499583,0.00904089,-4.57766e-05,0.00904089,-0.252
1665960123.9329317,0,0,0,4.499583,0.00905615,-3.05178e-05,0.00905615,-0.168
1665960128.989385,0,0,0,4.521518,0.00904089,-4.57766e-05,0.00904089,-0.252
1665960134.049262,0,0,0,4.492271,0.00906378,-5.3406e-05,0.00906378,-0.294
1665960139.110005,0,0,0,4.514206,0.00904852,-3.81472e-05,0.00904852,-0.21
1665960144.1550953,0,0,0,4.506895,0.00906378,-4.57766e-05,0.00906378,-0.252
1665960149.2149312,0,0,0,4.521518,0.00906378,-4.57766e-05,0.00906378,-0.252
1665960154.2601905,0,0,0,4.514206,0.00904852,-5.3406e-05,0.00904852,-0.294
1665960159.303373,0,0,0,4.514206,0.00904852,-3.81472e-05,0.00904852,-0.168
1665960164.3655806,0,0,0,4.521518,0.00904852,-5.3406e-05,0.00904852,-0.294
1665960169.4076736,0,0,0,4.514206,0.00904852,-3.05178e-05,0.00904852,-0.168
1665960174.4631207,0,0,0,4.521518,0.00906378,-4.57766e-05,0.00906378,-0.252
1665960179.5110471,0,0,0,4.499583,0.00904852,-5.3406e-05,0.00904852,-0.294
1665960184.56737,0,0,0,4.506895,0.00906378,-5.3406e-05,0.00905615,-0.294
1665960189.6183565,0,0,0,4.514206,0.00904089,-4.57766e-05,0.00904089,-0.252
1665960194.6578012,0,0,0,4.521518,0.00905615,-3.81472e-05,0.00905615,-0.21
1665960199.7101436,0,0,0,4.521518,0.00906378,-5.3406e-05,0.00905615,-0.294
1665960204.7711496,0,0,0,4.514206,0.00904852,-3.81472e-05,0.00904852,-0.21
1665960209.802597,0,0,0,4.492271,0.00906378,-5.3406e-05,0.00906378,-0.294
1665960214.875397,0,0,0,4.521518,0.00904852,-5.3406e-05,0.00904852,-0.294
1665960219.9288077,0,0,0,4.499583,0.00905615,-5.3406e-05,0.00905615,-0.336
1665960224.9787817,0,0,0,4.514206,0.00904852,-3.81472e-05,0.00904852,-0.21
1665960230.0282156,0,0,0,4.506895,0.00906378,-4.57766e-05,0.00906378,-0.252
1665960235.0855224,0,0,0,4.506895,0.00904089,-5.3406e-05,0.00904089,-0.294
1665960240.1441038,0,0,0,4.521518,0.00905615,-3.81472e-05,0.00905615,-0.21
1665960245.1875312,0,0,0,4.521518,0.00905615,-5.3406e-05,0.00905615,-0.294
1665960250.2459826,0,0,0,4.514206,0.00904089,-4.57766e-05,0.00904089,-0.252
1665960255.3000214,0,0,0,4.521518,0.00905615,-5.3406e-05,0.00905615,-0.294
1665960260.3618786,0,0,0,4.499583,0.00904089,-3.81472e-05,0.00904089,-0.21
1665960265.397689,0,0,0,4.521518,0.00905615,-3.81472e-05,0.00905615,-0.21
1665960270.4433582,0,0,0,4.506895,0.00905615,-5.3406e-05,0.00905615,-0.294
1665960275.4921956,0,0,0,4.499583,0.00904852,-5.3406e-05,0.00904852,-0.294
1665960280.5514278,0,0,0,4.521518,0.00905615,-3.81472e-05,0.00905615,-0.21
1665960285.6036,0,0,0,4.514206,0.00906378,-4.57766e-05,0.00906378,-0.252
1665960290.6427186,0,0,0,4.506895,0.00905615,-5.3406e-05,0.00905615,-0.294
1665960295.7085974,0,0,0,4.499583,0.00904089,-4.57766e-05,0.00904089,-0.21
1665960300.7573643,0,0,0,4.506895,0.00906378,-5.3406e-05,0.00905615,-0.294
1665960305.8150582,0,0,0,4.521518,0.00904852,-5.3406e-05,0.00904852,-0.336
1665960310.8673966,0,0,0,4.499583,0.00904852,-3.81472e-05,0.00904852,-0.21
1665960315.9196775,0,0,0,4.521518,0.00905615,-4.57766e-05,0.00905615,-0.252
1665960320.9659727,0,0,0,4.506895,0.00904852,-5.3406e-05,0.00904852,-0.294
1665960326.02689,0,0,0,4.506895,0.00904089,-4.57766e-05,0.00904089,-0.252
1665960331.0792449,0,0,0,4.506895,0.00904852,-3.81472e-05,0.00905615,-0.21
1665960336.1163747,0,0,0,4.506895,0.00905615,-4.57766e-05,0.00905615,-0.252
1665960341.1698675,0,0,0,4.499583,0.00905615,-5.3406e-05,0.00905615,-0.294
1665960346.2013566,0,0,0,4.514206,0.00905615,-5.3406e-05,0.00905615,-0.294
1665960351.2498035,0,0,0,4.499583,0.00904852,-5.3406e-05,0.00904852,-0.336
1665960356.3034182,0,0,0,4.521518,0.00904089,-3.81472e-05,0.00904852,-0.21
1665960361.3592849,0,0,0,4.514206,0.00904852,-3.81472e-05,0.00905615,-0.21
1665960366.4281201,0,0,0,4.514206,0.00904852,-5.3406e-05,0.00904852,-0.336
1665960371.4704416,0,0,0,4.521518,0.00904089,-4.57766e-05,0.00904089,-0.252
1665960376.5129676,0,0,0,4.514206,0.00904089,-4.57766e-05,0.00903326,-0.252
1665960381.575651,0,0,0,4.521518,0.00904852,-3.81472e-05,0.00905615,-0.21
1665960386.6263702,0,0,0,4.506895,0.00906378,-4.57766e-05,0.00906378,-0.252
1665960391.69706,0,0,0,4.514206,0.00905615,-5.3406e-05,0.00905615,-0.336
1665960396.7627597,0,0,0,4.521518,0.00905615,-4.57766e-05,0.00905615,-0.252
1665960401.8212163,0,0,0,4.521518,0.00905615,-5.3406e-05,0.00905615,-0.294
1665960406.8706422,0,0,0,4.506895,0.00905615,-5.3406e-05,0.00905615,-0.294
1665960411.905519,0,0,0,4.521518,0.00904089,-5.3406e-05,0.00904089,-0.294
1665960416.9643798,0,0,0,4.514206,0.00904089,-5.3406e-05,0.00904089,-0.294
1665960422.0341356,0,0,0,4.52883,0.00905615,-4.57766e-05,0.00905615,-0.252
1665960427.1009357,0,0,0,4.521518,0.00904089,-5.3406e-05,0.00904089,-0.294
1665960432.158955,0,0,0,4.506895,0.00904089,-4.57766e-05,0.00904089,-0.252
1665960437.188207,0,0,0,4.521518,0.00904089,-4.57766e-05,0.00904089,-0.252
1665960442.2249885,0,0,0,4.506895,0.00904089,-5.3406e-05,0.00904089,-0.336
1665960447.280937,0,0,0,4.492271,0.00903326,-4.57766e-05,0.00903326,-0.252
1665960452.3315077,0,0,0,4.521518,0.00904089,-4.57766e-05,0.00904089,-0.252
1665960457.395994,0,0,0,4.514206,0.00905615,-3.81472e-05,0.00905615,-0.21
1665960462.4327776,0,0,0,4.492271,0.00904852,-3.81472e-05,0.00904852,-0.21
1665960467.5044866,0,0,0,4.506895,0.00906378,-4.57766e-05,0.00906378,-0.252
1665960472.6013758,0,0,0,4.521518,0.00903326,-4.57766e-05,0.00904089,-0.21
1665960477.6594408,0,0,0,4.499583,0.00904852,-5.3406e-05,0.00904852,-0.336
1665960482.7082288,0,0,0,4.514206,0.00904089,-5.3406e-05,0.00904089,-0.294
1665960487.7802646,0,0,0,4.514206,0.00903326,-4.57766e-05,0.00903326,-0.252
1665960492.851254,0,0,0,4.521518,0.00905615,-4.57766e-05,0.00905615,-0.252
1665960497.9102716,0,0,0,4.499583,0.00905615,-5.3406e-05,0.00905615,-0.294
1665960502.9735975,0,0,0,4.499583,0.00904089,-5.3406e-05,0.00904089,-0.294
1665960508.0374331,0,0,0,4.499583,0.00904089,-4.57766e-05,0.00904089,-0.252
1665960513.0909734,0,0,0,4.514206,0.00904089,-3.81472e-05,0.00904089,-0.21
1665960518.1508887,0,0,0,4.499583,0.00905615,-3.81472e-05,0.00905615,-0.252
1665960523.1951458,0,0,0,4.506895,0.00904089,-3.81472e-05,0.00904089,-0.21
1665960528.2402387,0,0,0,4.499583,0.00904852,-3.81472e-05,0.00904852,-0.21
1665960533.302309,0,0,0,4.514206,0.00905615,-3.81472e-05,0.00905615,-0.252
1665960538.3550966,0,0,0,4.514206,0.00904852,-5.3406e-05,0.00904852,-0.294
1665960543.4136705,0,0,0,4.52883,0.00904089,-5.3406e-05,0.00904089,-0.294
1665960548.4836776,0,0,0,4.499583,0.00904089,-5.3406e-05,0.00904089,-0.294
1665960553.542198,0,0,0,4.514206,0.00904089,-3.81472e-05,0.00904089,-0.21
1665960558.5938342,0,0,0,4.499583,0.00904089,-4.57766e-05,0.00904089,-0.252
1665960563.6702216,0,0,0,4.521518,0.00904852,-3.81472e-05,0.00904852,-0.21
1665960568.7184577,0,0,0,4.499583,0.00904852,-3.81472e-05,0.00904852,-0.21
1665960573.7547674,0,0,0,4.521518,0.00904852,-3.81472e-05,0.00904852,-0.21
1665960578.7996318,0,0,0,4.506895,0.00904852,-5.3406e-05,0.00904852,-0.336
1665960583.848142,0,0,0,4.514206,0.00904852,-5.3406e-05,0.00904089,-0.336
1665960588.9139228,0,0,0,4.506895,0.00903326,-5.3406e-05,0.00903326,-0.294
1665960593.977788,0,0,0,4.514206,0.00904089,-5.3406e-05,0.00904089,-0.294
1665960599.0231645,0,0,0,4.514206,0.00903326,-3.81472e-05,0.00903326,-0.21
1665960604.0635629,0,0,0,4.506895,0.00904089,-5.3406e-05,0.00904089,-0.336
1665960609.1143606,0,0,0,4.514206,0.00904852,-5.3406e-05,0.00904852,-0.336
1665960614.183624,0,0,0,4.521518,0.00905615,-5.3406e-05,0.00905615,-0.336
1665960619.2592402,0,0,0,4.514206,0.00904089,-5.3406e-05,0.00904089,-0.294
1665960624.3084116,0,0,0,4.506895,0.00904089,-3.81472e-05,0.00904089,-0.21
1665960629.3569677,0,0,0,4.514206,0.00904089,-5.3406e-05,0.00903326,-0.294
1665960634.4384174,0,0,0,4.52883,0.00904089,-3.81472e-05,0.00904089,-0.21
1665960639.5051198,0,0,0,4.506895,0.00904852,-4.57766e-05,0.00905615,-0.252
1665960644.5672936,0,0,0,4.514206,0.00904089,-3.81472e-05,0.00904089,-0.21
1665960649.630233,0,0,0,4.514206,0.00904852,-5.3406e-05,0.00904852,-0.336
1665960654.6690524,0,0,0,4.514206,0.00905615,-4.57766e-05,0.00905615,-0.252
1665960659.7241943,0,0,0,4.506895,0.00904089,-3.81472e-05,0.00904089,-0.21
1665960664.7825768,0,0,0,4.521518,0.00904852,-3.81472e-05,0.00904852,-0.21
1665960669.8362453,0,0,0,4.499583,0.00904089,-4.57766e-05,0.00904089,-0.252
1665960674.9085577,0,0,0,4.506895,0.00904852,-3.81472e-05,0.00904852,-0.21
1665960680.0044892,0,0,0,4.492271,0.00904852,-5.3406e-05,0.00904852,-0.336
1665960685.0547369,0,0,0,4.514206,0.00904852,-5.3406e-05,0.00904089,-0.336
1665960690.1141703,0,0,0,4.506895,0.00905615,-4.57766e-05,0.00905615,-0.252
1665960695.161292,0,0,0,4.514206,0.00905615,-5.3406e-05,0.00905615,-0.294
1665960700.213202,0,0,0,4.514206,0.00905615,-3.81472e-05,0.00905615,-0.21
1665960705.2471545,0,0,0,4.514206,0.00904089,-5.3406e-05,0.00904089,-0.294
1665960710.2981906,0,0,0,4.521518,0.00904852,-5.3406e-05,0.00904852,-0.336
1665960715.35101,0,0,0,4.514206,0.00905615,-4.57766e-05,0.00905615,-0.252
1665960720.4095662,0,0,0,4.506895,0.00905615,-3.81472e-05,0.00905615,-0.252
1665960725.4622881,0,0,0,4.521518,0.00903326,-5.3406e-05,0.00903326,-0.294
1665960730.5209134,0,0,0,4.514206,0.00904089,-5.3406e-05,0.00903326,-0.294
1665960735.5719442,0,0,0,4.506895,0.00903326,-5.3406e-05,0.00903326,-0.294
1665960740.6204934,0,0,0,4.514206,0.00905615,-5.3406e-05,0.00905615,-0.336
1665960745.6720452,0,0,0,4.506895,0.00905615,-3.81472e-05,0.00905615,-0.21
1665960750.7191737,0,0,0,4.492271,0.00903326,-4.57766e-05,0.00903326,-0.252
1665960755.7723372,0,0,0,4.514206,0.00905615,-4.57766e-05,0.00905615,-0.252
1665960760.8186672,0,0,0,4.521518,0.00905615,-5.3406e-05,0.00905615,-0.294
1665960765.8728108,0,0,0,4.514206,0.00904852,-3.81472e-05,0.00904852,-0.21
1665960770.9421191,0,0,0,4.514206,0.00904852,-3.81472e-05,0.00904852,-0.21
1665960775.9814851,0,0,0,4.521518,0.00903326,-4.57766e-05,0.00903326,-0.252
1665960781.0446544,0,0,0,4.521518,0.00904852,-5.3406e-05,0.00904852,-0.336
1665960786.128105,0,0,0,4.514206,0.00904852,-5.3406e-05,0.00904852,-0.336
1665960791.2130864,0,0,0,4.521518,0.00903326,-5.3406e-05,0.00903326,-0.294
1665960796.281348,0,0,0,4.521518,0.00904089,-3.81472e-05,0.00904089,-0.21
1665960801.3532472,0,0,0,4.514206,0.00904089,-3.81472e-05,0.00904089,-0.21
1665960806.399914,0,0,0,4.506895,0.00903326,-4.57766e-05,0.00903326,-0.252
1665960811.445798,0,0,0,4.506895,0.00904852,-5.3406e-05,0.00904852,-0.336
1665960816.5073435,0,0,0,4.514206,0.00905615,-4.57766e-05,0.00905615,-0.252
1665960821.572957,0,0,0,4.506895,0.00904089,-3.81472e-05,0.00904852,-0.21
1665960826.635487,0,0,0,4.506895,0.00904852,-5.3406e-05,0.00904852,-0.294
1665960831.6781006,0,0,0,4.499583,0.00903326,-5.3406e-05,0.00903326,-0.294
1665960836.730016,0,0,0,4.521518,0.00905615,-5.3406e-05,0.00905615,-0.294
1665960841.7728271,0,0,0,4.521518,0.00903326,-4.57766e-05,0.00903326,-0.252
1665960846.8422766,0,0,0,4.514206,0.00904089,-5.3406e-05,0.00904089,-0.336
1665960851.9064608,0,0,0,4.506895,0.00903326,-5.3406e-05,0.00903326,-0.294
1665960856.9738593,0,0,0,4.514206,0.00904852,-5.3406e-05,0.00904852,-0.336
1665960862.051028,0,0,0,4.521518,0.00904852,-5.3406e-05,0.00904852,-0.336
1665960867.1362708,0,0,0,4.52883,0.00904852,-5.3406e-05,0.00904852,-0.294
1665960872.1866271,0,0,0,4.52883,0.00904089,-5.3406e-05,0.00904089,-0.336
1665960877.248619,0,0,0,4.514206,0.00904852,-5.3406e-05,0.00904852,-0.294
1665960882.3147085,0,0,0,4.514206,0.00904852,-3.81472e-05,0.00904852,-0.252
1665960887.3635938,0,0,0,4.514206,0.00903326,-5.3406e-05,0.00903326,-0.294
1665960892.400041,0,0,0,4.514206,0.00904852,-4.57766e-05,0.00904852,-0.252
1665960897.4783652,0,0,0,4.514206,0.00904089,-3.81472e-05,0.00904089,-0.21
1665960902.53744,0,0,0,4.521518,0.00904089,-3.81472e-05,0.00904089,-0.21
1665960907.595995,0,0,0,4.506895,0.00904089,-5.3406e-05,0.00904089,-0.336
1665960912.6554646,0,0,0,4.514206,0.00904089,-5.3406e-05,0.00904089,-0.336
1665960917.724655,0,0,0,4.521518,0.00904852,-3.81472e-05,0.00904852,-0.21
1665960922.7796383,0,0,0,4.514206,0.00903326,-5.3406e-05,0.00903326,-0.294
1665960927.8303692,0,0,0,4.506895,0.00904089,-5.3406e-05,0.00904089,-0.336
1665960932.8872614,0,0,0,4.514206,0.00904852,-4.57766e-05,0.00905615,-0.252
1665960937.9600325,0,0,0,4.506895,0.00903326,-4.57766e-05,0.00903326,-0.252
1665960943.0063064,0,0,0,4.514206,0.00903326,-5.3406e-05,0.00903326,-0.294
1665960948.058465,0,0,0,4.52883,0.00904089,-4.57766e-05,0.00904089,-0.252
1665960953.1044497,0,0,0,4.521518,0.00903326,-5.3406e-05,0.00903326,-0.294
1665960958.1633697,0,0,0,4.514206,0.00904852,-5.3406e-05,0.00904852,-0.294
1665960963.2260787,0,0,0,4.506895,0.00903326,-3.81472e-05,0.00903326,-0.21
1665960968.284638,0,0,0,4.514206,0.00904089,-5.3406e-05,0.00904089,-0.336
1665960973.3523736,0,0,0,4.499583,0.00904852,-5.3406e-05,0.00904852,-0.336
1665960978.4042113,0,0,0,4.499583,0.00903326,-5.3406e-05,0.00903326,-0.252
1665960983.4681425,0,0,0,4.499583,0.00904089,-5.3406e-05,0.00904089,-0.336
1665960988.5235999,0,0,0,4.52883,0.00904852,-5.3406e-05,0.00904852,-0.294
1665960993.586158,0,0,0,4.521518,0.00903326,-3.81472e-05,0.00903326,-0.21
1665960998.6125731,0,0,0,4.514206,0.00904852,-4.57766e-05,0.00904852,-0.252
1665961003.6547267,0,0,0,4.514206,0.00904089,-5.3406e-05,0.00904089,-0.336
1665961008.6935666,0,0,0,4.521518,0.00902563,-5.3406e-05,0.00902563,-0.252
1665961013.7625155,0,0,0,4.514206,0.00904852,-5.3406e-05,0.00904852,-0.336
1665961018.8150928,0,0,0,4.514206,0.00903326,-3.81472e-05,0.00903326,-0.21
1665961023.8711467,0,0,0,4.521518,0.00903326,-5.3406e-05,0.00903326,-0.336
1665961028.9199111,0,0,0,4.499583,0.00904089,-3.81472e-05,0.00904089,-0.21
1665961033.9690924,0,0,0,4.506895,0.00904852,-5.3406e-05,0.00904852,-0.294
1665961039.0144901,0,0,0,4.514206,0.00903326,-4.57766e-05,0.00903326,-0.252
1665961044.055648,0,0,0,4.536141,0.00904089,-4.57766e-05,0.00904852,-0.252
1665961049.1112702,0,0,0,4.514206,0.00904852,-5.3406e-05,0.00904852,-0.336
1665961054.16033,0,0,0,4.514206,0.00903326,-4.57766e-05,0.00903326,-0.252
1665961059.2194955,0,0,0,4.514206,0.00903326,-5.3406e-05,0.00903326,-0.336
1665961064.2583997,0,0,0,4.514206,0.00903326,-3.81472e-05,0.00903326,-0.21
1665961069.311549,0,0,0,4.521518,0.00904852,-4.57766e-05,0.00904852,-0.252
1665961074.3365057,0,0,0,4.521518,0.00904852,-5.3406e-05,0.00904852,-0.336
1665961079.3854847,0,0,0,4.506895,0.00903326,-5.3406e-05,0.00903326,-0.336
1665961084.446578,0,0,0,4.514206,0.00904089,-4.57766e-05,0.00904089,-0.252
1665961089.5034466,0,0,0,4.521518,0.00903326,-5.3406e-05,0.00903326,-0.336
1665961094.5591698,0,0,0,4.506895,0.00904852,-5.3406e-05,0.00904852,-0.294
1665961099.6115353,0,0,0,4.521518,0.00903326,-5.3406e-05,0.00903326,-0.336
1665961104.6440988,0,0,0,4.514206,0.00902563,-4.57766e-05,0.00902563,-0.252
1665961109.6897311,0,0,0,4.514206,0.00904089,-4.57766e-05,0.00904089,-0.252
1665961114.7286975,0,0,0,4.514206,0.00904852,-5.3406e-05,0.00904852,-0.294
1665961119.787724,0,0,0,4.514206,0.00902563,-4.57766e-05,0.00902563,-0.252
1665961124.8300667,0,0,0,4.506895,0.00903326,-3.81472e-05,0.00903326,-0.21
1665961129.880061,0,0,0,4.52883,0.00903326,-5.3406e-05,0.00903326,-0.336
1665961134.9161959,0,0,0,4.521518,0.00903326,-5.3406e-05,0.00903326,-0.336
1665961139.96059,0,0,0,4.499583,0.00902563,-5.3406e-05,0.00902563,-0.294
1665961144.9994564,0,0,0,4.521518,0.00903326,-3.81472e-05,0.00903326,-0.21
1665961150.0617392,0,0,0,4.506895,0.00903326,-5.3406e-05,0.00903326,-0.336
1665961155.1274426,0,0,0,4.492271,0.00902563,-4.57766e-05,0.00903326,-0.252
1665961160.1765704,0,0,0,4.499583,0.00904089,-5.3406e-05,0.00904089,-0.336
1665961165.2156363,0,0,0,4.52883,0.00903326,-5.3406e-05,0.00903326,-0.336
1665961170.2845607,0,0,0,4.506895,0.00903326,-3.81472e-05,0.00903326,-0.21
1665961175.3291378,0,0,0,4.514206,0.00903326,-5.3406e-05,0.00903326,-0.336
1665961180.3779774,0,0,0,4.521518,0.00902563,-5.3406e-05,0.00902563,-0.336
1665961185.4116995,0,0,0,4.506895,0.00902563,-4.57766e-05,0.00902563,-0.252
1665961190.4461696,0,0,0,4.514206,0.00902563,-5.3406e-05,0.00902563,-0.294
1665961195.5096211,0,0,0,4.506895,0.00904089,-4.57766e-05,0.00904089,-0.252
1665961200.5620515,0,0,0,4.514206,0.00902563,-5.3406e-05,0.00902563,-0.336
1665961205.6184175,0,0,0,4.521518,0.00903326,-3.81472e-05,0.00903326,-0.21
1665961210.6673372,0,0,0,4.521518,0.00904089,-5.3406e-05,0.00904089,-0.294
1665961215.7245364,0,0,0,4.506895,0.00902563,-5.3406e-05,0.00902563,-0.294
1665961220.7629364,0,0,0,4.521518,0.00902563,-5.3406e-05,0.00902563,-0.294
1665961225.7951734,0,0,0,4.514206,0.00902563,-4.57766e-05,0.00902563,-0.252
1665961230.8405104,0,0,0,4.521518,0.00902563,-4.57766e-05,0.00902563,-0.252
1665961235.885272,0,0,0,4.514206,0.00902563,-4.57766e-05,0.00902563,-0.252
1665961240.9506567,0,0,0,4.514206,0.00903326,-5.3406e-05,0.00903326,-0.336
1665961246.016485,0,0,0,4.506895,0.00902563,-3.81472e-05,0.00902563,-0.21
1665961251.0579154,0,0,0,4.52883,0.00904089,-5.3406e-05,0.00904089,-0.294
1665961256.1145906,0,0,0,4.521518,0.00903326,-5.3406e-05,0.00903326,-0.336
1665961261.1637144,0,0,0,4.536141,0.00902563,-4.57766e-05,0.00902563,-0.252
1665961266.223107,0,0,0,4.521518,0.00903326,-4.57766e-05,0.00903326,-0.252
1665961271.2649086,0,0,0,4.521518,0.00904089,-5.3406e-05,0.00904089,-0.294
1665961276.3274016,0,0,0,4.52883,0.00902563,-5.3406e-05,0.00902563,-0.336
1665961281.3896358,0,0,0,4.514206,0.00902563,-4.57766e-05,0.00902563,-0.252
1665961286.448422,0,0,0,4.514206,0.00903326,-5.3406e-05,0.00903326,-0.336
1665961291.497743,0,0,0,4.514206,0.00902563,-6.10356e-05,0.00902563,-0.378
1665961296.5467253,0,0,0,4.514206,0.00902563,-5.3406e-05,0.00902563,-0.336
1665961301.5924177,0,0,0,4.52883,0.00902563,-4.57766e-05,0.00902563,-0.252
1665961306.641581,0,0,0,4.521518,0.00903326,-5.3406e-05,0.00903326,-0.294
1665961311.703847,0,0,0,4.514206,0.00902563,-5.3406e-05,0.00902563,-0.336
1665961316.752829,0,0,0,4.521518,0.00902563,-4.57766e-05,0.00902563,-0.252
1665961321.8085918,0,0,0,4.514206,0.00902563,-4.57766e-05,0.00902563,-0.252
1665961326.8677154,0,0,0,4.514206,0.00903326,-5.3406e-05,0.00903326,-0.336
1665961331.9167068,0,0,0,4.521518,0.00902563,-6.10356e-05,0.00902563,-0.378
1665961336.9544091,0,0,0,4.521518,0.00902563,-5.3406e-05,0.00902563,-0.336
1665961342.0045676,0,0,0,4.514206,0.00902563,-5.3406e-05,0.00902563,-0.336
1665961347.0636735,0,0,0,4.52883,0.00902563,-4.57766e-05,0.00902563,-0.252
1665961352.0907493,0,0,0,4.514206,0.00902563,-4.57766e-05,0.00902563,-0.252
1665961357.1449592,0,0,0,4.514206,0.00902563,-4.57766e-05,0.00902563,-0.252
1665961362.1977348,0,0,0,4.499583,0.00903326,-5.3406e-05,0.00903326,-0.294
1665961367.2430587,0,0,0,4.514206,0.00903326,-5.3406e-05,0.00903326,-0.336
1665961372.2887945,0,0,0,4.521518,0.00902563,-6.10356e-05,0.00902563,-0.378
1665961377.3545537,0,0,0,4.514206,0.009018,-5.3406e-05,0.009018,-0.294
1665961382.3936236,0,0,0,4.514206,0.00902563,-4.57766e-05,0.00902563,-0.252
1665961387.4291835,0,0,0,4.514206,0.00902563,-5.3406e-05,0.00902563,-0.336
1665961392.50158,0,0,0,4.521518,0.00903326,-4.57766e-05,0.00903326,-0.252
1665961397.579266,0,0,0,4.514206,0.009018,-5.3406e-05,0.009018,-0.336
1665961402.6514454,0,0,0,4.536141,0.00902563,-4.57766e-05,0.00902563,-0.252
1665961407.713603,0,0,0,4.499583,0.00902563,-6.10356e-05,0.00902563,-0.336
1665961412.7688127,0,0,0,4.499583,0.00902563,-4.57766e-05,0.00902563,-0.252
1665961417.8079548,0,0,0,4.514206,0.00902563,-4.57766e-05,0.00902563,-0.252
1665961422.876568,0,0,0,4.514206,0.00903326,-5.3406e-05,0.00903326,-0.336
1665961427.921859,0,0,0,4.521518,0.00902563,-5.3406e-05,0.00902563,-0.336
1665961432.9670439,0,0,0,4.521518,0.00902563,-6.10356e-05,0.00902563,-0.378
1665961438.023809,0,0,0,4.521518,0.00902563,-4.57766e-05,0.00902563,-0.252
1665961443.052803,0,0,0,4.506895,0.00902563,-5.3406e-05,0.00902563,-0.294
1665961448.1086214,0,0,0,4.521518,0.00902563,-4.57766e-05,0.00902563,-0.252
1665961453.157541,0,0,0,4.514206,0.00903326,-4.57766e-05,0.00903326,-0.252
1665961458.229894,0,0,0,4.521518,0.00902563,-6.10356e-05,0.00902563,-0.378
1665961463.2720628,0,0,0,4.506895,0.00903326,-5.3406e-05,0.00902563,-0.336
1665961468.3147511,0,0,0,4.514206,0.00902563,-5.3406e-05,0.00902563,-0.336
1665961473.353805,0,0,0,4.514206,0.00902563,-5.3406e-05,0.00902563,-0.336
1665961478.4196863,0,0,0,4.521518,0.00902563,-4.57766e-05,0.00903326,-0.252
1665961483.4684334,0,0,0,4.514206,0.00902563,-4.57766e-05,0.00902563,-0.252
1665961488.5110335,0,0,0,4.506895,0.00903326,-4.57766e-05,0.00903326,-0.252
1665961493.5701432,0,0,0,4.514206,0.00904089,-5.3406e-05,0.00904089,-0.294
1665961498.5992057,0,0,0,4.521518,0.00904089,-5.3406e-05,0.00904089,-0.294
1665961503.650421,0,0,0,4.52883,0.00904089,-5.3406e-05,0.00904089,-0.294
1665961508.7092721,0,0,0,4.521518,0.00904089,-5.3406e-05,0.00904089,-0.336
1665961513.7690816,0,0,0,4.506895,0.00902563,-5.3406e-05,0.00902563,-0.294
1665961518.8281379,0,0,0,4.521518,0.00904089,-5.3406e-05,0.00904089,-0.294
1665961523.880272,0,0,0,4.506895,0.00904089,-5.3406e-05,0.00904089,-0.294
1665961528.9196508,0,0,0,4.521518,0.00904089,-5.3406e-05,0.00904089,-0.336
1665961534.0086226,0,0,0,4.514206,0.00902563,-4.57766e-05,0.00902563,-0.252
1665961539.0440593,0,0,0,4.514206,0.00902563,-4.57766e-05,0.00902563,-0.252
1665961544.100183,0,0,0,4.521518,0.00902563,-4.57766e-05,0.00902563,-0.252
1665961549.1491475,0,0,0,4.506895,0.00904089,-4.57766e-05,0.00904089,-0.294
1665961554.191756,0,0,0,4.506895,0.00903326,-3.81472e-05,0.00903326,-0.21
1665961559.2402945,0,0,0,4.514206,0.00904089,-4.57766e-05,0.00904089,-0.252
1665961564.2962027,0,0,0,4.521518,0.00904089,-5.3406e-05,0.00904089,-0.294
1665961569.3352354,0,0,0,4.514206,0.00903326,-4.57766e-05,0.00903326,-0.252
1665961574.394227,0,0,0,4.521518,0.00904089,-5.3406e-05,0.00904089,-0.336
1665961579.450849,0,0,0,4.521518,0.00903326,-5.3406e-05,0.00903326,-0.336
1665961584.498137,0,0,0,4.514206,0.00902563,-5.3406e-05,0.00902563,-0.336
1665961589.5411916,0,0,0,4.52883,0.00902563,-5.3406e-05,0.00902563,-0.294
1665961594.5997636,0,0,0,4.506895,0.00902563,-5.3406e-05,0.00902563,-0.336
1665961599.6361525,0,0,0,4.521518,0.00903326,-5.3406e-05,0.00903326,-0.336
1665961604.6948466,0,0,0,4.514206,0.00902563,-5.3406e-05,0.00902563,-0.294
1665961609.7707798,0,0,0,4.499583,0.00904089,-5.3406e-05,0.00904089,-0.336
1665961614.8194194,0,0,0,4.514206,0.00904089,-4.57766e-05,0.00904089,-0.252
1665961619.8654912,0,0,0,4.521518,0.00904089,-5.3406e-05,0.00904089,-0.294
1665961624.9008808,0,0,0,4.506895,0.00904089,-4.57766e-05,0.00904089,-0.252
1665961629.9665248,0,0,0,4.521518,0.00904089,-5.3406e-05,0.00904089,-0.294
1665961635.0056932,0,0,0,4.514206,0.00904089,-5.3406e-05,0.00904089,-0.294
1665961640.0712168,0,0,0,4.52883,0.00904089,-5.3406e-05,0.00904089,-0.336
1665961645.1266966,0,0,0,4.52883,0.00903326,-5.3406e-05,0.00903326,-0.336
1665961650.1817846,0,0,0,4.514206,0.00902563,-5.3406e-05,0.00902563,-0.294
1665961655.2258978,0,0,0,4.521518,0.00902563,-5.3406e-05,0.00902563,-0.336
1665961660.2801356,0,0,0,4.521518,0.00902563,-5.3406e-05,0.00902563,-0.294
1665961665.3259978,0,0,0,4.521518,0.00902563,-5.3406e-05,0.00902563,-0.294
1665961670.3736835,0,0,0,4.521518,0.00903326,-5.3406e-05,0.00903326,-0.336
1665961675.434843,0,0,0,4.506895,0.00902563,-5.3406e-05,0.00902563,-0.294
1665961680.4991035,0,0,0,4.506895,0.00902563,-4.57766e-05,0.00902563,-0.252
1665961685.5453727,0,0,0,4.521518,0.00903326,-4.57766e-05,0.00903326,-0.252
1665961690.5837452,0,0,0,4.514206,0.00902563,-4.57766e-05,0.00902563,-0.252
1665961695.6341012,0,0,0,4.514206,0.00902563,-5.3406e-05,0.00902563,-0.294
1665961700.6837862,0,0,0,4.506895,0.00902563,-5.3406e-05,0.00902563,-0.336
1665961705.7207904,0,0,0,4.514206,0.00904089,-5.3406e-05,0.00904089,-0.336
1665961710.7558312,0,0,0,4.521518,0.00904089,-3.81472e-05,0.00904089,-0.21
1665961715.793966,0,0,0,4.514206,0.00904089,-4.57766e-05,0.00904089,-0.252
1665961720.8355503,0,0,0,4.514206,0.00902563,-4.57766e-05,0.00902563,-0.252
1665961725.872382,0,0,0,4.521518,0.00904089,-5.3406e-05,0.00904089,-0.336
1665961730.9014447,0,0,0,4.521518,0.00904852,-4.57766e-05,0.00904852,-0.252
1665961735.9462163,0,0,0,4.514206,0.00903326,-4.57766e-05,0.00903326,-0.252
1665961741.0006733,0,0,0,4.52883,0.00904089,-4.57766e-05,0.00904089,-0.252
1665961746.050737,0,0,0,4.521518,0.00903326,-4.57766e-05,0.00903326,-0.252
1665961751.092127,0,0,0,4.52883,0.00902563,-5.3406e-05,0.00902563,-0.294
1665961756.1565225,0,0,0,4.506895,0.00902563,-4.57766e-05,0.00903326,-0.252
1665961761.208003,0,0,0,4.52883,0.00904089,-4.57766e-05,0.00904089,-0.252
1665961766.2779415,0,0,0,4.514206,0.00904852,-5.3406e-05,0.00904852,-0.294
1665961771.3215103,0,0,0,4.499583,0.00904852,-3.81472e-05,0.00904852,-0.252
1665961776.3731892,0,0,0,4.521518,0.00903326,-4.57766e-05,0.00903326,-0.252
1665961781.415123,0,0,0,4.506895,0.00903326,-4.57766e-05,0.00903326,-0.252
1665961786.4552395,0,0,0,4.52883,0.00903326,-5.3406e-05,0.00903326,-0.336
1665961791.497538,0,0,0,4.499583,0.00905615,-5.3406e-05,0.00905615,-0.294
1665961796.5465665,0,0,0,4.52883,0.00904852,-4.57766e-05,0.00904852,-0.252
1665961801.592352,0,0,0,4.521518,0.00903326,-4.57766e-05,0.00903326,-0.252
1665961806.6413462,0,0,0,4.506895,0.00904089,-4.57766e-05,0.00904089,-0.252
1665961811.6871293,0,0,0,4.514206,0.00903326,-5.3406e-05,0.00903326,-0.294
1665961816.716077,0,0,0,4.514206,0.00905615,-5.3406e-05,0.00905615,-0.294
1665961821.7684324,0,0,0,4.514206,0.00905615,-5.3406e-05,0.00905615,-0.294
1665961826.807381,0,0,0,4.521518,0.00903326,-4.57766e-05,0.00903326,-0.252
1665961831.8508952,0,0,0,4.521518,0.00903326,-5.3406e-05,0.00903326,-0.294
1665961836.902096,0,0,0,4.521518,0.00903326,-5.3406e-05,0.00903326,-0.294
1665961841.9679272,0,0,0,4.514206,0.00904089,-5.3406e-05,0.00904089,-0.336
1665961847.0202568,0,0,0,4.499583,0.00904852,-5.3406e-05,0.00904852,-0.336
1665961852.071157,0,0,0,4.514206,0.00904852,-5.3406e-05,0.00904852,-0.336
1665961857.1077533,0,0,0,4.506895,0.00905615,-4.57766e-05,0.00905615,-0.252
1665961862.1539333,0,0,0,4.514206,0.00904089,-3.81472e-05,0.00904089,-0.21
1665961867.1929736,0,0,0,4.506895,0.00903326,-5.3406e-05,0.00903326,-0.294
1665961872.2387183,0,0,0,4.506895,0.00905615,-5.3406e-05,0.00905615,-0.294
1665961877.2843816,0,0,0,4.506895,0.00905615,-4.57766e-05,0.00905615,-0.252
1665961882.3300126,0,0,0,4.514206,0.00904089,-4.57766e-05,0.00904089,-0.252
1665961887.3890147,0,0,0,4.514206,0.00905615,-3.81472e-05,0.00905615,-0.21
1665961892.4251385,0,0,0,4.506895,0.00904089,-5.3406e-05,0.00904089,-0.294
1665961897.4538465,0,0,0,4.506895,0.00905615,-3.81472e-05,0.00905615,-0.21
1665961902.4899163,0,0,0,4.514206,0.00904852,-5.3406e-05,0.00904852,-0.336
1665961907.5285325,0,0,0,4.521518,0.00905615,-4.57766e-05,0.00905615,-0.294
1665961912.5974438,0,0,0,4.52883,0.00905615,-4.57766e-05,0.00905615,-0.252
1665961917.6411765,0,0,0,4.521518,0.00905615,-3.81472e-05,0.00906378,-0.21
1665961922.6717477,0,0,0,4.506895,0.00904089,-5.3406e-05,0.00904089,-0.294
1665961927.7145822,0,0,0,4.514206,0.00906378,-4.57766e-05,0.00906378,-0.252
1665961932.7749197,0,0,0,4.514206,0.00906378,-4.57766e-05,0.00906378,-0.252
1665961937.8216872,0,0,0,4.521518,0.00904089,-3.81472e-05,0.00904089,-0.21
1665961942.888218,0,0,0,4.514206,0.00905615,-3.81472e-05,0.00905615,-0.21
1665961947.9430282,0,0,0,4.506895,0.00904852,-3.81472e-05,0.00904852,-0.21
1665961952.9897375,0,0,0,4.506895,0.00904089,-5.3406e-05,0.00904089,-0.294
1665961958.046845,0,0,0,4.506895,0.00904852,-5.3406e-05,0.00904852,-0.294
1665961963.0944383,0,0,0,4.521518,0.00906378,-5.3406e-05,0.00906378,-0.294
1665961968.1600907,0,0,0,4.521518,0.00905615,-5.3406e-05,0.00905615,-0.294
1665961973.2191162,0,0,0,4.521518,0.00905615,-5.3406e-05,0.00905615,-0.294
1665961978.28515,0,0,0,4.499583,0.00906378,-4.57766e-05,0.00906378,-0.294
1665961983.3405557,0,0,0,4.506895,0.00906378,-4.57766e-05,0.00906378,-0.252
1665961988.4128647,0,0,0,4.514206,0.00905615,-5.3406e-05,0.00905615,-0.294
1665961993.4483902,0,0,0,4.506895,0.00904852,-3.81472e-05,0.00904852,-0.21
1665961998.4791079,0,0,0,4.521518,0.00905615,-5.3406e-05,0.00905615,-0.294
1665962003.5315042,0,0,0,4.521518,0.00906378,-3.81472e-05,0.00906378,-0.252
1665962008.5914583,0,0,0,4.521518,0.00906378,-4.57766e-05,0.00906378,-0.252
1665962013.6459908,0,0,0,4.514206,0.00905615,-3.81472e-05,0.00905615,-0.21
1665962018.7121797,0,0,0,4.506895,0.00904852,-3.81472e-05,0.00904852,-0.21
1665962023.7668705,0,0,0,4.536141,0.00904852,-3.81472e-05,0.00904852,-0.21
1665962028.8139234,0,0,0,4.506895,0.00904089,-4.57766e-05,0.00904089,-0.252
1665962033.8553023,0,0,0,4.514206,0.00906378,-5.3406e-05,0.00906378,-0.294
1665962038.9154937,0,0,0,4.514206,0.00906378,-3.81472e-05,0.00906378,-0.21
1665962043.9583669,0,0,0,4.521518,0.00904089,-3.81472e-05,0.00904089,-0.21
1665962048.9958599,0,0,0,4.514206,0.00906378,-4.57766e-05,0.00906378,-0.252
1665962054.0292346,0,0,0,4.521518,0.00904089,-3.81472e-05,0.00904089,-0.21
1665962059.0760894,0,0,0,4.506895,0.00906378,-5.3406e-05,0.00906378,-0.294
1665962064.136612,0,0,0,4.521518,0.00905615,-5.3406e-05,0.00905615,-0.294
1665962069.180174,0,0,0,4.514206,0.00904089,-4.57766e-05,0.00904089,-0.21
1665962074.2338166,0,0,0,4.514206,0.00904852,-5.3406e-05,0.00904852,-0.294
1665962079.2924623,0,0,0,4.514206,0.00906378,-5.3406e-05,0.00906378,-0.294
1665962084.3346796,0,0,0,4.521518,0.00906378,-3.81472e-05,0.00906378,-0.252
1665962089.3822227,0,0,0,4.521518,0.00904852,-4.57766e-05,0.00904852,-0.252
1665962094.4336271,0,0,0,4.521518,0.00905615,-5.3406e-05,0.00905615,-0.294
1665962099.4774468,0,0,0,4.521518,0.00905615,-3.81472e-05,0.00905615,-0.21
1665962104.5397074,0,0,0,4.521518,0.00904852,-4.57766e-05,0.00904852,-0.252
1665962109.593194,0,0,0,4.514206,0.00904852,-5.3406e-05,0.00904852,-0.294
1665962114.640069,0,0,0,4.514206,0.00906378,-4.57766e-05,0.00906378,-0.252
1665962119.7066257,0,0,0,4.521518,0.00906378,-4.57766e-05,0.00906378,-0.252
1665962124.7623923,0,0,0,4.52883,0.00905615,-3.81472e-05,0.00905615,-0.21
1665962129.8161914,0,0,0,4.521518,0.00904852,-5.3406e-05,0.00904852,-0.294
1665962134.8480868,0,0,0,4.514206,0.00906378,-3.81472e-05,0.00906378,-0.252
1665962139.8953915,0,0,0,4.52883,0.00904089,-4.57766e-05,0.00904089,-0.252
1665962144.9458125,0,0,0,4.514206,0.00905615,-5.3406e-05,0.00905615,-0.294
1665962149.9910293,0,0,0,4.514206,0.00904852,-3.81472e-05,0.00904852,-0.21
1665962155.0423174,0,0,0,4.521518,0.00904852,-5.3406e-05,0.00904852,-0.294
1665962160.09359,0,0,0,4.514206,0.00906378,-4.57766e-05,0.00906378,-0.252
1665962165.1658037,0,0,0,4.514206,0.00906378,-3.81472e-05,0.00906378,-0.21
1665962170.2222884,0,0,0,4.506895,0.00906378,-3.81472e-05,0.00906378,-0.21
1665962175.2706642,0,0,0,4.514206,0.00904852,-3.81472e-05,0.00904852,-0.21
1665962180.3284101,0,0,0,4.521518,0.00905615,-5.3406e-05,0.00905615,-0.294
1665962185.370538,0,0,0,4.514206,0.00905615,-3.81472e-05,0.00905615,-0.21
1665962190.4223034,0,0,0,4.521518,0.00904852,-5.3406e-05,0.00904852,-0.294
1665962195.4817722,0,0,0,4.521518,0.00905615,-5.3406e-05,0.00905615,-0.294
1665962200.527326,0,0,0,4.514206,0.00905615,-3.81472e-05,0.00905615,-0.21
1665962205.579498,0,0,0,4.499583,0.00904852,-5.3406e-05,0.00904852,-0.294
1665962210.6423297,0,0,0,4.521518,0.00906378,-5.3406e-05,0.00905615,-0.294
1665962215.6904628,0,0,0,4.52883,0.00906378,-4.57766e-05,0.00906378,-0.252
1665962220.734503,0,0,0,4.506895,0.00904852,-5.3406e-05,0.00904852,-0.294
1665962225.8056514,0,0,0,4.514206,0.00906378,-5.3406e-05,0.00906378,-0.294
1665962230.8486924,0,0,0,4.536141,0.00906378,-3.81472e-05,0.00906378,-0.21
1665962235.8940408,0,0,0,4.521518,0.00904852,-5.3406e-05,0.00904852,-0.294
1665962240.9435072,0,0,0,4.521518,0.00906378,-3.81472e-05,0.00906378,-0.21
1665962245.9781306,0,0,0,4.521518,0.00904852,-5.3406e-05,0.00904852,-0.294
1665962251.0152059,0,0,0,4.521518,0.00904852,-3.81472e-05,0.00905615,-0.21
1665962256.0856206,0,0,0,4.52883,0.00904089,-4.57766e-05,0.00904089,-0.252
1665962261.139147,0,0,0,4.52883,0.00905615,-5.3406e-05,0.00905615,-0.294
1665962266.1848772,0,0,0,4.52883,0.00906378,-3.81472e-05,0.00906378,-0.21
1665962271.26479,0,0,0,4.514206,0.00904089,-4.57766e-05,0.00904852,-0.252
1665962276.3336363,0,0,0,4.514206,0.00904852,-3.05178e-05,0.00904852,-0.168
1665962281.4053662,0,0,0,4.521518,0.00904852,-3.81472e-05,0.00905615,-0.21
1665962286.4654295,0,0,0,4.52883,0.00905615,-5.3406e-05,0.00905615,-0.294
1665962291.5476968,0,0,0,4.521518,0.00904852,-5.3406e-05,0.00904852,-0.294
1665962296.5924482,0,0,0,4.506895,0.00906378,-5.3406e-05,0.00906378,-0.294
1665962301.659029,0,0,0,4.521518,0.00905615,-3.81472e-05,0.00905615,-0.21
1665962306.7224011,0,0,0,4.521518,0.00904852,-3.81472e-05,0.00904852,-0.21
1665962311.780696,0,0,0,4.521518,0.00904852,-5.3406e-05,0.00904852,-0.294
1665962316.8950279,0,0,0,4.506895,0.00906378,-3.81472e-05,0.00906378,-0.21
1665962321.9387896,0,0,0,4.514206,0.00904089,-4.57766e-05,0.00904089,-0.252
1665962327.0052836,0,0,0,4.514206,0.00906378,-5.3406e-05,0.00906378,-0.294
1665962332.048825,0,0,0,4.52883,0.00904852,-3.81472e-05,0.00904852,-0.21
1665962337.1183248,0,0,0,4.521518,0.00905615,-5.3406e-05,0.00905615,-0.294
1665962342.1783998,0,0,0,4.543453,0.00906378,-5.3406e-05,0.00906378,-0.294
1665962347.24063,0,0,0,4.514206,0.00906378,-3.81472e-05,0.00906378,-0.21
1665962352.2695317,0,0,0,4.514206,0.00905615,-5.3406e-05,0.00904852,-0.294
1665962357.314504,0,0,0,4.52883,0.00904852,-3.81472e-05,0.00904852,-0.21
1665962362.3595135,0,0,0,4.514206,0.00906378,-4.57766e-05,0.00906378,-0.252
1665962367.42228,0,0,0,4.514206,0.00905615,-3.81472e-05,0.00905615,-0.21
1665962372.4691606,0,0,0,4.514206,0.00904852,-5.3406e-05,0.00904852,-0.294
1665962377.516957,0,0,0,4.521518,0.00904852,-3.05178e-05,0.00905615,-0.168
1665962382.5842314,0,0,0,4.514206,0.00904852,-3.81472e-05,0.00904852,-0.21
1665962387.6412427,0,0,0,4.521518,0.00906378,-5.3406e-05,0.00906378,-0.294
1665962392.7173371,0,0,0,4.536141,0.00906378,-5.3406e-05,0.00906378,-0.294
1665962397.79111,0,0,0,4.514206,0.00906378,-4.57766e-05,0.00906378,-0.252
1665962402.8573623,0,0,0,4.521518,0.00904852,-3.81472e-05,0.00904852,-0.21
1665962407.9038258,0,0,0,4.514206,0.00905615,-5.3406e-05,0.00905615,-0.294
1665962412.9753373,0,0,0,4.499583,0.00906378,-4.57766e-05,0.00906378,-0.252
1665962418.0298162,0,0,0,4.536141,0.00905615,-3.05178e-05,0.00905615,-0.168
1665962423.0934489,0,0,0,4.521518,0.00905615,-6.10356e-05,0.00905615,-0.378
1665962428.1332572,0,0,0,4.506895,0.00905615,-3.05178e-05,0.00906378,-0.21
1665962433.1777062,0,0,0,4.499583,0.00906378,-5.3406e-05,0.00906378,-0.294
1665962438.220284,0,0,0,4.514206,0.00904852,-5.3406e-05,0.00904852,-0.294
1665962443.272828,0,0,0,4.506895,0.00906378,-5.3406e-05,0.00906378,-0.294
1665962448.3303678,0,0,0,4.52883,0.00905615,-3.05178e-05,0.00905615,-0.168
1665962453.367742,0,0,0,4.514206,0.00906378,-5.3406e-05,0.00906378,-0.294
1665962458.4270637,0,0,0,4.536141,0.00904852,-3.81472e-05,0.00904852,-0.21
1665962463.4778628,0,0,0,4.52883,0.00906378,-5.3406e-05,0.00906378,-0.294
1665962468.5159538,0,0,0,4.521518,0.00904089,-4.57766e-05,0.00904089,-0.252
1665962473.5664978,0,0,0,4.506895,0.00906378,-3.05178e-05,0.00906378,-0.168
1665962478.6032164,0,0,0,4.514206,0.00906378,-4.57766e-05,0.00906378,-0.252
1665962483.6509314,0,0,0,4.521518,0.00904089,-3.81472e-05,0.00904089,-0.21
1665962488.6974452,0,0,0,4.521518,0.00906378,-4.57766e-05,0.00906378,-0.252
1665962493.756232,0,0,0,4.521518,0.00904852,-3.81472e-05,0.00904852,-0.21
1665962498.814167,0,0,0,4.514206,0.00905615,-5.3406e-05,0.00905615,-0.294
1665962503.869136,0,0,0,4.514206,0.00906378,-4.57766e-05,0.00906378,-0.252
1665962508.9189413,0,0,0,4.514206,0.00904089,-4.57766e-05,0.00904089,-0.252
1665962513.961736,0,0,0,4.521518,0.00904852,-3.81472e-05,0.00904852,-0.21
1665962519.0303001,0,0,0,4.506895,0.00906378,-3.81472e-05,0.00906378,-0.21
1665962524.0823686,0,0,0,4.521518,0.00906378,-4.57766e-05,0.00906378,-0.252
1665962529.1129234,0,0,0,4.52883,0.00904852,-5.3406e-05,0.00904852,-0.294
1665962534.1639009,0,0,0,4.536141,0.00904852,-3.81472e-05,0.00904852,-0.21
1665962539.212875,0,0,0,4.514206,0.00905615,-5.3406e-05,0.00905615,-0.294
1665962544.2562997,0,0,0,4.521518,0.00904852,-3.81472e-05,0.00904852,-0.21
1665962549.2947223,0,0,0,4.514206,0.00906378,-3.81472e-05,0.00906378,-0.21
1665962554.3381164,0,0,0,4.521518,0.00905615,-5.3406e-05,0.00905615,-0.294
1665962559.366663,0,0,0,4.514206,0.00904089,-4.57766e-05,0.00904089,-0.252
1665962564.4228349,0,0,0,4.521518,0.00905615,-3.81472e-05,0.00905615,-0.21
1665962569.463884,0,0,0,4.521518,0.00904852,-5.3406e-05,0.00904852,-0.294
1665962574.5139372,0,0,0,4.536141,0.00904852,-3.81472e-05,0.00904852,-0.21
1665962579.553149,0,0,0,4.506895,0.00906378,-3.81472e-05,0.00906378,-0.21
1665962584.5986378,0,0,0,4.521518,0.00904852,-4.57766e-05,0.00904852,-0.252
1665962589.6342096,0,0,0,4.514206,0.00904089,-4.57766e-05,0.00904089,-0.252
1665962594.7041724,0,0,0,4.514206,0.00904852,-5.3406e-05,0.00904852,-0.294
1665962599.7395978,0,0,0,4.514206,0.00905615,-3.05178e-05,0.00905615,-0.168
1665962604.7975156,0,0,0,4.521518,0.00906378,-4.57766e-05,0.00906378,-0.252
1665962609.8361604,0,0,0,4.521518,0.00905615,-5.3406e-05,0.00905615,-0.294
1665962614.8928046,0,0,0,4.506895,0.00906378,-4.57766e-05,0.00906378,-0.252
1665962619.9417226,0,0,0,4.52883,0.00904852,-5.3406e-05,0.00904852,-0.294
1665962624.990091,0,0,0,4.499583,0.00906378,-4.57766e-05,0.00906378,-0.252
1665962630.031153,0,0,0,4.506895,0.00905615,-5.3406e-05,0.00905615,-0.294
1665962635.0726876,0,0,0,4.52883,0.00905615,-5.3406e-05,0.00904852,-0.294
1665962640.111047,0,0,0,4.521518,0.00905615,-3.05178e-05,0.00905615,-0.168
1665962645.1337814,0,0,0,4.521518,0.00904852,-3.81472e-05,0.00904852,-0.21
1665962650.1737664,0,0,0,4.521518,0.00904852,-3.81472e-05,0.00904852,-0.21
1665962655.1939697,0,0,0,4.506895,0.00906378,-3.81472e-05,0.00906378,-0.21
1665962660.224524,0,0,0,4.492271,0.00906378,-4.57766e-05,0.00906378,-0.252
1665962665.2764635,0,0,0,4.521518,0.00906378,-5.3406e-05,0.00906378,-0.294
1665962670.3160489,0,0,0,4.52883,0.00904852,-4.57766e-05,0.00904852,-0.252
1665962675.3510096,0,0,0,4.52883,0.00904089,-4.57766e-05,0.00904089,-0.252
1665962680.3830185,0,0,0,4.514206,0.00905615,-3.81472e-05,0.00905615,-0.21
1665962685.444431,0,0,0,4.52883,0.00906378,-5.3406e-05,0.00906378,-0.294
1665962690.4941807,0,0,0,4.536141,0.00905615,-3.81472e-05,0.00905615,-0.21
1665962695.529272,0,0,0,4.521518,0.00905615,-3.05178e-05,0.00905615,-0.168
1665962700.586104,0,0,0,4.514206,0.00904852,-5.3406e-05,0.00904852,-0.294
1665962705.6389897,0,0,0,4.543453,0.00906378,-3.81472e-05,0.00906378,-0.21
1665962710.6784477,0,0,0,4.521518,0.00906378,-5.3406e-05,0.00906378,-0.294
1665962715.7306461,0,0,0,4.514206,0.00904852,-5.3406e-05,0.00904852,-0.294
1665962720.7614405,0,0,0,4.52883,0.00904852,-3.81472e-05,0.00904852,-0.21
1665962725.8011823,0,0,0,4.514206,0.00905615,-3.05178e-05,0.00906378,-0.21
1665962730.855709,0,0,0,4.514206,0.00906378,-4.57766e-05,0.00906378,-0.252
1665962735.9134893,0,0,0,4.514206,0.00904852,-3.05178e-05,0.00905615,-0.168
1665962740.9567568,0,0,0,4.514206,0.00906378,-3.81472e-05,0.00906378,-0.21
1665962746.003448,0,0,0,4.521518,0.00905615,-5.3406e-05,0.00904852,-0.294
1665962751.0417275,0,0,0,4.52883,0.00904852,-4.57766e-05,0.00904852,-0.252
1665962756.090375,0,0,0,4.506895,0.00906378,-4.57766e-05,0.00906378,-0.294
1665962761.1583493,0,0,0,4.521518,0.00904852,-3.81472e-05,0.00904852,-0.21
1665962766.221876,0,0,0,4.521518,0.00904852,-5.3406e-05,0.00904852,-0.294
1665962771.2547712,0,0,0,4.521518,0.00905615,-5.3406e-05,0.00905615,-0.294
1665962776.3200624,0,0,0,4.514206,0.00906378,-3.81472e-05,0.00906378,-0.21
1665962781.369579,0,0,0,4.52883,0.00905615,-5.3406e-05,0.00905615,-0.294
1665962786.408124,0,0,0,4.506895,0.00904852,-4.57766e-05,0.00904852,-0.252
1665962791.453865,0,0,0,4.521518,0.00906378,-4.57766e-05,0.00906378,-0.252
1665962796.519361,0,0,0,4.521518,0.00904852,-5.3406e-05,0.00904852,-0.252
1665962801.565844,0,0,0,4.52883,0.00905615,-3.05178e-05,0.00905615,-0.168
1665962806.638343,0,0,0,4.52883,0.00904089,-3.81472e-05,0.00904089,-0.21
1665962811.7063591,0,0,0,4.514206,0.00906378,-5.3406e-05,0.00906378,-0.294
