t,i,x,y,r,theta,xK,tc,therm,dc
1678586227.9637556, 3.2, 0.00033781254999999997, 0.007165015000000001, 3.5770675e-06, 89.63718, 0, 0, 0, 0.0
1678586233.4414237, -3.2, 0.00020620405, 1.748571e-05, 1.5818715e-07, 324.6233, 0, 0, 0, 0.0
1678586239.1288633, 3.2, 0.00047307685000000003, -6.655985e-05, 2.1796915000000003e-07, 321.9009, 0, 0, 0, 0.16216216216216217
1678586244.5991786, -3.2, 0.00035609155, 0.00031347229999999996, 2.069257e-07, 358.4269, 0, 0, 0, 0.16216216216216217
1678586250.2660573, 3.2, 0.0011457425000000001, 0.0002001935, 6.130699999999999e-07, 357.3545, 0, 0, 0, 0.32432432432432434
1678586255.7443926, -3.2, 0.001222514, 0.0002403892, 6.648920000000001e-07, 0.1151779, 0, 0, 0, 0.32432432432432434
1678586261.4355168, 3.2, 0.0013394995000000002, -6.290569999999999e-05, 8.176080000000001e-07, 357.7523, 0, 0, 0, 0.4864864864864865
1678586266.9300907, -3.2, 0.0015003545, -0.0001542596, 7.173285e-07, 3.826458, 0, 0, 0, 0.4864864864864865
1678586272.6224954, 3.2, 0.002560534, -0.0001213722, 1.503851e-06, 354.2937, 0, 0, 0, 0.6486486486486487
1678586278.084138, -3.2, 0.0027104215, 7.59522e-05, 1.4484645e-06, 0.3471518, 0, 0, 0, 0.6486486486486487
1678586283.7698443, 3.2, 0.0019024915, 2.479402e-05, 1.09046e-06, 355.3448, 0, 0, 0, 0.8108108108108109
1678586289.2423294, -3.2, 0.002026788, 2.479402e-05, 1.0666205000000001e-06, 6.660718, 0, 0, 0, 0.8108108108108109
1678586294.9463682, 3.2, 0.0031089025000000004, -4.0980780000000004e-05, 1.6334510000000002e-06, 2.766276, 0, 0, 0, 0.972972972972973
1678586300.4398696, -3.2, 0.0027725694999999996, -5.55974e-05, 1.4926345000000001e-06, 0.5874669, 0, 0, 0, 0.972972972972973
1678586306.1250281, 3.2, 0.0021145269999999997, -0.0001798387, 1.12584e-06, 359.5812, 0, 0, 0, 1.135135135135135
1678586311.6210642, -3.2, 0.0022863495, -0.000863166, 1.1349015e-06, 337.6347, 0, 0, 0, 1.135135135135135
1678586317.3466706, 3.2, 0.0034598585000000003, -0.00110434, 1.9422020000000003e-06, 344.3402, 0, 0, 0, 1.2972972972972974
1678586322.832385, -3.2, 0.0034452355, 0.00040117205000000006, 1.8121484999999997e-06, 6.341627, 0, 0, 0, 1.2972972972972974
1678586328.503107, 3.2, 0.0021620525, 0.00023308090000000002, 1.2662695e-06, 3.61241, 0, 0, 0, 1.4594594594594597
1678586333.9903762, -3.2, 0.002377744, 7.229805000000001e-05, 1.1292885e-06, 7.81778, 0, 0, 0, 1.4594594594594597
1678586339.6844683, 3.2, 0.003715764, 0.00011614789999999999, 1.9071435000000002e-06, 3.335787, 0, 0, 0, 1.6216216216216217
1678586345.160932, -3.2, 0.0038290934999999997, 0.00017096025, 1.9096445000000004e-06, 0.9056, 0, 0, 0, 1.6216216216216217
1678586350.8767695, 3.2, 0.0031089025000000004, 0.0011320030000000001, 8.19424e-07, 7.246611, 0, 0, 0, 1.7837837837837838
1678586356.3523269, -3.2, 0.002820095, -0.00030773415, 1.3086625000000002e-06, 356.4251, 0, 0, 0, 1.7837837837837838
1678586362.0285125, 3.2, 0.0044981035, -7.752235e-05, 2.4285249999999998e-06, 358.7733, 0, 0, 0, 1.945945945945946
1678586367.5368834, -3.2, 0.0047284185, 1.3831555000000002e-05, 2.3990115e-06, 359.9469, 0, 0, 0, 1.945945945945946
1678586373.1923504, 3.2, 0.002264415, 0.00027327659999999996, 1.3095065e-06, 3.819665, 0, 0, 0, 2.1081081081081083
1678586378.6775854, -3.2, 0.002538599, -0.0007827745, 1.4616445e-06, 346.2256, 0, 0, 0, 2.1081081081081083
1678586384.3819602, 3.2, 0.002820095, -0.0013893640000000001, 8.1694e-07, 326.8705, 0, 0, 0, 2.27027027027027
1678586389.8698044, -3.2, -0.0029085305, 0.0005948425, 1.3346125e-06, 253.6868, 0, 0, 0, 2.27027027027027
1678586395.5876334, 3.2, -0.007423434999999999, -0.00026388430000000003, 3.7162229999999997e-06, 182.2882, 0, 0, 0, 2.4324324324324325
1678586401.0885031, -3.2, -0.00742709, 7.960635000000001e-05, 3.716057e-06, 177.8083, 0, 0, 0, 2.4324324324324325
1678586406.8023157, 3.2, -0.00742709, 0.007165015000000001, 2.0460185e-06, 350.9918, 0, 0, 0, 2.5945945945945947
1678586412.3060431, -3.2, 0.0028895550000000002, 0.0014279895000000001, 1.7596045000000003e-06, 22.26846, 0, 0, 0, 2.5945945945945947
1678586418.0020556, 3.2, 0.0026373055, 0.0011137325, 1.3943720000000002e-06, 15.01153, 0, 0, 0, 2.756756756756757
1678586423.4971125, -3.2, 0.0028054720000000003, 0.00010518545000000001, 1.2903555e-06, 6.117919, 0, 0, 0, 2.756756756756757
1678586429.1850946, 3.2, -0.00742709, 0.007165015000000001, 5.068365e-06, 44.99274, 0, 0, 0, 2.9189189189189193
1678586434.663207, -3.2, -0.00742709, -0.007422375, 4.7065795000000006e-06, 44.97812, 0, 0, 0, 2.9189189189189193
1678586440.3836772, 3.2, 0.0007984425, -0.007422375, 3.7534850000000004e-06, 276.8641, 0, 0, 0, 3.081081081081081
1678586445.86872, -3.2, 0.0035293184999999998, -0.001528222, 2.9008305e-06, 91.31296, 0, 0, 0, 3.081081081081081
1678586451.5742218, 3.2, -0.00742709, 0.00717232, 5.161190000000001e-06, 90.6316, 0, 0, 0, 3.2432432432432434
1678586457.059271, -3.2, 0.0009446740000000001, 0.0028311855, 1.5077175e-06, 23.90293, 0, 0, 0, 3.2432432432432434
1678586462.744128, 3.2, -0.00742709, 0.007157705, 3.40743e-06, 17.30633, 0, 0, 0, 3.4054054054054057
1678586468.227129, -3.2, 0.007163174999999999, 0.00020750180000000002, 3.591266e-06, 6.707773, 0, 0, 0, 3.4054054054054057
1678586473.9151592, 3.2, 0.00573376, 0.000795821, 3.1307345e-06, 5.620216, 0, 0, 0, 3.5675675675675675
1678586479.394148, -3.2, 0.004637023499999999, 0.0003390514, 2.08816e-06, 6.285944, 0, 0, 0, 3.5675675675675675
1678586485.0796132, 3.2, -0.0038371015, 0.0004559844, 2.1088655e-06, 176.6845, 0, 0, 0, 3.72972972972973
1678586490.5553741, -3.2, -0.002389408, 0.00018557685, 1.242861e-06, 170.1798, 0, 0, 0, 3.72972972972973
1678586496.2475631, 3.2, 0.005843435, 0.00048156349999999996, 3.2297905000000002e-06, 1.625858, 0, 0, 0, 3.891891891891892
1678586501.7264163, -3.2, 0.00658556, 0.00010153130000000001, 3.121735e-06, 2.834609, 0, 0, 0, 3.891891891891892
1678586507.4286897, 3.2, 0.003913177, 0.00020384764999999998, 2.1923874999999995e-06, 359.8002, 0, 0, 0, 4.054054054054054
1678586512.9258285, -3.2, 0.004435955, 8.326050000000001e-05, 2.108385e-06, 6.45997, 0, 0, 0, 4.054054054054054
1678586518.5965283, 3.2, 0.0058544, 0.00046694685, 3.1859599999999994e-06, 1.684209, 0, 0, 0, 4.216216216216217
1678586524.0876994, -3.2, 0.006592869999999999, 0.00011980204999999999, 3.1461435e-06, 1.5176, 0, 0, 0, 4.216216216216217
1678586529.7775464, 3.2, 0.004205640500000001, 0.00018557685, 2.1287495e-06, 1.375776, 0, 0, 0, 4.378378378378379
1678586535.2695467, -3.2, 0.0025568780000000003, 0.0003390514, 1.5902774999999997e-06, 10.2817, 0, 0, 0, 4.378378378378379
1678586540.952083, 3.2, -0.0035592615, 0.0005290675000000001, 1.5725190000000003e-06, 219.3658, 0, 0, 0, 4.54054054054054
1678586546.4444737, -3.2, -0.00742709, 0.0031929470000000002, 2.262667e-06, 157.0332, 0, 0, 0, 4.54054054054054
1678586552.13329, 3.2, 0.0038108145, -0.0017438175, 3.0259229999999997e-06, 24.99715, 0, 0, 0, 4.702702702702703
1678586557.665636, -3.2, 0.0032185765000000005, -0.001319935, 2.135879e-06, 340.8661, 0, 0, 0, 4.702702702702703
1678586563.36121, 3.2, 0.00587268, -0.00134186, 3.2727724999999996e-06, 346.0421, 0, 0, 0, 4.864864864864865
1678586568.8525176, -3.2, 0.00660384, 0.00040848035000000003, 3.1725279999999996e-06, 5.85256, 0, 0, 0, 4.864864864864865
1678586574.538995, 3.2, 0.004033818, -0.007422375, 5.158855000000001e-06, 314.0549, 0, 0, 0, 5.027027027027027
1678586580.0212247, -3.2, -0.00742709, 0.000828708, 3.7157325e-06, 170.619, 0, 0, 0, 5.027027027027027
1678586585.7335072, 3.2, 0.0011311195, -0.0038449570000000004, 2.4753335e-06, 301.6987, 0, 0, 0, 5.1891891891891895
1678586591.2246592, -3.2, 0.007155865, -0.007422375, 5.157585e-06, 313.9673, 0, 0, 0, 5.1891891891891895
1678586596.941309, 3.2, 0.0034927605, -0.007422375, 3.947762e-06, 284.1379, 0, 0, 0, 5.351351351351352
1678586602.4136078, -3.2, 0.0029736385, 0.00020750180000000002, 1.2022215000000002e-06, 357.6312, 0, 0, 0, 5.351351351351352
1678586608.1057267, 3.2, -0.0025429515, 0.0015193435, 1.9022935e-06, 152.2817, 0, 0, 0, 5.513513513513514
1678586613.5779963, -3.2, -0.0024405890000000004, -0.0018242084999999999, 1.8610825e-06, 221.7433, 0, 0, 0, 5.513513513513514
1678586619.2468803, 3.2, 0.0008788695, 0.00038655545000000006, 3.5560140000000003e-07, 301.9543, 0, 0, 0, 5.675675675675676
1678586624.7213295, -3.2, -0.0004957079500000001, 0.0012123945, 6.847525000000001e-07, 77.9953, 0, 0, 0, 5.675675675675676
1678586630.41781, 3.2, -0.007386874999999999, 0.0006642709999999999, 3.1187565000000003e-06, 157.9352, 0, 0, 0, 5.837837837837839
1678586635.9135787, -3.2, -0.00520437, 0.000700813, 2.7672585000000004e-06, 168.3204, 0, 0, 0, 5.837837837837839
1678586641.6031163, 3.2, 0.007155865, 0.000960258, 3.168646e-06, 34.38211, 0, 0, 0, 6.0
