t,i,x,y,r,theta,xK,tc,therm,dc
1678704949.9037905, 3.2, -0.00014031274, 0.0018677874, 3.7461e-06, 94.26289, 0, 0, 0, 0.0
1678704956.0910764, -3.2, -6.719692e-05, 0.0017800878, 3.5347320000000003e-06, 92.63168, 0, 0, 0, 0.0
1678704963.5074048, 3.2, 0.007683081999999999, -0.008334614, 2.267288e-05, 312.5663, 0, 0, 0, 0.5
1678704969.692228, -3.2, 0.007726950000000001, -0.008466164, 2.2945980000000002e-05, 312.2339, 0, 0, 0, 0.5
1678704977.1017063, 3.2, 0.009774194, -0.016286058, 3.807818e-05, 301.2218, 0, 0, 0, 1.0
1678704983.281632, -3.2, 0.010812438, -0.01609604, 3.8846640000000005e-05, 302.1006, 0, 0, 0, 1.0
1678704990.6860063, 3.2, 0.010695454, -0.015642925999999998, 3.6738060000000004e-05, 304.4909, 0, 0, 0, 1.5
1678704996.8745277, -3.2, 0.010885554000000002, -0.015701394, 4.1023320000000006e-05, 304.1616, 0, 0, 0, 1.5
1678705004.299712, 3.2, 0.010359120000000001, -0.015862176, 3.784906e-05, 302.8703, 0, 0, 0, 2.0
1678705010.5059958, -3.2, 0.012698828, -0.016461456, 4.1140459999999994e-05, 306.3385, 0, 0, 0, 2.0
1678705017.9107127, 3.2, 0.009671832000000002, -0.012324954, 2.910762e-05, 306.647, 0, 0, 0, 2.5
1678705024.089925, -3.2, 0.009701078, -0.012895002, 3.215664e-05, 307.1112, 0, 0, 0, 2.5
1678705031.5047433, 3.2, 0.009657208, -0.016212973999999998, 2.81624e-05, 314.676, 0, 0, 0, 3.0
1678705037.6825466, -3.2, 0.010022788000000001, -0.013041168, 3.444316e-05, 306.6427, 0, 0, 0, 3.0
1678705045.1046538, 3.2, 0.011748322, -0.015599076, 3.731872e-05, 321.8041, 0, 0, 0, 3.5
1678705051.274368, -3.2, 0.012435610000000001, -0.0053235900000000004, 2.862842e-05, 319.5786, 0, 0, 0, 3.5
1678705058.669913, 3.2, 0.012333248, -0.015350594, 3.926392e-05, 16.33969, 0, 0, 0, 4.0
1678705064.8568008, -3.2, 0.012318626000000001, -0.012529586, 2.621786e-05, 338.3866, 0, 0, 0, 4.0
1678705072.262617, 3.2, 0.012625712, -0.015686776, 4.069084e-05, 307.1137, 0, 0, 0, 4.5
1678705078.4625077, -3.2, 0.012669582000000002, -0.017601552, 3.96461e-05, 309.1422, 0, 0, 0, 4.5
1678705085.8842916, 3.2, 0.01419039, 0.00683744, 2.71054e-05, 319.0587, 0, 0, 0, 5.0
1678705092.067581, -3.2, 0.012859682, -0.017996202, 4.12321e-05, 306.5568, 0, 0, 0, 5.0
1678705099.4749, 3.2, 0.013064406, -0.014254346000000001, 4.232474e-05, 305.4113, 0, 0, 0, 5.5
1678705105.6899114, -3.2, 0.013196016, -0.017718486, 4.446688e-05, 306.58, 0, 0, 0, 5.5
1678705113.1163414, 3.2, 0.014497476, 0.00562426, 2.8922480000000005e-05, 317.6688, 0, 0, 0, 6.0
1678705119.290542, -3.2, 0.013196016, -0.018069286, 4.4756079999999995e-05, 306.3019, 0, 0, 0, 6.0
1678705126.6836805, 3.2, 0.013298378, -0.0186978, 4.5287220000000004e-05, 306.694, 0, 0, 0, 6.5
1678705132.8851142, -3.2, 0.013386116, -0.01779157, 4.513014e-05, 306.2795, 0, 0, 0, 6.5
1678705140.2799761, 3.2, 0.013473856000000001, -0.016286058, 4.680076e-05, 304.7326, 0, 0, 0, 7.0
1678705146.484736, -3.2, 0.013546972000000001, -0.017908502, 4.497462e-05, 306.3403, 0, 0, 0, 7.0
1678705153.8769774, 3.2, 0.01419039, -0.004431976, 3.5199840000000004e-05, 310.1584, 0, 0, 0, 7.5
1678705160.0494792, -3.2, 0.013737072, -0.018186218, 4.557702e-05, 307.4543, 0, 0, 0, 7.5
1678705167.439001, 3.2, 0.013839434000000001, -0.018902434000000003, 4.5233580000000005e-05, 306.3198, 0, 0, 0, 8.0
1678705173.6069417, -3.2, -0.012950206, 0.028660060000000005, 5.5019400000000004e-05, 124.7785, 0, 0, 0, 8.0
1678705181.0219932, 3.2, -0.014851218, 0.018764602, 4.763676e-05, 128.6824, 0, 0, 0, 8.5
1678705187.2567117, -3.2, -0.014646494000000001, 0.017668356, 4.5854480000000005e-05, 129.7743, 0, 0, 0, 8.5
1678705194.657607, 3.2, -0.014880464000000001, 0.017653739999999998, 4.61807e-05, 130.119, 0, 0, 0, 9.0
1678705200.8480797, -3.2, -0.014704986, 0.017449106, 4.561922e-05, 130.0467, 0, 0, 0, 9.0
1678705208.231433, 3.2, -0.014895088, 0.017668356, 4.621836e-05, 130.1132, 0, 0, 0, 9.5
1678705214.4112105, -3.2, -0.01476348, 0.017536806, 4.580638e-05, 130.0926, 0, 0, 0, 9.5
1678705221.7909057, 3.2, -0.01495358, 0.017756056, 4.6513819999999996e-05, 130.1349, 0, 0, 0, 10.0
1678705227.9829426, -3.2, -0.014851218, 0.01760989, 4.605008e-05, 130.1424, 0, 0, 0, 10.0
1678705235.3923285, 3.2, -0.015055942, 0.017887606000000004, 4.6779840000000005e-05, 130.1608, 0, 0, 0, 10.5
1678705241.584127, -3.2, -0.014895088, 0.017668356, 4.623722e-05, 130.1132, 0, 0, 0, 10.5
1678705249.0245357, 3.2, -0.015143682, 0.017946072, 4.698584e-05, 130.1634, 0, 0, 0, 11.0
1678705255.2552755, -3.2, -0.01499745, 0.017785290000000002, 4.657034e-05, 130.1204, 0, 0, 0, 11.0
1678705262.6794329, 3.2, -0.01523142, 0.018048388, 4.7233060000000004e-05, 130.1389, 0, 0, 0, 11.5
1678705268.8784778, -3.2, -0.015099812, 0.01791684, 4.681754e-05, 130.1693, 0, 0, 0, 11.5
1678705276.3064966, 3.2, -0.015333784, 0.018179938, 4.7543820000000005e-05, 130.1416, 0, 0, 0, 12.0
1678705282.4899864, -3.2, -0.015216796000000001, 0.018019156, 4.715066e-05, 130.149, 0, 0, 0, 12.0
1678705289.9179738, 3.2, -0.015421521999999998, 0.018282256, 4.7813380000000004e-05, 130.14, 0, 0, 0, 12.5
1678705296.110891, -3.2, -0.015319160000000002, 0.018150706, 4.746142e-05, 130.1373, 0, 0, 0, 12.5
1678705303.5486572, 3.2, -0.015538508000000001, 0.018399188, 4.81207e-05, 130.151, 0, 0, 0, 13.0
1678705309.7443373, -3.2, -0.015377652, 0.018223787999999998, 4.766744e-05, 130.1853, 0, 0, 0, 13.0
1678705317.153096, 3.2, -0.015626246, 0.018457654, 4.838684e-05, 130.2024, 0, 0, 0, 13.5
1678705323.3518784, -3.2, -0.015494638, 0.018340722, 4.800054e-05, 130.1877, 0, 0, 0, 13.5
1678705330.7724698, 3.2, -0.015743232000000003, 0.018589202000000003, 4.873546e-05, 130.2876, 0, 0, 0, 14.0
1678705336.966621, -3.2, -0.015611622, 0.018443038000000002, 4.830784e-05, 130.2207, 0, 0, 0, 14.0
1678705344.385326, 3.2, -0.015860218000000002, 0.01869152, 4.902732e-05, 130.3636, 0, 0, 0, 14.5
1678705350.57657, -3.2, -0.015728607999999998, 0.018559970000000002, 4.863752e-05, 130.2533, 0, 0, 0, 14.5
1678705358.008203, 3.2, -0.015977202000000003, 0.018779218, 4.9315800000000006e-05, 130.343, 0, 0, 0, 15.0
1678705364.1820407, -3.2, -0.015816348, 0.01864767, 4.888476e-05, 130.3257, 0, 0, 0, 15.0
1678705371.5658662, 3.2, -0.016050318, 0.018881536, 4.954082e-05, 130.3663, 0, 0, 0, 15.5
1678705377.762503, -3.2, -0.015787100000000002, 0.018618436, 4.886246e-05, 130.3035, 0, 0, 0, 15.5
1678705385.1466246, 3.2, -0.01615268, 0.018998467999999998, 4.989616e-05, 130.3497, 0, 0, 0, 16.0
1678705391.3590453, -3.2, -0.016006448, 0.018837686, 4.937596000000001e-05, 130.3727, 0, 0, 0, 16.0
1678705398.7608926, 3.2, -0.01624042, 0.019130018000000002, 5.020694e-05, 130.3728, 0, 0, 0, 16.5
1678705404.948905, -3.2, -0.016108809999999998, 0.018954618, 4.970902e-05, 130.3343, 0, 0, 0, 16.5
1678705412.3743367, 3.2, -0.016357404, 0.019232334, 5.043527999999999e-05, 130.3564, 0, 0, 0, 17.0
1678705418.61009, -3.2, -0.016225796, 0.019042318000000003, 5.001980000000001e-05, 130.3651, 0, 0, 0, 17.0
1678705426.0216277, 3.2, -0.016445142000000003, 0.019363883999999998, 5.080955999999999e-05, 130.3867, 0, 0, 0, 17.5
1678705432.1915097, -3.2, -0.016298912000000002, 0.019173868, 5.035286e-05, 130.388, 0, 0, 0, 17.5
1678705439.6096015, 3.2, -0.016532882000000002, 0.019436968000000002, 5.1037899999999995e-05, 130.3879, 0, 0, 0, 18.0
1678705445.7977538, -3.2, -0.016401274, 0.019305417999999998, 5.068258e-05, 130.3326, 0, 0, 0, 18.0
1678705453.2330713, 3.2, -0.016605998, 0.0195539, 5.136762000000001e-05, 130.3642, 0, 0, 0, 18.5
1678705459.4282472, -3.2, -0.016489014000000003, 0.019378502, 5.0910919999999995e-05, 130.3942, 0, 0, 0, 18.5
1678705466.850538, 3.2, -0.016722984000000003, 0.019656218, 5.169736e-05, 130.3939, 0, 0, 0, 19.0
1678705473.0330245, -3.2, -0.016591375999999998, 0.019495434, 5.118048e-05, 130.3492, 0, 0, 0, 19.0
1678705480.440106, 3.2, -0.016869216, 0.019787768, 5.187792e-05, 130.4651, 0, 0, 0, 19.5
1678705486.6262934, -3.2, -0.01670836, 0.019597750000000004, 5.1450059999999994e-05, 130.3791, 0, 0, 0, 19.5
1678705494.0451288, 3.2, -0.016971576, 0.019890084000000002, 5.2312379999999996e-05, 130.4939, 0, 0, 0, 20.0
1678705500.2375476, -3.2, -0.016825345999999998, 0.019758534, 5.1836700000000005e-05, 130.5034, 0, 0, 0, 20.0
1678705507.6722934, 3.2, -0.017103186, 0.02000702, 5.2585200000000006e-05, 130.4738, 0, 0, 0, 20.5
1678705513.870558, -3.2, -0.016913084000000002, 0.019817, 5.21285e-05, 130.4795, 0, 0, 0, 20.5
1678705521.2823753, 3.2, -0.017205548, 0.02010934, 5.29562e-05, 130.5262, 0, 0, 0, 21.0
1678705527.4921916, -3.2, -0.017015448, 0.019933934, 5.239482e-05, 130.5045, 0, 0, 0, 21.0
1678705534.8871992, 3.2, -0.017278664, 0.020226260000000003, 5.31591e-05, 130.5062, 0, 0, 0, 21.5
1678705541.0821261, -3.2, -0.01711781, 0.02003624, 5.276908000000001e-05, 130.5569, 0, 0, 0, 21.5
1678705548.473933, 3.2, -0.017395648000000003, 0.02032858, 5.3514320000000005e-05, 130.5544, 0, 0, 0, 22.0
1678705554.6959805, -3.2, -0.017249418, 0.0201678, 5.305764000000001e-05, 130.5197, 0, 0, 0, 22.0
1678705562.111284, 3.2, -0.017483388000000002, 0.020460139999999998, 5.390436e-05, 130.5413, 0, 0, 0, 22.5
1678705568.2899694, -3.2, -0.017366404, 0.020313960000000002, 5.3431880000000005e-05, 130.544, 0, 0, 0, 22.5
1678705575.7149117, 3.2, -0.017614996, 0.02059168, 5.4177139999999996e-05, 130.5853, 0, 0, 0, 23.0
1678705581.8699589, -3.2, -0.017483388000000002, 0.020387040000000002, 5.373946000000001e-05, 130.5444, 0, 0, 0, 23.0
1678705589.274111, 3.2, -0.017688112, 0.02065014, 5.436103999999999e-05, 130.5352, 0, 0, 0, 23.5
1678705595.4417288, -3.2, -0.017541882, 0.02048936, 5.39678e-05, 130.5649, 0, 0, 0, 23.5
1678705602.8728566, 3.2, -0.017790474, 0.02079632, 5.4652819999999994e-05, 130.5589, 0, 0, 0, 24.0
1678705609.036324, -3.2, -0.017673487999999998, 0.0206063, 5.42754e-05, 130.5787, 0, 0, 0, 24.0
1678705616.4749389, 3.2, -0.017878214, 0.02088402, 5.506192e-05, 130.5924, 0, 0, 0, 24.5
1678705622.6944773, -3.2, -0.017761227999999997, 0.02073784, 5.4611600000000004e-05, 130.5589, 0, 0, 0, 24.5
1678705630.0762312, 3.2, -0.018039068, 0.021030180000000002, 5.5388639999999996e-05, 130.6646, 0, 0, 0, 25.0
1678705636.2579844, -3.2, -0.017848966, 0.02082554, 5.4814540000000005e-05, 130.5558, 0, 0, 0, 25.0
1678705643.7065303, 3.2, -0.018156054, 0.021132500000000002, 5.569944e-05, 130.6872, 0, 0, 0, 25.5
1678705649.9179077, -3.2, -0.017980576, 0.02092786, 5.516657999999999e-05, 130.6847, 0, 0, 0, 25.5
1678705657.3304965, 3.2, -0.018258416, 0.0212202, 5.600716e-05, 130.7096, 0, 0, 0, 26.0
1678705663.5121064, -3.2, -0.018082938, 0.021030180000000002, 5.5452059999999994e-05, 130.6711, 0, 0, 0, 26.0
1678705670.915973, 3.2, -0.018404648000000003, 0.02136636, 5.63592e-05, 130.7573, 0, 0, 0, 26.5
1678705677.1066597, -3.2, -0.01822917, 0.02120558, 5.588654e-05, 130.7227, 0, 0, 0, 26.5
1678705684.531366, 3.2, -0.018477764, 0.0214833, 5.667e-05, 130.7405, 0, 0, 0, 27.0
1678705690.7085395, -3.2, -0.018346156, 0.02132252, 5.621642000000001e-05, 130.7448, 0, 0, 0, 27.0
1678705698.112427, 3.2, -0.018609372000000002, 0.021614840000000003, 5.700296e-05, 130.7047, 0, 0, 0, 27.5
1678705704.2823486, -3.2, -0.0183754, 0.0213079, 5.621642000000001e-05, 130.7254, 0, 0, 0, 27.5
1678705711.7191613, 3.2, -0.018697112000000002, 0.02168792, 5.7231299999999995e-05, 130.7202, 0, 0, 0, 28.0
1678705717.918661, -3.2, -0.018492386, 0.021468679999999997, 5.660662e-05, 130.7342, 0, 0, 0, 28.0
1678705725.33057, 3.2, -0.01878485, 0.021775620000000002, 5.750086e-05, 130.7325, 0, 0, 0, 28.5
1678705731.5157437, -3.2, -0.018609372000000002, 0.02164408, 5.706328e-05, 130.73, 0, 0, 0, 28.5
1678705738.9200478, 3.2, -0.018931082, 0.021936419999999998, 5.791018e-05, 130.7473, 0, 0, 0, 29.0
1678705745.1130269, -3.2, -0.018770228, 0.021746400000000003, 5.7418400000000006e-05, 130.7577, 0, 0, 0, 29.0
1678705752.5435379, 3.2, -0.019033444, 0.02208258, 5.832866e-05, 130.7775, 0, 0, 0, 29.5
1678705758.7408938, -3.2, -0.018916458, 0.021936419999999998, 5.795446e-05, 130.7284, 0, 0, 0, 29.5
1678705766.1823373, 3.2, -0.019223546, 0.02222874, 5.875712e-05, 130.8103, 0, 0, 0, 30.0
1678705772.3649225, -3.2, -0.019018820000000002, 0.022053339999999998, 5.82019e-05, 130.7527, 0, 0, 0, 30.0
1678705779.7666247, 3.2, -0.019355154, 0.02234568, 5.904284e-05, 130.9109, 0, 0, 0, 30.5
1678705785.974393, -3.2, -0.019179676, 0.0221849, 5.857608e-05, 130.8014, 0, 0, 0, 30.5
1678705793.3874736, 3.2, -0.019457516, 0.0224626, 5.949948e-05, 130.921, 0, 0, 0, 31.0
1678705799.5795896, -3.2, -0.019296662, 0.02230182, 5.896036e-05, 130.8465, 0, 0, 0, 31.0
1678705807.0041318, 3.2, -0.019574502, 0.02259416, 5.98103e-05, 130.9012, 0, 0, 0, 31.5
1678705813.202823, -3.2, -0.019399024, 0.022404140000000003, 5.9252019999999996e-05, 130.8853, 0, 0, 0, 31.5
1678705820.6106973, 3.2, -0.019676862, 0.02269648, 6.0076919999999995e-05, 130.9239, 0, 0, 0, 32.0
1678705826.7943115, -3.2, -0.019516007999999998, 0.022521080000000002, 5.955988000000001e-05, 130.9082, 0, 0, 0, 32.0
