t,i,x,y,r,theta,xK,tc,therm,dc
1679704950.284291, 0, 0.3642648, -0.0117718, 0.364467, 358.0916, 0, 0, 0, -0.0
1679704955.0468695, 0, 0.3631681, -0.01250264, 0.3637362, 358.0878, 0, 0, 0, -0.2
1679704959.7923267, 0, 0.3628025, -0.0117718, 0.3622747, 358.1397, 0, 0, 0, -0.4
1679704964.5452998, 0, 0.3617058, -0.01250264, 0.3626401, 358.0801, 0, 0, 0, -0.6000000000000001
1679704969.2957327, 0, 0.3613402, -0.0117718, 0.3611665, 358.0742, 0, 0, 0, -0.8
1679704974.0700507, 0, 0.3609746, -0.01213722, 0.3608132, 358.0703, 0, 0, 0, -1.0
1679704978.8225117, 0, 0.3602434, -0.01213722, 0.3604478, 358.0703, 0, 0, 0, -1.2000000000000002
1679704983.5648768, 0, 0.3602434, -0.01250264, 0.360095, 358.0703, 0, 0, 0, -1.4000000000000001
1679704988.336296, 0, 0.3587811, -0.01213722, 0.3589742, 358.0042, 0, 0, 0, -1.6
1679704993.0965428, 0, 0.3584155, -0.01250264, 0.358621, 358.0585, 0, 0, 0, -1.8
1679704997.8588712, 0, 0.3584155, -0.01213722, 0.3578903, 358.0565, 0, 0, 0, -2.0
1679705002.6571496, 0, 0.3569532, -0.01213722, 0.3578903, 358.1092, 0, 0, 0, -2.2
1679705007.4206955, 0, 0.3565876, -0.0117718, 0.3564288, 358.0486, 0, 0, 0, -2.4000000000000004
1679705012.1958685, 0, 0.3551253, -0.01213722, 0.3560634, 358.1053, 0, 0, 0, -2.6
1679705016.96161, 0, 0.3551253, -0.01213722, 0.3545896, 358.0405, 0, 0, 0, -2.8000000000000003
1679705021.7143648, 0, 0.3543942, -0.01140639, 0.3545896, 358.0975, 0, 0, 0, -3.0
1679705026.5000646, 0, 0.353663, -0.0117718, 0.3546019, 358.0405, 0, 0, 0, -3.2
1679705031.266488, 0, 0.3543942, -0.0117718, 0.3535059, 358.0936, 0, 0, 0, -3.4000000000000004
1679705036.0330431, 0, 0.3532974, -0.0117718, 0.3535059, 358.1527, 0, 0, 0, -3.6
1679705040.8236983, 0, 0.3522007, -0.01250264, 0.3531161, 358.1489, 0, 0, 0, -3.8000000000000003
1679705045.5890574, 0, 0.3518351, -0.01140639, 0.352032, 358.1451, 0, 0, 0, -4.0
1679705050.3648193, 0, 0.3514695, -0.01140639, 0.3513013, 358.0817, 0, 0, 0, -4.2
1679705055.138075, 0, 0.3507384, -0.01140639, 0.3505584, 358.1354, 0, 0, 0, -4.4
1679705059.8978457, 0, 0.3492761, -0.01213722, 0.3494869, 358.0697, 0, 0, 0, -4.6000000000000005
1679705064.656541, 0, 0.3492761, -0.01140639, 0.3502051, 358.1335, 0, 0, 0, -4.800000000000001
1679705069.4248793, 0, 0.3489105, -0.01140639, 0.349109, 358.1276, 0, 0, 0, -5.0
1679705074.2071946, 0, 0.3489105, -0.0117718, 0.349109, 358.0656, 0, 0, 0, -5.2
1679705078.9733617, 0, 0.3481793, -0.0117718, 0.3487315, 358.0656, 0, 0, 0, -5.4
1679705083.7253158, 0, 0.3481793, -0.0117718, 0.3483661, 358.1217, 0, 0, 0, -5.6000000000000005
1679705088.4746976, 0, 0.3478138, -0.01140639, 0.3480129, 358.1217, 0, 0, 0, -5.800000000000001
1679705093.23612, 0, 0.346717, -0.01140639, 0.3469168, 358.0513, 0, 0, 0, -6.0
1679705098.0189562, 0, 0.3456203, -0.0117718, 0.3465392, 358.1118, 0, 0, 0, -6.2
1679705102.7783163, 0, 0.3445235, -0.01140639, 0.3450777, 358.1098, 0, 0, 0, -6.4
1679705107.5615647, 0, 0.3452547, -0.01104097, 0.3447004, 358.1078, 0, 0, 0, -6.6000000000000005
1679705112.3166351, 0, 0.3437924, -0.01140639, 0.344335, 358.041, 0, 0, 0, -6.800000000000001
1679705117.0757787, 0, 0.3430612, -0.0117718, 0.3428854, 358.0347, 0, 0, 0, -7.0
1679705121.8382373, 0, 0.3423301, -0.01104097, 0.3424965, 358.0347, 0, 0, 0, -7.2
1679705126.6166446, 0, 0.3415989, -0.01140639, 0.3421547, 358.1507, 0, 0, 0, -7.4
1679705131.366359, 0, 0.3415989, -0.01140639, 0.3421547, 358.0284, 0, 0, 0, -7.6000000000000005
1679705136.1221957, 0, 0.3408678, -0.01104097, 0.3407056, 358.0855, 0, 0, 0, -7.800000000000001
1679705140.8679712, 0, 0.339771, -0.0117718, 0.3403158, 358.1388, 0, 0, 0, -8.0
1679705145.6489172, 0, 0.3386743, -0.01140639, 0.3392196, 358.1368, 0, 0, 0, -8.200000000000001
1679705150.4256186, 0, 0.3386743, -0.01104097, 0.3388663, 358.0731, 0, 0, 0, -8.4
1679705155.211238, 0, 0.3386743, -0.0117718, 0.339585, 358.0773, 0, 0, 0, -8.6
1679705159.992119, 0, 0.3390399, -0.01140639, 0.3385009, 358.1308, 0, 0, 0, -8.8
1679705164.739606, 0, 0.3383087, -0.01140639, 0.337758, 358.1247, 0, 0, 0, -9.0
1679705169.5156384, 0, 0.3364808, -0.01140639, 0.3374048, 358.1227, 0, 0, 0, -9.200000000000001
1679705174.3012207, 0, 0.3364808, -0.01104097, 0.3366619, 358.1227, 0, 0, 0, -9.4
1679705179.05729, 0, 0.3350185, -0.01140639, 0.3355657, 358.1124, 0, 0, 0, -9.600000000000001
1679705183.8149025, 0, 0.3353841, -0.01140639, 0.3359193, 358.1165, 0, 0, 0, -9.8
1679705188.575337, 0, 0.3350185, -0.01104097, 0.335578, 358.0521, 0, 0, 0, -10.0
1679705193.336372, 0, 0.3350185, -0.01104097, 0.3355657, 358.1788, 0, 0, 0, -10.0
1679705198.0969367, 0, 0.3368464, -0.0117718, 0.3359311, 358.0521, 0, 0, 0, -9.8
1679705202.842419, 0, 0.3364808, -0.01140639, 0.3362965, 358.0564, 0, 0, 0, -9.6
1679705207.5896792, 0, 0.3368464, -0.01104097, 0.3370394, 358.1227, 0, 0, 0, -9.4
1679705212.3529322, 0, 0.337212, -0.01140639, 0.3374048, 358.1247, 0, 0, 0, -9.2
1679705217.136377, 0, 0.337212, -0.01104097, 0.3366741, 358.0627, 0, 0, 0, -9.0
1679705221.9082692, 0, 0.3375775, -0.01140639, 0.3377702, 358.1267, 0, 0, 0, -8.8
1679705226.6741726, 0, 0.3386743, -0.01140639, 0.3392196, 358.1348, 0, 0, 0, -8.6
1679705231.4501405, 0, 0.2629994, -0.009213896, 0.2609818, 357.9024, 0, 0, 0, -8.4
1679705236.23572, 0, 0.2611715, -0.009944728, 0.2613471, 357.9024, 0, 0, 0, -8.2
1679705240.9916677, 0, 0.2615371, -0.009579311, 0.2609818, 357.8224, 0, 0, 0, -8.0
1679705245.7638915, 0, 0.2619026, -0.009579311, 0.2624431, 357.9024, 0, 0, 0, -7.8
1679705250.5294542, 0, 0.2622682, -0.009579311, 0.2620777, 358.065, 0, 0, 0, -7.6
1679705255.295832, 0, 0.2619026, -0.009579311, 0.2620914, 357.9053, 0, 0, 0, -7.4
1679705260.0675414, 0, 0.2619026, -0.009579311, 0.2620777, 357.8255, 0, 0, 0, -7.199999999999999
1679705264.8332179, 0, 0.2622682, -0.009579311, 0.2628084, 357.8285, 0, 0, 0, -7.0
1679705269.609727, 0, 0.2626338, -0.009944728, 0.2627954, 357.914, 0, 0, 0, -6.8
1679705274.3945189, 0, 0.263365, -0.009579311, 0.2639045, 357.914, 0, 0, 0, -6.6
1679705279.1472828, 0, 0.263365, -0.009579311, 0.2635391, 357.9227, 0, 0, 0, -6.4
1679705283.9011917, 0, 0.2637306, -0.009944728, 0.2646486, 357.8435, 0, 0, 0, -6.199999999999999
1679705288.6560328, 0, 0.2644617, -0.009579311, 0.2646486, 357.8465, 0, 0, 0, -6.0
1679705293.3953595, 0, 0.2648273, -0.009579311, 0.2653658, 357.8495, 0, 0, 0, -5.8
1679705298.1454577, 0, 0.2651929, -0.009579311, 0.2653793, 357.9312, 0, 0, 0, -5.6
1679705302.929586, 0, 0.2655584, -0.009579311, 0.2661099, 357.9341, 0, 0, 0, -5.3999999999999995
1679705307.6982038, 0, 0.265924, -0.009944728, 0.2661099, 357.937, 0, 0, 0, -5.199999999999999
1679705312.4879735, 0, 0.2670208, -0.009579311, 0.2668405, 357.9454, 0, 0, 0, -5.0
1679705317.2539642, 0, 0.2681175, -0.009944728, 0.2675712, 357.87, 0, 0, 0, -4.8
1679705322.0191038, 0, 0.2677519, -0.009944728, 0.2679365, 357.9454, 0, 0, 0, -4.6
1679705326.791938, 0, 0.2684831, -0.009579311, 0.2683019, 357.9594, 0, 0, 0, -4.3999999999999995
1679705331.547689, 0, 0.2688487, -0.009944728, 0.2693846, 357.8816, 0, 0, 0, -4.199999999999999
1679705336.3179717, 0, 0.2688487, -0.009944728, 0.2697769, 357.8127, 0, 0, 0, -4.0
1679705341.059261, 0, 0.2699454, -0.009944728, 0.270846, 357.8157, 0, 0, 0, -3.8
1679705345.8216624, 0, 0.2710421, -0.009944728, 0.2712245, 358.0504, 0, 0, 0, -3.5999999999999996
1679705350.6072433, 0, 0.2714077, -0.009579311, 0.2712245, 357.9731, 0, 0, 0, -3.3999999999999995
1679705355.377337, 0, 0.2710421, -0.009579311, 0.2712245, 357.9704, 0, 0, 0, -3.1999999999999993
1679705360.1323366, 0, 0.2717733, -0.009579311, 0.2719688, 357.9044, 0, 0, 0, -3.0
1679705364.9168453, 0, 0.2714077, -0.01031014, 0.2715898, 357.8987, 0, 0, 0, -2.8
1679705369.6672883, 0, 0.2725044, -0.009944728, 0.2723341, 357.9016, 0, 0, 0, -2.5999999999999996
1679705374.4319227, 0, 0.2721389, -0.009944728, 0.2726858, 357.91, 0, 0, 0, -2.3999999999999995
1679705379.201101, 0, 0.2725044, -0.009944728, 0.2730512, 357.9867, 0, 0, 0, -2.1999999999999993
1679705383.9947991, 0, 0.2736012, -0.009944728, 0.27343, 357.9975, 0, 0, 0, -2.0
1679705388.7508106, 0, 0.2743323, -0.009579311, 0.2741472, 358.0001, 0, 0, 0, -1.799999999999999
1679705393.5220842, 0, 0.2746979, -0.009944728, 0.2748779, 357.9239, 0, 0, 0, -1.5999999999999996
1679705398.3078387, 0, 0.2750635, -0.009944728, 0.2755956, 357.8563, 0, 0, 0, -1.4000000000000004
1679705403.0736885, 0, 0.2757947, -0.009944728, 0.2759873, 357.9322, 0, 0, 0, -1.1999999999999993
1679705407.8261619, 0, 0.2761602, -0.009944728, 0.2759873, 357.9349, 0, 0, 0, -1.0
1679705412.6017885, 0, 0.277257, -0.009579311, 0.2770699, 358.0186, 0, 0, 0, -0.7999999999999989
1679705417.3580875, 0, 0.2776226, -0.009944728, 0.2778139, 357.9485, 0, 0, 0, -0.5999999999999996
1679705422.1225846, 0, 0.2779881, -0.009944728, 0.2778006, 357.8732, 0, 0, 0, -0.3999999999999986
1679705426.9056854, 0, 0.2790849, -0.009579311, 0.2785313, 357.8788, 0, 0, 0, -0.1999999999999993
1679705431.66183, 0, 0.2787193, -0.009944728, 0.2792752, 357.8815, 0, 0, 0, -0.0
