t,i,x,y,r,theta,xK,tc,therm,dc
1679437332.5568461, 0, 0.09686454, -0.009970706000000001, 0.0019472302, 354.1999, 0, 0, 0, -0.0
1679437337.5226693, 0, 0.09671832, -0.009532208, 0.0019440272000000001, 354.1911, 0, 0, 0, -0.2
1679437342.5063314, 0, 0.09642586, -0.009386042, 0.0019382070000000002, 354.277, 0, 0, 0, -0.4
1679437347.5006459, 0, 0.09642586, -0.009678374, 0.0019382070000000002, 354.3543, 0, 0, 0, -0.6000000000000001
1679437352.4702413, 0, 0.09627962000000001, -0.009532208, 0.0019320964, 354.2683, 0, 0, 0, -0.8
1679437357.4521642, 0, 0.09613340000000001, -0.009532208, 0.0019347210000000004, 354.3373, 0, 0, 0, -1.0
1679437362.4139905, 0, 0.09584094000000001, -0.009532208, 0.0019291862000000003, 354.3373, 0, 0, 0, -1.2000000000000002
1679437367.385103, 0, 0.09584094000000001, -0.009532208, 0.0019288994000000003, 354.3287, 0, 0, 0, -1.4000000000000001
1679437372.3591018, 0, 0.09569470000000001, -0.009532208, 0.0019262760000000004, 354.4066, 0, 0, 0, -1.6
1679437377.3348076, 0, 0.09569470000000001, -0.009386042, 0.0019233656000000002, 354.2249, 0, 0, 0, -1.8
1679437382.2958431, 0, 0.09554846, -0.009386042, 0.0019201676000000002, 354.2161, 0, 0, 0, -2.0
1679437387.2697299, 0, 0.09540224, -0.009386042, 0.0019201676000000002, 354.3811, 0, 0, 0, -2.2
1679437392.2121167, 0, 0.09525600000000001, -0.009532208, 0.0019172568, 354.2855, 0, 0, 0, -2.4000000000000004
1679437397.2007275, 0, 0.09540224, -0.009532208, 0.0019143463999999998, 354.3811, 0, 0, 0, -2.6
1679437402.1667962, 0, 0.09510976, -0.009532208, 0.0019143463999999998, 354.3725, 0, 0, 0, -2.8000000000000003
1679437407.149109, 0, 0.09525600000000001, -0.009532208, 0.0019082399999999998, 354.3553, 0, 0, 0, -3.0
1679437412.1222053, 0, 0.09496354, -0.009386042, 0.0019114358000000002, 354.4511, 0, 0, 0, -3.2
1679437417.079928, 0, 0.09481730000000002, -0.009386042, 0.0019085252, 354.3466, 0, 0, 0, -3.4000000000000004
1679437422.0739057, 0, 0.09481730000000002, -0.009386042, 0.0019056148000000002, 354.4256, 0, 0, 0, -3.6
1679437427.0387638, 0, 0.09481730000000002, -0.009386042, 0.0019056148000000002, 354.4256, 0, 0, 0, -3.8000000000000003
1679437432.0041077, 0, 0.09467107999999999, -0.009386042, 0.0019027046000000003, 354.417, 0, 0, 0, -4.0
1679437436.9634166, 0, 0.09467107999999999, -0.009386042, 0.0018992252000000001, 354.3293, 0, 0, 0, -4.2
1679437441.9089556, 0, 0.09437862000000001, -0.009532208, 0.0018965966000000002, 354.4084, 0, 0, 0, -4.4
1679437446.8916643, 0, 0.09437862000000001, -0.009386042, 0.0018997940000000002, 354.3293, 0, 0, 0, -4.6000000000000005
1679437451.8592772, 0, 0.09423238, -0.009239876000000001, 0.001893686, 354.4879, 0, 0, 0, -4.800000000000001
1679437456.8293746, 0, 0.09408616, -0.009239876000000001, 0.0018907753999999998, 354.3998, 0, 0, 0, -5.0
1679437461.801975, 0, 0.09393992000000001, -0.009239876000000001, 0.0018881532000000003, 354.3912, 0, 0, 0, -5.2
1679437466.7621202, 0, 0.09393992000000001, -0.009239876000000001, 0.0018875810000000004, 354.2942, 0, 0, 0, -5.4
1679437471.708818, 0, 0.09379368, -0.009239876000000001, 0.0018875810000000004, 354.4622, 0, 0, 0, -5.6000000000000005
1679437476.677382, 0, 0.09364746, -0.009239876000000001, 0.0018849542, 354.4622, 0, 0, 0, -5.800000000000001
1679437481.6554909, 0, 0.09379368, -0.009093708, 0.001878848, 354.5422, 0, 0, 0, -6.0
1679437486.6209745, 0, 0.09364746, -0.009093708, 0.0018820436, 354.4536, 0, 0, 0, -6.2
1679437491.603417, 0, 0.09364746, -0.008947542000000001, 0.001878848, 354.5422, 0, 0, 0, -6.4
1679437496.578651, 0, 0.09350122000000001, -0.009093708, 0.0018756558000000002, 354.4536, 0, 0, 0, -6.6000000000000005
1679437501.576502, 0, 0.09335498, -0.008947542000000001, 0.0018759372, 354.4277, 0, 0, 0, -6.800000000000001
1679437506.5461235, 0, 0.09350122000000001, -0.009093708, 0.001878848, 354.4364, 0, 0, 0, -7.0
1679437511.5119226, 0, 0.09320876, -0.008947542000000001, 0.0018756558000000002, 354.5252, 0, 0, 0, -7.2
1679437516.4647849, 0, 0.09320876, -0.009239876000000001, 0.0018698334000000001, 354.4277, 0, 0, 0, -7.4
1679437521.4408662, 0, 0.09306252000000001, -0.008947542000000001, 0.0018701156, 354.4277, 0, 0, 0, -7.6000000000000005
1679437526.433304, 0, 0.09306252000000001, -0.009093708, 0.0018759372, 354.419, 0, 0, 0, -7.800000000000001
1679437531.4055812, 0, 0.09306252000000001, -0.008947542000000001, 0.0018698334000000001, 354.5973, 0, 0, 0, -8.0
1679437536.381356, 0, 0.0929163, -0.008947542000000001, 0.0018695558, 354.4996, 0, 0, 0, -8.200000000000001
1679437541.356274, 0, 0.09277006000000002, -0.008947542000000001, 0.0018666444000000001, 354.4015, 0, 0, 0, -8.4
1679437546.3122497, 0, 0.09277006000000002, -0.008947542000000001, 0.001866922, 354.5804, 0, 0, 0, -8.6
1679437551.3028665, 0, 0.09277006000000002, -0.008947542000000001, 0.0018640109999999998, 354.5804, 0, 0, 0, -8.8
1679437556.2600741, 0, 0.09262384000000001, -0.00865521, 0.0018579096, 354.4909, 0, 0, 0, -9.0
1679437561.2120142, 0, 0.09247760000000001, -0.008947542000000001, 0.0018610998, 354.5548, 0, 0, 0, -9.200000000000001
1679437566.186614, 0, 0.09247760000000001, -0.009093708, 0.0018579096, 354.4649, 0, 0, 0, -9.4
1679437571.1535814, 0, 0.09233138, -0.008801376, 0.0018549982000000003, 354.3839, 0, 0, 0, -9.600000000000001
1679437576.1143198, 0, 0.09247760000000001, -0.00865521, 0.0018549982000000003, 354.4649, 0, 0, 0, -9.8
1679437581.10137, 0, 0.09233138, -0.00865521, 0.0018547232, 354.5376, 0, 0, 0, -10.0
