t,i,x,y,r,theta,xK,tc,therm,dc
1679704106.722007, 0, 0.3646304, -0.01286805, 0.3652101, 357.9809, 0, 0, 0, 0.0
1679704111.4940677, 0, 0.3653615, -0.01323347, 0.3663061, 357.9869, 0, 0, 0, 0.2
1679704116.2698998, 0, 0.3657271, -0.01250264, 0.3655754, 358.0381, 0, 0, 0, 0.4
1679704121.0556307, 0, 0.3657271, -0.01286805, 0.3666715, 358.0479, 0, 0, 0, 0.6000000000000001
1679704125.842053, 0, 0.3679206, -0.01323347, 0.3688637, 358.1106, 0, 0, 0, 0.8
1679704130.5938141, 0, 0.3682862, -0.01286805, 0.3685109, 358.0557, 0, 0, 0, 1.0
1679704135.3589334, 0, 0.3697485, -0.01250264, 0.3692416, 358.0595, 0, 0, 0, 1.2000000000000002
1679704140.1351092, 0, 0.3693829, -0.01213722, 0.369607, 358.0088, 0, 0, 0, 1.4000000000000001
1679704144.8869321, 0, 0.3704796, -0.01250264, 0.3710684, 357.9563, 0, 0, 0, 1.6
1679704149.64678, 0, 0.3704796, -0.01323347, 0.3710559, 358.0146, 0, 0, 0, 1.8
1679704154.4291928, 0, 0.3726731, -0.01286805, 0.3728952, 357.9683, 0, 0, 0, 2.0
1679704159.194851, 0, 0.3723076, -0.01286805, 0.3732606, 357.9683, 0, 0, 0, 2.2
1679704163.9506621, 0, 0.374501, -0.01250264, 0.3743443, 358.034, 0, 0, 0, 2.4000000000000004
1679704168.7229342, 0, 0.3748666, -0.01323347, 0.3758181, 358.034, 0, 0, 0, 2.6
1679704173.4913352, 0, 0.3752322, -0.01323347, 0.3751001, 357.9821, 0, 0, 0, 2.8000000000000003
1679704178.2744424, 0, 0.3755978, -0.01250264, 0.3769142, 358.0435, 0, 0, 0, 3.0
1679704183.0267315, 0, 0.3766945, -0.01286805, 0.3772922, 357.988, 0, 0, 0, 3.2
1679704187.782594, 0, 0.3770601, -0.01286805, 0.377645, 358.0473, 0, 0, 0, 3.4000000000000004
1679704192.5393531, 0, 0.3777912, -0.01323347, 0.3783883, 357.9977, 0, 0, 0, 3.6
1679704197.2911305, 0, 0.3781568, -0.01323347, 0.3791065, 358.0492, 0, 0, 0, 3.8000000000000003
1679704202.0763295, 0, 0.3785224, -0.01323347, 0.3787288, 357.9958, 0, 0, 0, 4.0
1679704206.8564878, 0, 0.3796192, -0.01250264, 0.3798497, 358.0035, 0, 0, 0, 4.2
1679704211.5947447, 0, 0.3796192, -0.01286805, 0.3798372, 357.9484, 0, 0, 0, 4.4
1679704216.3701043, 0, 0.3807159, -0.01250264, 0.3813112, 358.0679, 0, 0, 0, 4.6000000000000005
1679704221.1330454, 0, 0.3818126, -0.01286805, 0.3813112, 358.013, 0, 0, 0, 4.800000000000001
1679704225.8986948, 0, 0.3818126, -0.01323347, 0.3820294, 357.9602, 0, 0, 0, 5.0
1679704230.6647582, 0, 0.3821782, -0.01323347, 0.3827601, 358.0206, 0, 0, 0, 5.2
1679704235.4238787, 0, 0.3832749, -0.01359888, 0.3835161, 358.0225, 0, 0, 0, 5.4
1679704240.1722765, 0, 0.3836405, -0.01323347, 0.3845994, 358.0263, 0, 0, 0, 5.6000000000000005
1679704244.9540818, 0, 0.3843717, -0.01323347, 0.3838814, 358.0244, 0, 0, 0, 5.800000000000001
1679704249.733991, 0, 0.3851028, -0.01323347, 0.3853177, 358.0319, 0, 0, 0, 6.0
1679704254.5303164, 0, 0.3861996, -0.01323347, 0.3860609, 357.9833, 0, 0, 0, 6.2
1679704259.2964306, 0, 0.3872963, -0.01323347, 0.3875223, 358.097, 0, 0, 0, 6.4
1679704264.067778, 0, 0.3872963, -0.01359888, 0.3871696, 357.9292, 0, 0, 0, 6.6000000000000005
1679704268.8512099, 0, 0.3880275, -0.01323347, 0.3878877, 358.0467, 0, 0, 0, 6.800000000000001
1679704273.6057572, 0, 0.3894898, -0.01323347, 0.3900925, 358.0559, 0, 0, 0, 7.0
1679704278.360988, 0, 0.3909521, -0.01359888, 0.3904453, 358.0022, 0, 0, 0, 7.2
1679704283.1175745, 0, 0.3905865, -0.01359888, 0.3908232, 358.0577, 0, 0, 0, 7.4
1679704287.8933754, 0, 0.3909521, -0.01359888, 0.3908106, 358.0078, 0, 0, 0, 7.6000000000000005
1679704292.6489694, 0, 0.3916833, -0.01323347, 0.3922846, 358.0649, 0, 0, 0, 7.800000000000001
1679704297.4227858, 0, 0.3920488, -0.01359888, 0.3922846, 358.0134, 0, 0, 0, 8.0
1679704302.1706402, 0, 0.3924144, -0.0139643, 0.3919192, 358.0631, 0, 0, 0, 8.200000000000001
1679704306.950727, 0, 0.3931456, -0.01359888, 0.3926499, 358.0685, 0, 0, 0, 8.4
1679704311.7064495, 0, 0.39278, -0.01359888, 0.3933682, 358.0189, 0, 0, 0, 8.6
1679704316.46111, 0, 0.3935111, -0.01323347, 0.3941242, 358.0244, 0, 0, 0, 8.8
1679704321.2332935, 0, 0.3957046, -0.01359888, 0.3952075, 357.9789, 0, 0, 0, 9.0
1679704325.9926748, 0, 0.3971669, -0.01359888, 0.3973997, 358.0408, 0, 0, 0, 9.200000000000001
1679704330.7486804, 0, 0.3982637, -0.0139643, 0.3988611, 358.0444, 0, 0, 0, 9.4
1679704335.5283763, 0, 0.3982637, -0.01359888, 0.3992391, 357.9955, 0, 0, 0, 9.600000000000001
1679704340.2819145, 0, 0.3993604, -0.01323347, 0.3999572, 358.001, 0, 0, 0, 9.8
1679704345.052291, 0, 0.4011883, -0.01359888, 0.4010659, 358.0533, 0, 0, 0, 10.0
1679704349.838009, 0, 0.399726, -0.0139643, 0.4007006, 358.0533, 0, 0, 0, 10.0
1679704354.6104503, 0, 0.3989948, -0.0139643, 0.3981431, 358.0444, 0, 0, 0, 9.8
1679704359.3654118, 0, 0.3978981, -0.01359888, 0.3984958, 358.0426, 0, 0, 0, 9.6
1679704364.116133, 0, 0.3978981, -0.0139643, 0.3973997, 358.0934, 0, 0, 0, 9.4
1679704368.8768163, 0, 0.3968014, -0.0139643, 0.396669, 358.0354, 0, 0, 0, 9.2
1679704373.6359572, 0, 0.3949735, -0.01359888, 0.3955728, 358.0299, 0, 0, 0, 9.0
1679704378.4091768, 0, 0.3942423, -0.01359888, 0.3948421, 358.0281, 0, 0, 0, 8.8
1679704383.1789587, 0, 0.3935111, -0.01359888, 0.394099, 357.9657, 0, 0, 0, 8.6
1679704387.9440703, 0, 0.39278, -0.01359888, 0.3926499, 358.0171, 0, 0, 0, 8.4
1679704392.7209516, 0, 0.3920488, -0.01323347, 0.3915414, 358.0631, 0, 0, 0, 8.2
1679704397.4900115, 0, 0.3905865, -0.01323347, 0.3904453, 358.006, 0, 0, 0, 8.0
1679704402.260545, 0, 0.3894898, -0.01323347, 0.3900925, 358.0559, 0, 0, 0, 7.8
1679704407.0038104, 0, 0.388393, -0.01359888, 0.388631, 358.0467, 0, 0, 0, 7.6
1679704411.78377, 0, 0.388393, -0.01359888, 0.3886062, 358.1024, 0, 0, 0, 7.4
1679704416.5287387, 0, 0.3872963, -0.01323347, 0.388253, 358.1024, 0, 0, 0, 7.199999999999999
1679704421.2872765, 0, 0.3872963, -0.01286805, 0.3878877, 358.043, 0, 0, 0, 7.0
1679704426.06421, 0, 0.3861996, -0.01286805, 0.3860609, 358.0898, 0, 0, 0, 6.8
1679704430.8288345, 0, 0.3851028, -0.01323347, 0.3856831, 358.0862, 0, 0, 0, 6.6
1679704435.6016128, 0, 0.3840061, -0.01323347, 0.3846121, 358.0807, 0, 0, 0, 6.4
1679704440.3564432, 0, 0.3832749, -0.01323347, 0.3842216, 358.0225, 0, 0, 0, 6.199999999999999
1679704445.0928721, 0, 0.3821782, -0.01286805, 0.3835033, 358.0206, 0, 0, 0, 6.0
1679704449.8585684, 0, 0.3810815, -0.01323347, 0.3816765, 358.015, 0, 0, 0, 5.8
1679704454.6377108, 0, 0.3807159, -0.01286805, 0.3809458, 358.1173, 0, 0, 0, 5.6
1679704459.4060416, 0, 0.3796192, -0.01286805, 0.3798372, 358.0054, 0, 0, 0, 5.3999999999999995
1679704464.1797643, 0, 0.3803503, -0.01250264, 0.3802151, 358.0586, 0, 0, 0, 5.199999999999999
1679704468.9481707, 0, 0.3803503, -0.01323347, 0.3798497, 358.0604, 0, 0, 0, 5.0
1679704473.7239943, 0, 0.378888, -0.01286805, 0.3798372, 358.0623, 0, 0, 0, 4.8
1679704478.491546, 0, 0.3781568, -0.01250264, 0.3787536, 358.0511, 0, 0, 0, 4.6
1679704483.2676163, 0, 0.378888, -0.01286805, 0.3783757, 358.0548, 0, 0, 0, 4.3999999999999995
1679704488.0212293, 0, 0.3781568, -0.01323347, 0.3780103, 358.1082, 0, 0, 0, 4.199999999999999
1679704492.7828922, 0, 0.3770601, -0.01286805, 0.377645, 358.0473, 0, 0, 0, 4.0
1679704497.5418282, 0, 0.3763289, -0.01286805, 0.3765489, 358.0378, 0, 0, 0, 3.8
1679704502.3078341, 0, 0.374501, -0.01286805, 0.3747221, 358.0302, 0, 0, 0, 3.5999999999999996
1679704507.0736506, 0, 0.3730387, -0.01250264, 0.3732482, 358.0244, 0, 0, 0, 3.3999999999999995
1679704511.8417385, 0, 0.3734043, -0.01250264, 0.3728952, 358.0224, 0, 0, 0, 3.1999999999999993
1679704516.6149857, 0, 0.3723076, -0.01286805, 0.3728952, 358.0185, 0, 0, 0, 3.0
1679704521.3947964, 0, 0.3712108, -0.01250264, 0.3703377, 358.0672, 0, 0, 0, 2.8
1679704526.167154, 0, 0.3693829, -0.01250264, 0.3699723, 358.0068, 0, 0, 0, 2.5999999999999996
1679704530.9128852, 0, 0.3693829, -0.01286805, 0.3695945, 358.1199, 0, 0, 0, 2.3999999999999995
1679704535.6886559, 0, 0.3690173, -0.01250264, 0.3681456, 358.1125, 0, 0, 0, 2.1999999999999993
1679704540.4403727, 0, 0.367555, -0.01286805, 0.368133, 357.9969, 0, 0, 0, 2.0
1679704545.2167196, 0, 0.3679206, -0.01250264, 0.3677802, 358.0518, 0, 0, 0, 1.799999999999999
1679704549.972299, 0, 0.3660927, -0.01250264, 0.3659408, 358.0421, 0, 0, 0, 1.5999999999999996
1679704554.7477412, 0, 0.3657271, -0.01286805, 0.3655881, 358.0421, 0, 0, 0, 1.4000000000000004
1679704559.5100126, 0, 0.3646304, -0.01250264, 0.3651977, 357.9829, 0, 0, 0, 1.1999999999999993
1679704564.2660809, 0, 0.3642648, -0.01213722, 0.3652101, 358.0342, 0, 0, 0, 1.0
1679704569.0489247, 0, 0.3628025, -0.01250264, 0.3626525, 358.0283, 0, 0, 0, 0.7999999999999989
1679704573.8193033, 0, 0.3624369, -0.01250264, 0.3633832, 358.0839, 0, 0, 0, 0.5999999999999996
1679704578.5817034, 0, 0.3617058, -0.01250264, 0.3626401, 358.0839, 0, 0, 0, 0.3999999999999986
1679704583.348621, 0, 0.3609746, -0.0117718, 0.3612039, 358.1341, 0, 0, 0, 0.1999999999999993
1679704588.1084273, 0, 0.3609746, -0.01213722, 0.3611786, 357.9584, 0, 0, 0, 0.0
