t,i,x,y,r,theta,xK,tc,therm,dc
1679960894.672197, 0, 0.08999167, -0.001054566, 0.09014247, 359.3297, 0, 0, 0, -0.0
1679960899.4255626, 0, 0.08984543, -0.001054566, 0.08985162, 359.3275, 0, 0, 0, -0.2
1679960904.1877835, 0, 0.0896992, -0.001200733, 0.08985162, 359.4198, 0, 0, 0, -0.4
1679960908.966898, 0, 0.08940674, -0.0009084001, 0.08941136, 359.5123, 0, 0, 0, -0.6000000000000001
1679960913.73961, 0, 0.08911428, -0.0009084001, 0.08926673, 359.3242, 0, 0, 0, -0.8
1679960918.534272, 0, 0.08911428, -0.0009084001, 0.0889743, 359.416, 0, 0, 0, -1.0
1679960923.302046, 0, 0.08882181, -0.001054566, 0.08868023, 359.414, 0, 0, 0, -1.2000000000000002
1679960928.050075, 0, 0.08838311, -0.001054566, 0.08853401, 359.3186, 0, 0, 0, -1.4000000000000001
1679960932.8195262, 0, 0.08852935, -0.001054566, 0.08838941, 359.4111, 0, 0, 0, -1.6
1679960937.5812938, 0, 0.08838311, -0.0009084001, 0.08809533, 359.4102, 0, 0, 0, -1.8
1679960942.3505933, 0, 0.08779819, -0.001054566, 0.08809696, 359.313, 0, 0, 0, -2.0
1679960947.1231608, 0, 0.08765196, -0.001054566, 0.08780149, 359.4072, 0, 0, 0, -2.2
1679960951.8972898, 0, 0.08750572, -0.0009084001, 0.0876583, 359.4052, 0, 0, 0, -2.4000000000000004
1679960956.675388, 0, 0.0873595, -0.001054566, 0.08707177, 359.4042, 0, 0, 0, -2.6
1679960961.4607205, 0, 0.08721326, -0.0009084001, 0.08721799, 359.4022, 0, 0, 0, -2.8000000000000003
1679960966.2161415, 0, 0.0869208, -0.0007622339, 0.08692719, 359.4002, 0, 0, 0, -3.0
1679960970.9838214, 0, 0.08662833, -0.0009084001, 0.08677933, 359.4967, 0, 0, 0, -3.2
1679960975.734233, 0, 0.08648211, -0.0009084001, 0.08648688, 359.3982, 0, 0, 0, -3.4000000000000004
1679960980.5099938, 0, 0.08618964, -0.001054566, 0.08619443, 359.3002, 0, 0, 0, -3.6
1679960985.2832294, 0, 0.08618964, -0.001200733, 0.0860482, 359.3951, 0, 0, 0, -3.8000000000000003
1679960990.0360954, 0, 0.08618964, -0.0009084001, 0.08604987, 359.3941, 0, 0, 0, -4.0
1679960994.773776, 0, 0.08575094, -0.0009084001, 0.08590056, 359.3931, 0, 0, 0, -4.2
1679960999.5129426, 0, 0.08575094, -0.0009084001, 0.08575433, 359.4898, 0, 0, 0, -4.4
1679961004.2820954, 0, 0.08545848, -0.0009084001, 0.08546188, 359.392, 0, 0, 0, -4.6000000000000005
1679961009.0469995, 0, 0.08531225, -0.0009084001, 0.08546188, 359.4881, 0, 0, 0, -4.800000000000001
1679961013.8029077, 0, 0.08516601, -0.001054566, 0.08517086, 359.4872, 0, 0, 0, -5.0
1679961018.5820274, 0, 0.08487355, -0.0009084001, 0.08502464, 359.3878, 0, 0, 0, -5.2
1679961023.3516743, 0, 0.08487355, -0.0009084001, 0.08487841, 359.4863, 0, 0, 0, -5.4
1679961028.1141164, 0, 0.08472732, -0.001054566, 0.08473076, 359.2857, 0, 0, 0, -5.6000000000000005
1679961032.8830245, 0, 0.08443486, -0.0007622339, 0.08443831, 359.4828, 0, 0, 0, -5.800000000000001
1679961037.634259, 0, 0.08443486, -0.0009084001, 0.08429208, 359.4828, 0, 0, 0, -6.0
1679961042.3989394, 0, 0.0841424, -0.0007622339, 0.08429352, 359.3815, 0, 0, 0, -6.2
1679961047.171018, 0, 0.0841424, -0.001054566, 0.08399962, 359.481, 0, 0, 0, -6.4
1679961051.9418721, 0, 0.08399616, -0.0009084001, 0.08400108, 359.3804, 0, 0, 0, -6.6000000000000005
1679961056.7085412, 0, 0.0837037, -0.0009084001, 0.08385485, 359.3782, 0, 0, 0, -6.800000000000001
1679961061.4706979, 0, 0.08355747, -0.0009084001, 0.08370717, 359.3782, 0, 0, 0, -7.0
1679961066.2462554, 0, 0.08355747, -0.0009084001, 0.08356096, 359.376, 0, 0, 0, -7.2
1679961071.0023117, 0, 0.08341124, -0.0009084001, 0.08341619, 359.376, 0, 0, 0, -7.4
1679961075.7674997, 0, 0.08311877, -0.0009084001, 0.08312105, 359.4746, 0, 0, 0, -7.6000000000000005
1679961080.5204413, 0, 0.08297255, -0.0007622339, 0.08297606, 359.3738, 0, 0, 0, -7.800000000000001
1679961085.2660124, 0, 0.08282631, -0.0007622339, 0.08283302, 359.3727, 0, 0, 0, -8.0
1679961090.032062, 0, 0.08282631, -0.0009084001, 0.08282982, 359.3716, 0, 0, 0, -8.200000000000001
1679961094.824279, 0, 0.08253384, -0.0009084001, 0.08253884, 359.4718, 0, 0, 0, -8.4
1679961099.6130888, 0, 0.08238762, -0.0009084001, 0.08224492, 359.2667, 0, 0, 0, -8.6
1679961104.381414, 0, 0.08224139, -0.0009084001, 0.08209869, 359.4699, 0, 0, 0, -8.8
1679961109.144547, 0, 0.08209515, -0.0009084001, 0.08224273, 359.469, 0, 0, 0, -9.0
1679961113.8967128, 0, 0.08209515, -0.0009084001, 0.08224492, 359.57, 0, 0, 0, -9.200000000000001
1679961118.6702743, 0, 0.08194892, -0.0007622339, 0.08195396, 359.4661, 0, 0, 0, -9.4
1679961123.425482, 0, 0.0818027, -0.0007622339, 0.08195122, 359.366, 0, 0, 0, -9.600000000000001
1679961128.1999516, 0, 0.08165646, -0.0009084001, 0.0815138, 359.3638, 0, 0, 0, -9.8
1679961132.9778447, 0, 0.08151023, -0.0006160677, 0.08166002, 359.4642, 0, 0, 0, -10.0
1679961137.7492013, 0, 0.08151023, -0.0006160677, 0.0815138, 359.3615, 0, 0, 0, -10.200000000000001
1679961142.5191867, 0, 0.08136399, -0.0007622339, 0.08136757, 359.4633, 0, 0, 0, -10.4
1679961147.2911294, 0, 0.08136399, -0.0007622339, 0.08122285, 359.4633, 0, 0, 0, -10.600000000000001
1679961152.0634003, 0, 0.08107153, -0.0007622339, 0.08122134, 359.4604, 0, 0, 0, -10.8
1679961156.809155, 0, 0.0809253, -0.0009084001, 0.08107512, 359.5646, 0, 0, 0, -11.0
1679961161.5647871, 0, 0.0809253, -0.0007622339, 0.0806352, 359.4604, 0, 0, 0, -11.200000000000001
1679961166.3298647, 0, 0.08077907, -0.0007622339, 0.08078142, 359.4594, 0, 0, 0, -11.4
1679961171.0730448, 0, 0.0809253, -0.0009084001, 0.08078418, 359.4584, 0, 0, 0, -11.600000000000001
1679961175.8384876, 0, 0.08063284, -0.0007622339, 0.08049174, 359.5623, 0, 0, 0, -11.8
1679961180.6137452, 0, 0.0804866, -0.0007622339, 0.08049022, 359.4584, 0, 0, 0, -12.0
1679961185.379449, 0, 0.08034038, -0.0009084001, 0.08034552, 359.5606, 0, 0, 0, -12.200000000000001
1679961190.1360867, 0, 0.08019414, -0.0006160677, 0.08019928, 359.4534, 0, 0, 0, -12.4
1679961194.9077337, 0, 0.07990167, -0.0006160677, 0.07990531, 359.3474, 0, 0, 0, -12.600000000000001
1679961199.6541784, 0, 0.07960922, -0.0007622339, 0.07990531, 359.4514, 0, 0, 0, -12.8
1679961204.4195702, 0, 0.07975545, -0.0009084001, 0.07975782, 359.3474, 0, 0, 0, -13.0
1679961209.1720018, 0, 0.07960922, -0.0007622339, 0.07932042, 359.4514, 0, 0, 0, -13.200000000000001
1679961213.9376447, 0, 0.07931675, -0.0007622339, 0.07946664, 359.4504, 0, 0, 0, -13.4
1679961218.7334223, 0, 0.07931675, -0.0007622339, 0.07902797, 359.4484, 0, 0, 0, -13.600000000000001
1679961223.5073135, 0, 0.07887805, -0.0006160677, 0.07902797, 359.4484, 0, 0, 0, -13.8
1679961228.265356, 0, 0.07902429, -0.0007622339, 0.07873552, 359.4464, 0, 0, 0, -14.0
1679961233.0393934, 0, 0.07873182, -0.0007622339, 0.07873707, 359.4464, 0, 0, 0, -14.200000000000001
1679961237.8031867, 0, 0.07887805, -0.0006160677, 0.07873423, 359.4443, 0, 0, 0, -14.4
1679961242.5753431, 0, 0.07858559, -0.0007622339, 0.07859084, 359.6574, 0, 0, 0, -14.600000000000001
1679961247.3616261, 0, 0.07858559, -0.0006160677, 0.07873552, 359.4443, 0, 0, 0, -14.8
1679961252.129889, 0, 0.07843936, -0.0007622339, 0.0782984, 359.4422, 0, 0, 0, -15.0
1679961256.9027324, 0, 0.0781469, -0.001054566, 0.07815062, 359.5483, 0, 0, 0, -15.200000000000001
1679961261.6686106, 0, 0.07800066, -0.0009084001, 0.07814933, 359.5475, 0, 0, 0, -15.4
1679961266.4446254, 0, 0.0781469, -0.0009084001, 0.07785816, 359.5466, 0, 0, 0, -15.600000000000001
1679961271.2366679, 0, 0.0777082, -0.0007622339, 0.07771351, 359.3303, 0, 0, 0, -15.8
1679961276.012197, 0, 0.07756197, -0.0007622339, 0.07756442, 359.4359, 0, 0, 0, -16.0
1679961280.7809489, 0, 0.07741573, -0.0007622339, 0.07756339, 359.5432, 0, 0, 0, -16.2
1679961285.550607, 0, 0.07741573, -0.0006160677, 0.07741949, 359.5432, 0, 0, 0, -16.400000000000002
1679961290.2966144, 0, 0.07726951, -0.0007622339, 0.07712574, 359.5432, 0, 0, 0, -16.6
1679961295.0520015, 0, 0.07697704, -0.0006160677, 0.07712704, 359.4337, 0, 0, 0, -16.8
1679961299.8281655, 0, 0.07712328, -0.0007622339, 0.0768346, 359.5414, 0, 0, 0, -17.0
1679961304.5897894, 0, 0.07683081, -0.0007622339, 0.0769824, 359.3226, 0, 0, 0, -17.2
1679961309.3460681, 0, 0.07668458, -0.0007622339, 0.07653979, 359.3213, 0, 0, 0, -17.400000000000002
1679961314.1416354, 0, 0.07668458, -0.0007622339, 0.07668836, 359.32, 0, 0, 0, -17.6
1679961318.9175844, 0, 0.07639211, -0.0007622339, 0.07639592, 359.5379, 0, 0, 0, -17.8
1679961323.69325, 0, 0.07609966, -0.0003237352, 0.07624733, 359.3187, 0, 0, 0, -18.0
1679961328.4588337, 0, 0.07609966, -0.0006160677, 0.07610346, 359.3148, 0, 0, 0, -18.2
1679961333.2115119, 0, 0.07609966, -0.0007622339, 0.07610346, 359.5362, 0, 0, 0, -18.400000000000002
1679961337.979967, 0, 0.07595342, -0.0007622339, 0.07595725, 359.5353, 0, 0, 0, -18.6
1679961342.7549448, 0, 0.07580719, -0.0007622339, 0.07581102, 359.425, 0, 0, 0, -18.8
1679961347.556639, 0, 0.07580719, -0.0007622339, 0.0756648, 359.5344, 0, 0, 0, -19.0
1679961352.3213239, 0, 0.07566096, -0.0006160677, 0.0756648, 359.5344, 0, 0, 0, -19.200000000000003
1679961357.0762048, 0, 0.07551473, -0.0009084001, 0.07551724, 359.4217, 0, 0, 0, -19.400000000000002
1679961361.8486283, 0, 0.07551473, -0.0006160677, 0.07537235, 359.5326, 0, 0, 0, -19.6
1679961366.6244648, 0, 0.07522226, -0.0004699014, 0.07522613, 359.4206, 0, 0, 0, -19.8
1679961371.4002213, 0, 0.07522226, -0.0006160677, 0.07522479, 359.5298, 0, 0, 0, -20.0
1679961376.1929262, 0, 0.08209515, -0.0009084001, 0.08195122, 359.4671, 0, 0, 0, -10.0
1679961380.948992, 0, 0.08224139, -0.0009084001, 0.08224492, 359.3672, 0, 0, 0, -9.8
