t,i,x,y,r,theta,xK,tc,therm,dc
1678922872.5334535, 0, -0.08237195, -0.00016186760000000004, 0.0008244523, 180.1125, 0, 0, 0, -0.0
1678922877.8029506, 0, -0.07177015, -0.00016186760000000004, 0.0007169709, 180.0126, 0, 0, 0, -0.3333333333333333
1678922883.0822902, 0, -0.057512560000000004, -8.878449e-05, 0.0005736656, 180.0887, 0, 0, 0, -0.6666666666666666
1678922888.3581266, 0, -0.05034721000000001, -8.878449e-05, 0.0005027417, 180.1012, 0, 0, 0, -1.0
1678922893.658798, 0, -0.0461065, -0.00016186760000000004, 0.00046033660000000003, 180.2012, 0, 0, 0, -1.3333333333333333
1678922898.9212258, 0, -0.04340121, -0.00016186760000000004, 0.0004340151, 180.2137, 0, 0, 0, -1.6666666666666665
1678922904.2063982, 0, -0.04135396, -0.00016186760000000004, 0.0004135428, 180.2239, 0, 0, 0, -2.0
1678922909.475762, 0, -0.039818530000000005, -0.00023495070000000001, 0.0003974575, 180.2325, 0, 0, 0, -2.333333333333333
1678922914.757786, 0, -0.038648680000000005, -8.878449e-05, 0.0003857591, 180.2404, 0, 0, 0, -2.6666666666666665
1678922920.0541003, 0, -0.03762506, -0.00016186760000000004, 0.0003762541, 180.247, 0, 0, 0, -3.0
1678922925.3468788, 0, -0.03674767, -0.00016186760000000004, 0.00036748030000000005, 180.1368, 0, 0, 0, -3.333333333333333
1678922930.634398, 0, -0.03638209, -8.878449e-05, 0.0003652833, 180.2534, 0, 0, 0, -3.6666666666666665
1678922935.9213963, 0, -0.035870280000000004, -1.5701370000000003e-05, 0.00036016620000000005, 180.1413, 0, 0, 0, -4.0
1678922941.2026367, 0, -0.03579716, -8.878449e-05, 0.00035943440000000003, 180.258, 0, 0, 0, -4.333333333333333
1678922946.4557526, 0, -0.03535847, -8.878449e-05, 0.0003557793, 180.2596, 0, 0, 0, -4.666666666666666
1678922951.7282836, 0, -0.0355047, 0.001519044, 0.00036242910000000003, 180.3599, 0, 0, 0, -5.0
1678922957.0180964, 0, -0.03601651, -0.00030803380000000004, 0.00035876600000000005, 180.489, 0, 0, 0, -5.333333333333333
1678922962.2979813, 0, -0.036089630000000004, 5.738174e-05, 0.000361635, 179.7966, 0, 0, 0, -5.666666666666666
1678922967.5843964, 0, -0.036820790000000006, -0.00016186760000000004, 0.00036602000000000005, 179.8001, 0, 0, 0, -6.0
1678922972.8706663, 0, -0.03674767, -1.5701370000000003e-05, 0.0003720764, 180.139, 0, 0, 0, -6.333333333333333
1678922978.1296, 0, -0.03733260000000001, 0.0006420465999999999, 0.00037405939999999996, 179.9117, 0, 0, 0, -6.666666666666666
1678922983.3986626, 0, -0.03696702, -0.00023495070000000001, 0.0003748121, 179.4675, 0, 0, 0, -7.0
1678922988.677144, 0, -0.03667455, 0.0012267110000000001, 0.00039379840000000003, 179.5787, 0, 0, 0, -7.333333333333333
1678922993.9564762, 0, -0.03784441000000001, -0.00016186760000000004, 0.0003762561, 180.1355, 0, 0, 0, -7.666666666666666
1678922999.249379, 0, -0.037698180000000005, 0.0001304649, 0.00038137100000000003, 180.0238, 0, 0, 0, -8.0
1678923004.5243232, 0, -0.03733260000000001, 0.0008612960000000001, 0.00039184550000000005, 179.6994, 0, 0, 0, -8.333333333333332
1678923009.7915626, 0, -0.03850245000000001, -8.878449e-05, 0.0003872184, 179.8069, 0, 0, 0, -8.666666666666666
1678923015.0625138, 0, -0.039818530000000005, -8.878449e-05, 0.0003916313, 180.023, 0, 0, 0, -9.0
1678923020.344931, 0, -0.040695920000000003, 0.0001304649, 0.00039892169999999997, 179.9185, 0, 0, 0, -9.333333333333332
1678923025.6132138, 0, -0.04047657, -8.878449e-05, 0.00040623130000000006, 180.1259, 0, 0, 0, -9.666666666666666
1678923030.895734, 0, -0.04047657, -0.00023495070000000001, 0.00040111330000000003, 179.7119, 0, 0, 0, -10.0
1678923036.181469, 0, -0.04018411000000001, -8.878449e-05, 0.0004077082, 180.3326, 0, 0, 0, -10.333333333333332
1678923041.4534075, 0, -0.04054969, -1.5701370000000003e-05, 0.00040403500000000007, 180.0223, 0, 0, 0, -10.666666666666666
1678923046.7180097, 0, -0.040257230000000005, -0.001185031, 0.0004069624, 180.3302, 0, 0, 0, -11.0
1678923082.0202053, 0, -0.039745420000000004, -1.5701370000000003e-05, 0.00039672310000000006, 180.1278, 0, 0, 0, -11.333333333333332
1678923087.2843456, 0, -0.040257230000000005, -8.878449e-05, 0.00040038210000000005, 180.1271, 0, 0, 0, -11.666666666666666
1678923092.5631542, 0, -0.0396723, -0.00016186760000000004, 0.0003974542, 180.0227, 0, 0, 0, -12.0
1678923097.806589, 0, -0.03930672, -0.00016186760000000004, 0.0003916053, 180.023, 0, 0, 0, -12.333333333333332
1678923103.0822895, 0, -0.03879491, -1.5701370000000003e-05, 0.00039014600000000007, 180.0231, 0, 0, 0, -12.666666666666666
1678923108.3475916, 0, -0.03842933, -1.5701370000000003e-05, 0.0003864869, 180.0233, 0, 0, 0, -13.0
1678923113.6192892, 0, -0.03850245000000001, -1.5701370000000003e-05, 0.0003857628, 180.0234, 0, 0, 0, -13.333333333333332
1678923118.913811, 0, -0.03784441000000001, -1.5701370000000003e-05, 0.0003842938, 179.6994, 0, 0, 0, -13.666666666666666
1678923124.2113588, 0, -0.03718637, -1.5701370000000003e-05, 0.0003755195, 180.247, 0, 0, 0, -14.0
1678923129.4954305, 0, -0.039087380000000005, 0.0007882129, 0.00039526400000000004, 180.6621, 0, 0, 0, -14.333333333333332
1678923134.7789102, 0, -0.03718637, -8.878449e-05, 0.0003608967, 180.0249, 0, 0, 0, -14.666666666666666
1678923140.0772038, 0, -0.03806376, 5.738174e-05, 0.00039606219999999994, 180.0241, 0, 0, 0, -15.0
1678923145.3724132, 0, -0.037040130000000004, -0.00016186760000000004, 0.0003981923, 179.7108, 0, 0, 0, -15.333333333333332
1678923150.6663637, 0, -0.03777129, 0.00034971420000000006, 0.00038722020000000004, 180.0233, 0, 0, 0, -15.666666666666666
1678923155.9283528, 0, -0.040111, -8.878449e-05, 0.00042743370000000003, 180.3166, 0, 0, 0, -16.0
1678923161.2103937, 0, -0.04259694, -0.0008196156000000001, 0.0004362164000000001, 180.1149, 0, 0, 0, -16.333333333333332
1678923166.4896743, 0, -0.060071620000000006, -0.0006734494, 0.0006058573, 180.3027, 0, 0, 0, -16.666666666666664
1678923171.7571695, 0, -0.05626960000000001, -0.0015504470000000002, 0.0005873882000000001, 181.5059, 0, 0, 0, -17.0
1678923177.0407374, 0, -0.050859030000000006, -0.0013311970000000001, 0.0005276142000000001, 180.3225, 0, 0, 0, -17.333333333333332
