t,i,x,y,r,theta,xK,tc, therm
1682018813.9029694, 3.2, -3.889066e-06, -4.699014e-07, 3.747044e-06, 187.1559, 0, 0, 0
1682018820.32608, -3.2, 3.714981e-06, -1.77569e-07, 4.449683e-06, 353.0187, 0, 0, 0
1682018826.4233065, 3.2, -2.572981e-06, -3.237352e-07, 2.471825e-06, 189.313, 0, 0, 0
1682018832.5315485, -3.2, 4.446139e-06, -1.77569e-07, 4.761844e-06, 357.5521, 0, 0, 0
1682018838.6373272, 3.2, -3.596602e-06, -4.699014e-07, 2.865616e-06, 188.8682, 0, 0, 0
1682018844.7393286, -3.2, 3.422517e-06, -6.160677e-07, 3.621534e-06, 351.838, 0, 0, 0
1682018850.8761861, 3.2, -4.181529e-06, -4.699014e-07, 4.923343e-06, 181.9539, 0, 0, 0
1682018856.9411101, -3.2, 3.276286e-06, -3.237352e-07, 3.437794e-06, 355.5434, 0, 0, 0
1682018863.039893, 3.2, -4.327761e-06, -4.699014e-07, 4.062565e-06, 187.1559, 0, 0, 0
1682018869.1639185, -3.2, 6.054688e-06, -1.77569e-07, 5.479333e-06, 354.5053, 0, 0, 0
1682018875.238812, 3.2, -2.134286e-06, -3.237352e-07, 2.185403e-06, 184.185, 0, 0, 0
1682018881.3361058, -3.2, 6.200919e-06, -4.699014e-07, 6.793564e-06, 358.3597, 0, 0, 0
1682018887.4539528, 3.2, -9.644325e-07, -4.699014e-07, 7.051293e-07, 201.5871, 0, 0, 0
1682018893.5968506, -3.2, 5.323529e-06, -3.237352e-07, 5.625316e-06, 356.9394, 0, 0, 0
1682018899.6873226, 3.2, -3.450371e-06, -4.699014e-07, 2.28742e-06, 184.185, 0, 0, 0
1682018905.8163543, -3.2, 6.639614e-06, -3.237352e-07, 6.647502e-06, 352.5343, 0, 0, 0
1682018911.9470708, 3.2, -3.795059e-07, -1.77569e-07, 9.11637e-07, 220.4657, 0, 0, 0
1682018918.0752437, -3.2, 6.054688e-06, -1.77569e-07, 5.795064e-06, 355.3379, 0, 0, 0
1682018924.2668881, 3.2, -1.403127e-06, -3.237352e-07, 1.017317e-06, 181.865, 0, 0, 0
1682018930.4190166, -3.2, 4.446139e-06, -1.77569e-07, 5.344228e-06, 358.1406, 0, 0, 0
1682018936.5548139, 3.2, -1.988054e-06, -1.77569e-07, 2.303381e-06, 190.8093, 0, 0, 0
1682018942.6685586, -3.2, 5.469761e-06, -6.160677e-07, 5.781353e-06, 355.4528, 0, 0, 0
1682018948.8024576, 3.2, -1.256896e-06, -4.699014e-07, 1.84209e-06, 191.802, 0, 0, 0
1682018954.9378421, -3.2, 6.932077e-06, -3.237352e-07, 6.934351e-06, 355.1259, 0, 0, 0
1682018961.0952022, 3.2, -3.795059e-07, -3.237352e-07, 6.950348e-07, 205.7234, 0, 0, 0
1682018967.2290916, -3.2, 6.054688e-06, -3.140275e-08, 6.934351e-06, 358.3975, 0, 0, 0
1682018973.385763, 3.2, -2.134286e-06, -3.237352e-07, 1.695881e-06, 189.2489, 0, 0, 0
1682018979.5478847, -3.2, 5.908456e-06, -3.237352e-07, 5.333364e-06, 354.3262, 0, 0, 0
1682018985.702092, 3.2, -1.695591e-06, -3.237352e-07, 1.58282e-06, 187.2126, 0, 0, 0
1682018991.8692467, -3.2, 6.347151e-06, -4.699014e-07, 5.908539e-06, 357.0802, 0, 0, 0
1682018998.0371664, 3.2, -2.280517e-06, -4.699014e-07, 2.28742e-06, 190.8093, 0, 0, 0
1682019004.2421923, -3.2, 5.762224e-06, -4.699014e-07, 5.618799e-06, 356.7008, 0, 0, 0
1682019010.4147742, 3.2, -1.988054e-06, -3.237352e-07, 2.28742e-06, 181.1611, 0, 0, 0
1682019016.6127958, -3.2, 5.469761e-06, -4.699014e-07, 5.618799e-06, 355.6664, 0, 0, 0
1682019022.8109577, 3.2, -1.988054e-06, -4.699014e-07, 2.158699e-06, 194.3125, 0, 0, 0
1682019028.9919384, -3.2, 5.762224e-06, -4.699014e-07, 5.917319e-06, 359.6955, 0, 0, 0
1682019035.1709948, 3.2, -1.110664e-06, -3.237352e-07, 1.156884e-06, 205.7234, 0, 0, 0
1682019041.3677027, -3.2, 6.932077e-06, -4.699014e-07, 6.218698e-06, 358.3201, 0, 0, 0
1682019047.566631, 3.2, -1.256896e-06, -4.699014e-07, 1.619049e-06, 185.5069, 0, 0, 0
1682019053.7671523, -3.2, 6.200919e-06, -6.160677e-07, 6.656221e-06, 358.5327, 0, 0, 0
1682019059.9386446, 3.2, -6.719692e-07, -1.77569e-07, 9.253394e-08, 211.6237, 0, 0, 0
1682019066.1440284, -3.2, 7.370772e-06, -3.140275e-08, 7.6633e-06, 358.592, 0, 0, 0
1682019072.3319712, 3.2, 1.521506e-06, -7.622339e-07, 2.545321e-06, 347.1068, 0, 0, 0
1682019078.5337598, -3.2, 9.418016e-06, -1.77569e-07, 9.862025e-06, 358.9524, 0, 0, 0
1682019084.767924, 3.2, -1.841823e-06, -3.237352e-07, 1.619049e-06, 184.756, 0, 0, 0
1682019090.9975147, -3.2, 4.299907e-06, -3.237352e-07, 4.45791e-06, 355.0197, 0, 0, 0
1682019097.1896667, 3.2, -4.912687e-06, -4.699014e-07, 4.327875e-06, 178.6618, 0, 0, 0
1682019103.4247732, -3.2, 1.375274e-06, -1.77569e-07, 1.873844e-06, 355.1815, 0, 0, 0
1682019109.6748333, 3.2, -4.620224e-06, -3.237352e-07, 4.766559e-06, 182.2728, 0, 0, 0
1682019115.8922873, -3.2, 7.903475e-07, -3.237352e-07, 1.412864e-06, 350.687, 0, 0, 0
1682019122.1173198, 3.2, -7.83732e-06, -3.237352e-07, 8.130593e-06, 179.161, 0, 0, 0
1682019128.3930016, -3.2, 5.918914e-08, -1.77569e-07, 6.727026e-07, 181.1611, 0, 0, 0
1682019134.6509175, 3.2, -8.860942e-06, -1.77569e-07, 8.27792e-06, 181.1872, 0, 0, 0
1682019140.9031382, -3.2, -5.257375e-07, 2.609297e-07, 5.381176e-07, 319.1594, 0, 0, 0
1682019147.1739967, 3.2, -8.568479e-06, 1.147635e-07, 9.010952e-06, 179.161, 0, 0, 0
1682019153.4297488, -3.2, 5.918914e-08, -3.237352e-07, 2.353784e-07, 217.2785, 0, 0, 0
1682019159.6900618, 3.2, -6.95993e-06, -1.77569e-07, 6.667541e-06, 179.0553, 0, 0, 0
1682019165.9405835, -3.2, -2.332742e-07, 1.147635e-07, 3.990255e-07, 183.4183, 0, 0, 0
1682019172.2099888, 3.2, -1.076195e-05, 2.609297e-07, 1.207808e-05, 180.8966, 0, 0, 0
1682019178.4550254, -3.2, -4.766456e-06, -1.77569e-07, 4.766559e-06, 184.427, 0, 0, 0
1682019184.74522, 3.2, -1.631876e-05, -1.77569e-07, 1.617293e-05, 179.5782, 0, 0, 0
1682019191.0213897, -3.2, -6.375004e-06, 1.147635e-07, 7.399516e-06, 180.2641, 0, 0, 0
1682019197.2859476, 3.2, -1.456398e-05, -3.140275e-08, 1.514934e-05, 178.5315, 0, 0, 0
1682019203.5488973, -3.2, -8.129784e-06, -1.77569e-07, 7.838161e-06, 181.4615, 0, 0, 0
1682019209.8139524, 3.2, -1.631876e-05, -1.77569e-07, 1.54414e-05, 179.5742, 0, 0, 0
1682019216.1268933, -3.2, -8.71471e-06, -1.77569e-07, 9.155127e-06, 177.5698, 0, 0, 0
1682019222.425464, 3.2, -1.734238e-05, 1.147635e-07, 1.719653e-05, 179.6208, 0, 0, 0
1682019228.7594557, -3.2, -9.007174e-06, -1.77569e-07, 8.568537e-06, 180.234, 0, 0, 0
1682019235.066027, 3.2, -1.441775e-05, -1.77569e-07, 1.529617e-05, 179.5659, 0, 0, 0
1682019241.3519354, -3.2, -8.71471e-06, 2.609297e-07, 7.847886e-06, 179.1764, 0, 0, 0
1682019247.660944, 3.2, -1.617253e-05, -3.140275e-08, 1.383329e-05, 178.9306, 0, 0, 0
1682019253.952317, -3.2, -7.252394e-06, -1.77569e-07, 6.971826e-06, 180.2585, 0, 0, 0
1682019260.252638, 3.2, -1.324789e-05, 2.609297e-07, 1.412575e-05, 180.7278, 0, 0, 0
1682019266.534838, -3.2, -6.95993e-06, -3.140275e-08, 6.679883e-06, 177.853, 0, 0, 0
1682019272.8314683, 3.2, -1.573383e-05, -3.140275e-08, 1.617463e-05, 179.1079, 0, 0, 0
1682019279.1331067, -3.2, -7.398626e-06, 1.147635e-07, 7.409817e-06, 179.0553, 0, 0, 0
1682019285.432, 3.2, -1.427151e-05, -3.140275e-08, 1.442011e-05, 179.5701, 0, 0, 0
1682019291.756028, -3.2, -8.860942e-06, 2.609297e-07, 8.13397e-06, 177.2798, 0, 0, 0
1682019298.059231, 3.2, -1.55876e-05, -3.140275e-08, 1.529557e-05, 179.0319, 0, 0, 0
1682019304.381117, -3.2, -8.422247e-06, 2.609297e-07, 8.148589e-06, 180.2137, 0, 0, 0
1682019310.7568994, 3.2, -1.485644e-05, 4.070959e-07, 1.57391e-05, 179.5617, 0, 0, 0
1682019317.0932946, -3.2, -9.007174e-06, 2.609297e-07, 8.864783e-06, 178.2557, 0, 0, 0
1682019323.435982, 3.2, -1.573383e-05, 5.532622e-07, 1.719653e-05, 179.1523, 0, 0, 0
1682019329.752706, -3.2, -9.592101e-06, 4.070959e-07, 1.003145e-05, 176.8882, 0, 0, 0
1682019336.0889227, 3.2, -1.719615e-05, 1.147635e-07, 1.705889e-05, 179.1306, 0, 0, 0
1682019342.4619858, -3.2, -9.153406e-06, 4.070959e-07, 9.600736e-06, 179.293, 0, 0, 0
1682019348.782425, 3.2, -1.792731e-05, 2.609297e-07, 1.778299e-05, 179.6176, 0, 0, 0
1682019355.2880652, -3.2, -1.017703e-05, 5.532622e-07, 1.090879e-05, 177.8337, 0, 0, 0
1682019361.639489, 3.2, -1.704992e-05, 5.532622e-07, 1.794095e-05, 178.7402, 0, 0, 0
1682019368.010712, -3.2, -1.120065e-05, 1.147635e-07, 1.076512e-05, 177.8039, 0, 0, 0
1682019374.3808312, 3.2, -1.807354e-05, 2.609297e-07, 1.749335e-05, 179.1661, 0, 0, 0
1682019380.7204018, -3.2, -1.046949e-05, 2.609297e-07, 1.049283e-05, 177.8627, 0, 0, 0
1682019387.0800638, 3.2, -1.807354e-05, 4.070959e-07, 1.89553e-05, 177.8863, 0, 0, 0
1682019393.4655411, -3.2, -1.120065e-05, 6.994284e-07, 1.120804e-05, 179.4205, 0, 0, 0
1682019399.841203, 3.2, -1.88047e-05, 6.994284e-07, 1.909894e-05, 178.7402, 0, 0, 0
1682019406.1788547, -3.2, -1.017703e-05, 2.609297e-07, 1.10575e-05, 178.5723, 0, 0, 0
1682019412.5654454, 3.2, -1.88047e-05, 2.609297e-07, 1.895128e-05, 178.72, 0, 0, 0
1682019418.9171157, -3.2, -1.120065e-05, 1.147635e-07, 1.077617e-05, 178.4652, 0, 0, 0
1682019425.307073, 3.2, -1.807354e-05, 4.070959e-07, 1.822432e-05, 178.72, 0, 0, 0
1682019431.6971767, -3.2, -8.71471e-06, 5.532622e-07, 9.595649e-06, 177.7093, 0, 0, 0
1682019438.0931888, 3.2, -1.763484e-05, 5.532622e-07, 1.8082e-05, 178.6776, 0, 0, 0
1682019444.4856598, -3.2, -1.017703e-05, 4.070959e-07, 9.746837e-06, 176.6989, 0, 0, 0
1682019450.8873656, 3.2, -1.719615e-05, 4.070959e-07, 1.735648e-05, 178.3147, 0, 0, 0
1682019457.313352, -3.2, -1.032326e-05, 1.147635e-07, 9.608044e-06, 177.4534, 0, 0, 0
1682019463.7196033, 3.2, -1.734238e-05, 4.070959e-07, 1.778968e-05, 178.203, 0, 0, 0
1682019470.1135771, -3.2, -9.007174e-06, 6.994284e-07, 9.162453e-06, 177.4122, 0, 0, 0
1682019476.5156958, 3.2, -1.734238e-05, 5.532622e-07, 1.749056e-05, 178.5836, 0, 0, 0
1682019482.9668665, -3.2, -9.007174e-06, 6.994284e-07, 9.046779e-06, 177.4122, 0, 0, 0
1682019489.3852727, 3.2, -1.631876e-05, 5.532622e-07, 1.590256e-05, 178.571, 0, 0, 0
1682019495.8113017, -3.2, -8.276015e-06, 6.994284e-07, 8.13397e-06, 176.1068, 0, 0, 0
1682019502.2117386, 3.2, -1.55876e-05, 5.532622e-07, 1.5159e-05, 177.9284, 0, 0, 0
1682019508.6529596, -3.2, -8.129784e-06, 5.532622e-07, 8.732255e-06, 176.541, 0, 0, 0
1682019515.082836, 3.2, -1.646499e-05, 6.994284e-07, 1.559742e-05, 177.478, 0, 0, 0
1682019521.5337312, -3.2, -7.398626e-06, 6.994284e-07, 7.868468e-06, 175.0828, 0, 0, 0
1682019527.9927893, 3.2, -1.690368e-05, 4.070959e-07, 1.73512e-05, 179.138, 0, 0, 0
1682019534.4086747, -3.2, -1.032326e-05, 6.994284e-07, 9.909279e-06, 175.1813, 0, 0, 0
1682019540.8127124, 3.2, -1.792731e-05, 6.994284e-07, 1.750259e-05, 178.2466, 0, 0, 0
1682019547.2548883, -3.2, -1.076195e-05, 6.994284e-07, 1.049283e-05, 176.8882, 0, 0, 0
1682019553.724847, 3.2, -1.792731e-05, 5.532622e-07, 1.89553e-05, 177.0719, 0, 0, 0
1682019560.2275093, -3.2, -1.090819e-05, 6.994284e-07, 1.122247e-05, 175.3824, 0, 0, 0
1682019566.6621022, 3.2, -1.895093e-05, 8.455946e-07, 1.839276e-05, 177.8363, 0, 0, 0
1682019573.141593, -3.2, -1.032326e-05, 6.994284e-07, 1.034693e-05, 176.1779, 0, 0, 0
1682019579.5932052, 3.2, -1.719615e-05, 1.137927e-06, 1.707874e-05, 177.7474, 0, 0, 0
1682019586.08256, -3.2, -1.017703e-05, 5.532622e-07, 1.020103e-05, 175.3824, 0, 0, 0
1682019592.5668457, 3.2, -1.8366e-05, 5.532622e-07, 1.853153e-05, 177.4253, 0, 0, 0
1682019599.035069, -3.2, -9.592101e-06, 5.532622e-07, 9.17011e-06, 176.0113, 0, 0, 0
1682019605.5346863, 3.2, -1.778107e-05, 6.994284e-07, 1.73512e-05, 178.6322, 0, 0, 0
1682019612.0368745, -3.2, -9.445869e-06, 5.532622e-07, 9.774975e-06, 175.9525, 0, 0, 0
1682019618.534619, 3.2, -1.763484e-05, 5.532622e-07, 1.705889e-05, 177.1112, 0, 0, 0
1682019625.0490346, -3.2, -9.007174e-06, 8.455946e-07, 8.901198e-06, 174.8845, 0, 0, 0
1682019631.5223458, 3.2, -1.661122e-05, 9.917608e-07, 1.647984e-05, 178.0754, 0, 0, 0
1682019638.038006, -3.2, -7.983552e-06, 6.994284e-07, 7.577208e-06, 175.962, 0, 0, 0
1682019644.4803107, 3.2, -1.500267e-05, 6.994284e-07, 1.634065e-05, 177.6306, 0, 0, 0
1682019650.9680595, -3.2, -9.738333e-06, 5.532622e-07, 8.732255e-06, 173.5075, 0, 0, 0
1682019657.4627194, 3.2, -1.646499e-05, 6.994284e-07, 1.647428e-05, 177.5889, 0, 0, 0
1682019663.9804363, -3.2, -9.445869e-06, 5.532622e-07, 8.732255e-06, 173.5075, 0, 0, 0
1682019670.491735, 3.2, -1.661122e-05, 8.455946e-07, 1.635838e-05, 176.4908, 0, 0, 0
1682019677.0367944, -3.2, -7.691089e-06, 8.455946e-07, 7.464801e-06, 176.6525, 0, 0, 0
1682019683.5306218, 3.2, -1.471021e-05, 6.994284e-07, 1.517249e-05, 175.3342, 0, 0, 0
1682019690.0204136, -3.2, -5.790077e-06, 8.455946e-07, 6.398967e-06, 172.7721, 0, 0, 0
1682019696.5465636, 3.2, -1.456398e-05, 6.994284e-07, 1.414259e-05, 177.1356, 0, 0, 0
1682019703.0990603, -3.2, -6.95993e-06, 8.455946e-07, 7.737433e-06, 174.3787, 0, 0, 0
1682019709.63679, 3.2, -1.500267e-05, 6.994284e-07, 1.531112e-05, 177.5458, 0, 0, 0
1682019716.1604772, -3.2, -7.691089e-06, 8.455946e-07, 7.030237e-06, 173.214, 0, 0, 0
1682019722.6969228, 3.2, -1.55876e-05, 8.455946e-07, 1.562908e-05, 175.9386, 0, 0, 0
1682019729.2579453, -3.2, -8.276015e-06, 8.455946e-07, 7.9195e-06, 171.7388, 0, 0, 0
1682019735.8212829, 3.2, -1.485644e-05, 6.994284e-07, 1.604859e-05, 178.0406, 0, 0, 0
1682019742.3748622, -3.2, -9.299637e-06, 8.455946e-07, 9.19238e-06, 176.5953, 0, 0, 0
1682019748.9297066, 3.2, -1.631876e-05, 8.455946e-07, 1.722472e-05, 177.7287, 0, 0, 0
1682019755.4527934, -3.2, -9.299637e-06, 6.994284e-07, 1.005515e-05, 174.9621, 0, 0, 0
1682019762.0353324, 3.2, -1.778107e-05, 8.455946e-07, 1.735648e-05, 178.203, 0, 0, 0
1682019768.603088, -3.2, -9.007174e-06, 5.532622e-07, 8.755638e-06, 176.4272, 0, 0, 0
1682019775.1303275, 3.2, -1.675745e-05, 8.455946e-07, 1.721693e-05, 178.0754, 0, 0, 0
1682019781.7117276, -3.2, -7.83732e-06, 1.137927e-06, 8.044918e-06, 174.0619, 0, 0, 0
1682019788.2935836, 3.2, -1.646499e-05, 6.994284e-07, 1.647984e-05, 177.1112, 0, 0, 0
1682019794.8303058, -3.2, -8.71471e-06, 6.994284e-07, 8.23057e-06, 171.7388, 0, 0, 0
1682019801.4098682, 3.2, -1.602629e-05, 1.137927e-06, 1.5911e-05, 177.0069, 0, 0, 0
1682019807.9780173, -3.2, -8.276015e-06, 9.917608e-07, 8.0027e-06, 171.1804, 0, 0, 0
1682019814.5594325, 3.2, -1.588006e-05, 8.455946e-07, 1.459771e-05, 176.71, 0, 0, 0
1682019821.146125, -3.2, -7.983552e-06, 6.994284e-07, 7.774814e-06, 173.2841, 0, 0, 0
1682019827.7390373, 3.2, -1.661122e-05, 8.455946e-07, 1.518133e-05, 176.2543, 0, 0, 0
1682019834.3437757, -3.2, -8.422247e-06, 8.455946e-07, 8.610103e-06, 175.5597, 0, 0, 0
1682019840.9539468, 3.2, -1.441775e-05, 1.137927e-06, 1.488951e-05, 176.2179, 0, 0, 0
1682019847.5581336, -3.2, -8.129784e-06, 6.994284e-07, 8.044918e-06, 172.3652, 0, 0, 0
1682019854.1653395, 3.2, -1.602629e-05, 9.917608e-07, 1.54572e-05, 175.9386, 0, 0, 0
1682019860.748811, -3.2, -7.398626e-06, 5.532622e-07, 8.643709e-06, 174.4579, 0, 0, 0
1682019867.3619323, 3.2, -1.661122e-05, 9.917608e-07, 1.678677e-05, 176.613, 0, 0, 0
1682019873.9373512, -3.2, -9.884564e-06, 6.994284e-07, 9.368999e-06, 171.8864, 0, 0, 0
1682019880.5313, 3.2, -1.573383e-05, 9.917608e-07, 1.750904e-05, 177.1848, 0, 0, 0
1682019887.1385546, -3.2, -9.007174e-06, 8.455946e-07, 7.899822e-06, 171.3312, 0, 0, 0
1682019893.7636707, 3.2, -1.55876e-05, 1.137927e-06, 1.531849e-05, 175.6625, 0, 0, 0
1682019900.3667881, -3.2, -7.83732e-06, 9.917608e-07, 8.173642e-06, 174.0619, 0, 0, 0
1682019907.0039585, 3.2, -1.675745e-05, 8.455946e-07, 1.707874e-05, 176.727, 0, 0, 0
1682019913.6342013, -3.2, -9.153406e-06, 1.137927e-06, 8.91627e-06, 173.7166, 0, 0, 0
1682019920.2561758, 3.2, -1.471021e-05, 9.917608e-07, 1.447482e-05, 176.1808, 0, 0, 0
1682019926.9033365, -3.2, -7.691089e-06, 1.137927e-06, 7.44679e-06, 172.0549, 0, 0, 0
1682019933.5621648, 3.2, -1.529514e-05, 9.917608e-07, 1.561052e-05, 175.9386, 0, 0, 0
1682019940.19635, -3.2, -8.276015e-06, 8.455946e-07, 7.653351e-06, 171.7388, 0, 0, 0
1682019946.8597283, 3.2, -1.588006e-05, 1.137927e-06, 1.605695e-05, 175.9013, 0, 0, 0
1682019953.5189483, -3.2, -8.568479e-06, 8.455946e-07, 8.770962e-06, 171.6179, 0, 0, 0
1682019960.1758447, 3.2, -1.646499e-05, 8.455946e-07, 1.780871e-05, 176.7811, 0, 0, 0
1682019966.8370078, -3.2, -8.860942e-06, 9.917608e-07, 8.93371e-06, 172.6821, 0, 0, 0
1682019973.5114522, 3.2, -1.646499e-05, 9.917608e-07, 1.691815e-05, 176.1487, 0, 0, 0
1682019980.1657953, -3.2, -9.738333e-06, 1.43026e-06, 9.387873e-06, 175.6304, 0, 0, 0
1682019986.8238065, 3.2, -1.544137e-05, 9.917608e-07, 1.562908e-05, 175.4602, 0, 0, 0
1682019993.4897563, -3.2, -7.691089e-06, 8.455946e-07, 8.064241e-06, 171.5839, 0, 0, 0
1682020000.1761024, 3.2, -1.485644e-05, 9.917608e-07, 1.475416e-05, 176.3251, 0, 0, 0
1682020006.8538177, -3.2, -7.398626e-06, 9.917608e-07, 7.175036e-06, 169.7571, 0, 0, 0
1682020013.5560124, 3.2, -1.427151e-05, 1.137927e-06, 1.477958e-05, 176.8356, 0, 0, 0
1682020020.2174187, -3.2, -8.276015e-06, 1.137927e-06, 7.609762e-06, 170.7144, 0, 0, 0
1682020026.8893332, 3.2, -1.51489e-05, 9.917608e-07, 1.549467e-05, 176.3251, 0, 0, 0
1682020033.61881, -3.2, -7.83732e-06, 1.137927e-06, 7.630187e-06, 170.8627, 0, 0, 0
1682020040.3242955, 3.2, -1.55876e-05, 9.917608e-07, 1.577493e-05, 175.9386, 0, 0, 0
1682020046.9876623, -3.2, -8.129784e-06, 1.284093e-06, 8.190053e-06, 171.4232, 0, 0, 0
1682020053.720626, 3.2, -1.55876e-05, 1.284093e-06, 1.607766e-05, 175.8633, 0, 0, 0
1682020060.397632, -3.2, -9.445869e-06, 9.917608e-07, 9.07877e-06, 173.5075, 0, 0, 0
1682020067.1230247, 3.2, -1.295543e-05, 1.284093e-06, 1.300531e-05, 173.6288, 0, 0, 0
1682020073.8479292, -3.2, -9.592101e-06, 1.137927e-06, 9.206977e-06, 171.6179, 0, 0, 0
1682020080.5568438, 3.2, -1.690368e-05, 1.137927e-06, 1.752559e-05, 175.8006, 0, 0, 0
1682020087.2655475, -3.2, -1.076195e-05, 1.137927e-06, 1.066195e-05, 173.6201, 0, 0, 0
1682020093.980985, 3.2, -1.807354e-05, 9.917608e-07, 1.841084e-05, 176.51, 0, 0, 0
1682020100.6949487, -3.2, -1.017703e-05, 1.137927e-06, 1.037079e-05, 172.9095, 0, 0, 0
1682020107.3863366, 3.2, -1.675745e-05, 1.137927e-06, 1.708785e-05, 175.6181, 0, 0, 0
1682020114.127295, -3.2, -9.592101e-06, 1.284093e-06, 9.643235e-06, 175.1104, 0, 0, 0
1682020120.899775, 3.2, -1.734238e-05, 9.917608e-07, 1.766271e-05, 175.6558, 0, 0, 0
1682020127.6128092, -3.2, -9.738333e-06, 1.137927e-06, 8.953501e-06, 174.3639, 0, 0, 0
1682020134.3555853, 3.2, -1.617253e-05, 1.137927e-06, 1.635838e-05, 176.553, 0, 0, 0
1682020141.0955875, -3.2, -8.568479e-06, 1.284093e-06, 8.190053e-06, 173.1665, 0, 0, 0
1682020147.8248074, 3.2, -1.544137e-05, 1.284093e-06, 1.59319e-05, 176.3594, 0, 0, 0
1682020154.5624352, -3.2, -9.007174e-06, 1.284093e-06, 8.610103e-06, 173.2841, 0, 0, 0
1682020161.2898653, 3.2, -1.456398e-05, 1.137927e-06, 1.59319e-05, 176.3251, 0, 0, 0
1682020168.0651302, -3.2, -7.544857e-06, 9.917608e-07, 7.754768e-06, 170.7144, 0, 0, 0
1682020174.8084354, 3.2, -1.500267e-05, 1.43026e-06, 1.518133e-05, 175.5324, 0, 0, 0
1682020181.5837343, -3.2, -7.398626e-06, 1.137927e-06, 6.451687e-06, 171.2563, 0, 0, 0
1682020188.3355372, 3.2, -1.471021e-05, 1.137927e-06, 1.460837e-05, 176.1043, 0, 0, 0
1682020195.0936606, -3.2, -8.129784e-06, 1.284093e-06, 7.535602e-06, 171.4232, 0, 0, 0
1682020201.8619432, 3.2, -1.324789e-05, 9.917608e-07, 1.430593e-05, 176.6771, 0, 0, 0
1682020208.6361418, -3.2, -6.95993e-06, 1.137927e-06, 7.030237e-06, 171.8902, 0, 0, 0
1682020215.4039848, 3.2, -1.529514e-05, 1.137927e-06, 1.517249e-05, 175.201, 0, 0, 0
1682020222.1944647, -3.2, -6.813699e-06, 1.137927e-06, 6.819147e-06, 172.9256, 0, 0, 0
1682020228.989833, 3.2, -1.471021e-05, 1.284093e-06, 1.373381e-05, 175.8554, 0, 0, 0
1682020235.7561195, -3.2, -6.375004e-06, 9.917608e-07, 6.533477e-06, 169.6469, 0, 0, 0
1682020242.504037, 3.2, -1.471021e-05, 1.284093e-06, 1.489996e-05, 175.8633, 0, 0, 0
1682020249.301786, -3.2, -7.544857e-06, 1.137927e-06, 6.763874e-06, 170.3147, 0, 0, 0
1682020256.0751417, 3.2, -1.51489e-05, 1.43026e-06, 1.459771e-05, 175.4872, 0, 0, 0
1682020262.879209, -3.2, -7.691089e-06, 1.284093e-06, 6.962194e-06, 170.5214, 0, 0, 0
1682020269.6659477, 3.2, -1.412528e-05, 1.576426e-06, 1.4343e-05, 174.8586, 0, 0, 0
1682020276.4828691, -3.2, -7.83732e-06, 1.284093e-06, 7.052341e-06, 171.893, 0, 0, 0
1682020283.2939208, 3.2, -1.456398e-05, 1.284093e-06, 1.387954e-05, 174.8056, 0, 0, 0
1682020290.0800443, -3.2, -7.983552e-06, 1.284093e-06, 8.086161e-06, 172.3054, 0, 0, 0
1682020296.9079938, 3.2, -1.456398e-05, 1.284093e-06, 1.47436e-05, 174.6065, 0, 0, 0
1682020303.7254958, -3.2, -7.83732e-06, 1.284093e-06, 8.064241e-06, 172.1711, 0, 0, 0
1682020310.5164568, 3.2, -1.617253e-05, 1.284093e-06, 1.610364e-05, 174.8534, 0, 0, 0
1682020317.3396895, -3.2, -8.71471e-06, 1.43026e-06, 8.97563e-06, 172.3054, 0, 0, 0
1682020324.180076, 3.2, -1.704992e-05, 1.137927e-06, 1.650427e-05, 176.1152, 0, 0, 0
1682020330.99059, -3.2, -8.422247e-06, 1.284093e-06, 8.353879e-06, 171.1804, 0, 0, 0
1682020337.8100493, 3.2, -1.778107e-05, 1.43026e-06, 1.7547e-05, 175.6929, 0, 0, 0
1682020344.6430426, -3.2, -8.276015e-06, 1.576426e-06, 8.519574e-06, 168.4166, 0, 0, 0
1682020351.4825408, 3.2, -1.675745e-05, 1.137927e-06, 1.565308e-05, 175.2462, 0, 0, 0
1682020358.312135, -3.2, -8.860942e-06, 1.137927e-06, 9.264473e-06, 173.7166, 0, 0, 0
1682020365.1779797, 3.2, -1.631876e-05, 1.284093e-06, 1.694194e-05, 175.6558, 0, 0, 0
1682020372.0225587, -3.2, -8.71471e-06, 1.43026e-06, 8.856145e-06, 171.8864, 0, 0, 0
1682020378.8517978, 3.2, -1.661122e-05, 1.284093e-06, 1.707874e-05, 176.308, 0, 0, 0
1682020385.725842, -3.2, -8.71471e-06, 1.284093e-06, 8.519574e-06, 170.5214, 0, 0, 0
1682020392.6371205, 3.2, -1.617253e-05, 1.284093e-06, 1.577493e-05, 175.2906, 0, 0, 0
1682020399.486364, -3.2, -9.738333e-06, 1.43026e-06, 9.967624e-06, 172.7049, 0, 0, 0
1682020406.349778, 3.2, -1.471021e-05, 9.917608e-07, 1.477958e-05, 175.201, 0, 0, 0
1682020413.204679, -3.2, -7.983552e-06, 1.284093e-06, 9.000079e-06, 170.6797, 0, 0, 0
1682020420.0382385, 3.2, -1.134688e-05, 1.284093e-06, 1.229153e-05, 175.2485, 0, 0, 0
1682020426.9236023, -3.2, -7.983552e-06, 1.43026e-06, 6.908066e-06, 170.1539, 0, 0, 0
1682020433.7943027, 3.2, 6.441158e-07, 1.43026e-06, 1.38755e-06, 127.831, 0, 0, 0
1682020440.6581495, -3.2, 5.177298e-06, 1.43026e-06, 5.692399e-06, 11.43715, 0, 0, 0
1682020447.5679882, 3.2, -3.450371e-06, 1.137927e-06, 3.600413e-06, 157.8719, 0, 0, 0
1682020454.4380155, -3.2, 3.568749e-06, 1.43026e-06, 5.692399e-06, 12.5629, 0, 0, 0
1682020461.3188133, 3.2, -6.375004e-06, 1.284093e-06, 8.110656e-06, 171.1804, 0, 0, 0
1682020468.2063527, -3.2, 9.365791e-07, 1.284093e-06, 2.546115e-06, 24.55774, 0, 0, 0
1682020475.111791, 3.2, -3.011676e-06, 1.284093e-06, 4.881761e-06, 164.9223, 0, 0, 0
1682020482.005899, -3.2, 6.054688e-06, 1.43026e-06, 4.809939e-06, 16.79547, 0, 0, 0
1682020488.9141757, 3.2, -1.110664e-06, 1.284093e-06, 1.928391e-06, 148.5048, 0, 0, 0
1682020495.8042772, -3.2, 5.323529e-06, 1.43026e-06, 5.158149e-06, 25.69511, 0, 0, 0
1682020502.7059386, 3.2, -1.110664e-06, 1.576426e-06, 2.943785e-06, 154.5967, 0, 0, 0
1682020509.6100688, -3.2, 6.347151e-06, 1.43026e-06, 6.046383e-06, 11.18615, 0, 0, 0
1682020516.488179, 3.2, 4.978842e-07, 1.284093e-06, 1.990948e-06, 87.84975, 0, 0, 0
1682020523.4054365, -3.2, 7.955699e-06, 1.43026e-06, 6.398165e-06, 9.302465, 0, 0, 0
1682020530.3072164, 3.2, -1.549359e-06, 1.576426e-06, 1.605934e-06, 119.7723, 0, 0, 0
1682020537.2420995, -3.2, 9.564247e-06, 1.43026e-06, 1.157313e-05, 7.731449, 0, 0, 0
1682020544.182179, 3.2, 2.545127e-06, 1.137927e-06, 3.11906e-06, 27.98735, 0, 0, 0
1682020551.1318085, -3.2, 1.117279e-05, 1.576426e-06, 1.039428e-05, 6.397294, 0, 0, 0
1682020558.0410469, 3.2, 1.960201e-06, 1.284093e-06, 1.763453e-06, 61.07538, 0, 0, 0
1682020564.9905443, -3.2, 9.271784e-06, 1.43026e-06, 1.070458e-05, 7.488801, 0, 0, 0
1682020571.900374, 3.2, 3.422517e-06, 1.576426e-06, 3.901421e-06, 29.05439, 0, 0, 0
1682020578.8355062, -3.2, 9.271784e-06, 1.576426e-06, 1.082897e-05, 7.390592, 0, 0, 0
1682020585.760621, 3.2, 3.714981e-06, 1.284093e-06, 3.980794e-06, 25.69511, 0, 0, 0
1682020592.725806, -3.2, 1.029541e-05, 1.137927e-06, 1.072708e-05, 8.354816, 0, 0, 0
1682020599.6742043, 3.2, 4.738602e-06, 1.722592e-06, 4.855408e-06, 18.39845, 0, 0, 0
1682020606.6310353, -3.2, 1.044164e-05, 1.576426e-06, 1.173857e-05, 7.364829, 0, 0, 0
1682020613.5939255, 3.2, 4.446139e-06, 1.576426e-06, 5.014957e-06, 21.8316, 0, 0, 0
1682020620.5438397, -3.2, 1.146526e-05, 1.43026e-06, 1.335147e-05, 6.174742, 0, 0, 0
1682020627.514345, 3.2, 4.884834e-06, 2.014924e-06, 5.230418e-06, 15.67959, 0, 0, 0
1682020634.4501207, -3.2, 8.394394e-06, 1.576426e-06, 9.505151e-06, 9.770984, 0, 0, 0
1682020641.4292328, 3.2, -3.795059e-07, 1.43026e-06, 1.577536e-06, 109.7776, 0, 0, 0
1682020648.35332, -3.2, 9.856711e-06, 1.43026e-06, 8.948134e-06, 10.82014, 0, 0, 0
1682020655.3396597, 3.2, 1.667737e-06, 1.43026e-06, 2.870509e-06, 41.30846, 0, 0, 0
1682020662.3257053, -3.2, 8.97932e-06, 1.722592e-06, 8.972657e-06, 10.11894, 0, 0, 0
1682020669.3200057, 3.2, 2.106432e-06, 1.43026e-06, 1.793912e-06, 51.39701, 0, 0, 0
1682020676.3394332, -3.2, 1.322004e-05, 1.43026e-06, 1.287819e-05, 7.112638, 0, 0, 0
1682020683.33023, 3.2, 5.469761e-06, 1.576426e-06, 5.411981e-06, 20.3772, 0, 0, 0
1682020690.311113, -3.2, 1.278134e-05, 1.722592e-06, 1.286112e-05, 7.58992, 0, 0, 0
1682020697.3348026, 3.2, 8.833089e-06, 1.43026e-06, 9.236955e-06, 10.63598, 0, 0, 0
1682020704.2979958, -3.2, 1.35125e-05, 1.43026e-06, 1.373341e-05, 6.446833, 0, 0, 0
1682020711.3301318, 3.2, 6.639614e-06, 1.43026e-06, 7.109065e-06, 10.37838, 0, 0, 0
1682020718.346717, -3.2, 1.541351e-05, 1.576426e-06, 1.494588e-05, 6.499123, 0, 0, 0
1682020725.3884413, 3.2, 7.517004e-06, 1.868758e-06, 7.109065e-06, 11.4235, 0, 0, 0
1682020732.4045672, -3.2, 1.248888e-05, 1.722592e-06, 1.188324e-05, 7.294911, 0, 0, 0
1682020739.429735, 3.2, 5.762224e-06, 1.722592e-06, 6.079103e-06, 14.54424, 0, 0, 0
1682020746.4410086, -3.2, 1.35125e-05, 1.868758e-06, 1.33137e-05, 7.364829, 0, 0, 0
1682020753.4737215, 3.2, 6.200919e-06, 1.722592e-06, 6.363729e-06, 15.88134, 0, 0, 0
1682020760.5491102, -3.2, 1.35125e-05, 1.722592e-06, 1.349628e-05, 8.666008, 0, 0, 0
1682020767.6328459, 3.2, 8.686858e-06, 1.43026e-06, 9.430445e-06, 10.11894, 0, 0, 0
1682020774.6990583, -3.2, 1.175772e-05, 1.576426e-06, 1.213477e-05, 7.031238, 0, 0, 0
1682020781.7498567, 3.2, 5.031066e-06, 1.722592e-06, 6.104355e-06, 17.93059, 0, 0, 0
1682020788.7971919, -3.2, 1.263511e-05, 1.722592e-06, 1.357338e-05, 7.675726, 0, 0, 0
1682020795.8626678, 3.2, 4.007444e-06, 1.576426e-06, 4.496704e-06, 22.52452, 0, 0, 0
1682020802.8759317, -3.2, 1.117279e-05, 1.576426e-06, 1.157313e-05, 8.045907, 0, 0, 0
1682020809.8800478, 3.2, 3.276286e-06, 1.576426e-06, 3.319525e-06, 18.94584, 0, 0, 0
1682020816.915537, -3.2, 1.409743e-05, 1.576426e-06, 1.460632e-05, 6.895716, 0, 0, 0
1682020824.0033846, 3.2, 6.347151e-06, 1.576426e-06, 6.539988e-06, 16.77112, 0, 0, 0
1682020831.061504, -3.2, 1.336627e-05, 1.576426e-06, 1.434745e-05, 6.128296, 0, 0, 0
1682020838.0764687, 3.2, 9.125552e-06, 1.43026e-06, 7.284901e-06, 11.41241, 0, 0, 0
1682020845.1539838, -3.2, 1.789945e-05, 1.722592e-06, 1.827329e-05, 4.005487, 0, 0, 0
1682020852.2232373, 3.2, 8.540625e-06, 1.576426e-06, 8.11038e-06, 14.73156, 0, 0, 0
1682020859.304105, -3.2, 1.497482e-05, 1.722592e-06, 1.462136e-05, 6.562037, 0, 0, 0
1682020866.392171, 3.2, 6.347151e-06, 1.722592e-06, 6.859431e-06, 16.40573, 0, 0, 0
1682020873.4673066, -3.2, 1.468236e-05, 1.722592e-06, 1.509097e-05, 8.133595, 0, 0, 0
1682020880.5531058, 3.2, 5.615992e-06, 1.576426e-06, 5.734597e-06, 18.8306, 0, 0, 0
1682020887.6415493, -3.2, 1.336627e-05, 1.722592e-06, 1.244291e-05, 8.81528, 0, 0, 0
1682020894.716445, 3.2, 3.130054e-06, 1.868758e-06, 3.11906e-06, 29.99829, 0, 0, 0
1682020901.81323, -3.2, 1.029541e-05, 1.722592e-06, 1.017601e-05, 10.6897, 0, 0, 0
1682020908.918362, 3.2, 2.691359e-06, 1.576426e-06, 2.721099e-06, 48.00434, 0, 0, 0
1682020916.019727, -3.2, 9.710478e-06, 1.722592e-06, 9.458236e-06, 10.5249, 0, 0, 0
1682020923.1509848, 3.2, 1.667737e-06, 1.576426e-06, 2.320266e-06, 53.64955, 0, 0, 0
1682020930.2451427, -3.2, 6.493382e-06, 2.014924e-06, 6.659297e-06, 15.88134, 0, 0, 0
1682020937.3418298, 3.2, 2.106432e-06, 1.576426e-06, 2.60437e-06, 41.30846, 0, 0, 0
1682020944.4363983, -3.2, 1.014917e-05, 1.722592e-06, 1.031979e-05, 9.498548, 0, 0, 0
1682020951.540144, 3.2, 3.130054e-06, 1.576426e-06, 3.13283e-06, 41.57839, 0, 0, 0
1682020958.6351566, -3.2, 1.014917e-05, 2.014924e-06, 1.043852e-05, 10.28796, 0, 0, 0
1682020965.7635407, 3.2, 1.667737e-06, 1.722592e-06, 2.360183e-06, 43.38775, 0, 0, 0
1682020972.88979, -3.2, 9.271784e-06, 1.868758e-06, 1.034725e-05, 10.28796, 0, 0, 0
1682020980.0136666, 3.2, 2.983822e-06, 1.722592e-06, 2.953307e-06, 55.68475, 0, 0, 0
1682020987.1650538, -3.2, 1.029541e-05, 1.722592e-06, 1.058277e-05, 10.89326, 0, 0, 0
1682020994.3212116, 3.2, 1.229042e-06, 1.868758e-06, 2.164387e-06, 67.0752, 0, 0, 0
1682021001.4873636, -3.2, 9.564247e-06, 2.161091e-06, 1.020386e-05, 9.367898, 0, 0, 0
1682021008.5842402, 3.2, 1.375274e-06, 2.014924e-06, 1.793912e-06, 69.49809, 0, 0, 0
1682021015.7553494, -3.2, 1.102656e-05, 2.014924e-06, 1.1328e-05, 8.653191, 0, 0, 0
1682021022.9017258, 3.2, 3.276286e-06, 1.868758e-06, 4.228035e-06, 24.73099, 0, 0, 0
1682021030.0349274, -3.2, 1.07341e-05, 2.161091e-06, 1.092158e-05, 8.136224, 0, 0, 0
1682021037.2168446, 3.2, 1.082811e-06, 1.722592e-06, 2.320266e-06, 53.64955, 0, 0, 0
1682021044.3800037, -3.2, 9.710478e-06, 1.868758e-06, 1.087144e-05, 10.49172, 0, 0, 0
1682021051.5312846, 3.2, 1.813969e-06, 1.868758e-06, 3.276534e-06, 30.48642, 0, 0, 0
1682021058.6615202, -3.2, 1.014917e-05, 1.868758e-06, 9.917324e-06, 9.913089, 0, 0, 0
1682021065.7898262, 3.2, 2.398896e-06, 2.014924e-06, 3.480207e-06, 40.99219, 0, 0, 0
1682021072.9505258, -3.2, 8.97932e-06, 1.868758e-06, 8.457212e-06, 15.19715, 0, 0, 0
1682021080.2459188, 3.2, 7.903475e-07, 1.722592e-06, 2.075526e-06, 63.38101, 0, 0, 0
1682021087.3951247, -3.2, 1.07341e-05, 2.014924e-06, 9.862085e-06, 9.117003, 0, 0, 0
1682021094.5424542, 3.2, 2.106432e-06, 1.868758e-06, 2.749475e-06, 78.46207, 0, 0, 0
1682021101.7200205, -3.2, 1.278134e-05, 1.868758e-06, 1.103965e-05, 10.28796, 0, 0, 0
1682021108.8981628, 3.2, 2.691359e-06, 1.722592e-06, 3.246166e-06, 48.00434, 0, 0, 0
1682021116.0622308, -3.2, 1.219642e-05, 1.722592e-06, 1.333179e-05, 8.318265, 0, 0, 0
1682021123.2439756, 3.2, 1.813969e-06, 2.014924e-06, 2.708255e-06, 55.68475, 0, 0, 0
1682021130.4417448, -3.2, 8.97932e-06, 1.868758e-06, 9.862085e-06, 11.21617, 0, 0, 0
1682021137.636415, 3.2, -1.110664e-06, 1.722592e-06, 2.25212e-06, 113.6453, 0, 0, 0
1682021144.8850746, -3.2, 8.101931e-06, 1.868758e-06, 6.52007e-06, 16.88147, 0, 0, 0
1682021152.1203277, 3.2, -8.704252e-08, 2.161091e-06, 1.758119e-06, 73.87901, 0, 0, 0
1682021159.3297803, -3.2, 7.663236e-06, 2.161091e-06, 8.102968e-06, 15.4682, 0, 0, 0
1682021166.5481255, 3.2, 4.978842e-07, 1.722592e-06, 2.025369e-06, 83.72701, 0, 0, 0
1682021173.7514722, -3.2, 7.078309e-06, 2.014924e-06, 8.712612e-06, 13.45747, 0, 0, 0
1682021180.956046, 3.2, -1.256896e-06, 2.161091e-06, 2.417096e-06, 145.5015, 0, 0, 0
1682021188.151047, -3.2, 6.347151e-06, 1.868758e-06, 8.206891e-06, 14.93522, 0, 0, 0
1682021195.3651073, 3.2, -1.256896e-06, 2.014924e-06, 2.040027e-06, 117.2974, 0, 0, 0
1682021202.602548, -3.2, 8.101931e-06, 2.161091e-06, 7.603982e-06, 11.62431, 0, 0, 0
1682021209.8707676, 3.2, 2.054208e-07, 1.722592e-06, 2.050353e-06, 120.7244, 0, 0, 0
1682021217.1107037, -3.2, 7.078309e-06, 1.868758e-06, 7.462322e-06, 14.78932, 0, 0, 0
1682021224.3385031, 3.2, 3.516525e-07, 1.868758e-06, 2.016804e-06, 92.47356, 0, 0, 0
1682021231.5972629, -3.2, 7.224541e-06, 2.014924e-06, 8.457212e-06, 13.21888, 0, 0, 0
1682021239.3043303, 3.2, -5.257375e-07, 2.014924e-06, 2.224121e-06, 112.1006, 0, 0, 0
1682021246.5528822, -3.2, 7.663236e-06, 1.43026e-06, 7.863128e-06, 16.0396, 0, 0, 0
1682021253.8079898, 3.2, -9.644325e-07, 2.014924e-06, 2.016804e-06, 107.2725, 0, 0, 0
1682021261.0688894, -3.2, 8.248162e-06, 2.307257e-06, 8.243996e-06, 11.21617, 0, 0, 0
1682021268.3444912, 3.2, -5.257375e-07, 2.161091e-06, 1.763901e-06, 88.43113, 0, 0, 0
1682021275.5889497, -3.2, 8.540625e-06, 2.161091e-06, 1.020386e-05, 12.45115, 0, 0, 0
1682021282.8385196, 3.2, 4.738602e-06, 1.722592e-06, 4.373159e-06, 30.83876, 0, 0, 0
1682021290.117462, -3.2, 8.686858e-06, 2.307257e-06, 8.77509e-06, 11.05573, 0, 0, 0
1682021297.3732445, 3.2, 7.903475e-07, 1.868758e-06, 2.075526e-06, 80.75784, 0, 0, 0
1682021304.6268766, -3.2, 9.125552e-06, 2.161091e-06, 9.17172e-06, 13.27462, 0, 0, 0
1682021311.9003472, 3.2, 7.903475e-07, 2.161091e-06, 2.287444e-06, 51.8255, 0, 0, 0
1682021319.1402013, -3.2, 6.347151e-06, 2.014924e-06, 7.320841e-06, 16.0396, 0, 0, 0
1682021326.432847, 3.2, 3.516525e-07, 2.161091e-06, 2.355312e-06, 73.40324, 0, 0, 0
1682021333.7073305, -3.2, 8.101931e-06, 2.307257e-06, 7.400863e-06, 16.97804, 0, 0, 0
1682021340.976804, 3.2, -6.719692e-07, 2.161091e-06, 2.576641e-06, 130.0811, 0, 0, 0
1682021348.2896984, -3.2, 5.031066e-06, 2.014924e-06, 6.104355e-06, 23.2459, 0, 0, 0
1682021355.5887902, 3.2, 1.960201e-06, 2.161091e-06, 3.328383e-06, 35.3779, 0, 0, 0
1682021362.8319774, -3.2, 7.078309e-06, 1.868758e-06, 7.923705e-06, 14.19987, 0, 0, 0
1682021370.2357552, 3.2, 4.978842e-07, 1.868758e-06, 2.040027e-06, 101.4795, 0, 0, 0
1682021377.556243, -3.2, 9.564247e-06, 2.014924e-06, 9.488197e-06, 15.04825, 0, 0, 0
1682021384.8699808, 3.2, 2.054208e-07, 2.014924e-06, 2.161901e-06, 80.10021, 0, 0, 0
1682021392.218571, -3.2, 8.97932e-06, 1.868758e-06, 8.917477e-06, 14.68197, 0, 0, 0
1682021399.5272202, 3.2, 2.252664e-06, 1.868758e-06, 2.409821e-06, 49.99068, 0, 0, 0
1682021407.0370488, -3.2, 1.000294e-05, 2.307257e-06, 9.774188e-06, 12.45115, 0, 0, 0
1682021414.3196821, 3.2, 4.978842e-07, 2.161091e-06, 2.360183e-06, 61.74662, 0, 0, 0
1682021421.6118546, -3.2, 8.394394e-06, 2.014924e-06, 8.490707e-06, 17.06326, 0, 0, 0
1682021428.922552, 3.2, 5.918914e-08, 2.161091e-06, 2.189514e-06, 69.91167, 0, 0, 0
1682021436.251974, -3.2, 8.394394e-06, 2.014924e-06, 8.885592e-06, 12.14071, 0, 0, 0
1682021443.552446, 3.2, -8.704252e-08, 2.161091e-06, 2.161901e-06, 84.17882, 0, 0, 0
1682021450.889963, -3.2, 9.418016e-06, 2.161091e-06, 9.805362e-06, 12.36646, 0, 0, 0
1682021458.249481, 3.2, 2.545127e-06, 2.161091e-06, 4.249636e-06, 29.69997, 0, 0, 0
1682021465.5896158, -3.2, 7.517004e-06, 1.868758e-06, 8.809801e-06, 13.74784, 0, 0, 0
1682021472.9338245, 3.2, 1.521506e-06, 2.161091e-06, 2.395479e-06, 66.56892, 0, 0, 0
1682021480.310219, -3.2, 6.932077e-06, 2.014924e-06, 7.962129e-06, 14.93522, 0, 0, 0
1682021487.6550865, 3.2, 1.667737e-06, 2.014924e-06, 2.486133e-06, 47.79063, 0, 0, 0
1682021495.028543, -3.2, 9.271784e-06, 2.014924e-06, 8.385201e-06, 13.27462, 0, 0, 0
1682021502.3890789, 3.2, 1.375274e-06, 1.868758e-06, 2.395479e-06, 68.58257, 0, 0, 0
1682021509.7514112, -3.2, 8.394394e-06, 2.014924e-06, 9.52031e-06, 12.26076, 0, 0, 0
1682021517.1263838, 3.2, 2.054208e-07, 2.014924e-06, 2.19416e-06, 103.673, 0, 0, 0
1682021524.4825697, -3.2, 8.248162e-06, 2.307257e-06, 7.76837e-06, 15.19715, 0, 0, 0
1682021531.85661, 3.2, -1.695591e-06, 2.014924e-06, 3.141826e-06, 128.5994, 0, 0, 0
1682021539.224601, -3.2, 5.908456e-06, 2.014924e-06, 6.616538e-06, 16.6536, 0, 0, 0
1682021546.597025, 3.2, -8.182009e-07, 2.307257e-06, 2.366525e-06, 92.30645, 0, 0, 0
1682021553.9670985, -3.2, 8.248162e-06, 2.307257e-06, 8.325408e-06, 14.43698, 0, 0, 0
1682021561.3700418, 3.2, 2.054208e-07, 2.161091e-06, 2.31902e-06, 108.4433, 0, 0, 0
1682021568.7655778, -3.2, 8.686858e-06, 2.014924e-06, 9.838611e-06, 12.26076, 0, 0, 0
1682021576.1612225, 3.2, 1.229042e-06, 2.161091e-06, 1.976649e-06, 84.5701, 0, 0, 0
1682021583.5186033, -3.2, 6.639614e-06, 2.161091e-06, 7.641218e-06, 17.31498, 0, 0, 0
1682021590.925628, 3.2, -1.403127e-06, 2.161091e-06, 2.310793e-06, 106.2377, 0, 0, 0
1682021598.3195994, -3.2, 9.125552e-06, 2.161091e-06, 8.348724e-06, 14.43698, 0, 0, 0
1682021605.7670155, 3.2, -2.332742e-07, 1.868758e-06, 2.366525e-06, 112.1006, 0, 0, 0
1682021613.159479, -3.2, 7.955699e-06, 2.307257e-06, 7.121658e-06, 16.84734, 0, 0, 0
1682021620.557687, 3.2, -2.332742e-07, 2.161091e-06, 2.482601e-06, 88.53048, 0, 0, 0
1682021627.965586, -3.2, 7.663236e-06, 2.161091e-06, 8.003038e-06, 16.75606, 0, 0, 0
1682021635.3176873, 3.2, -6.719692e-07, 2.161091e-06, 2.366525e-06, 103.673, 0, 0, 0
1682021642.7609231, -3.2, 5.762224e-06, 2.745756e-06, 6.704971e-06, 19.27362, 0, 0, 0
1682021650.1997497, 3.2, 7.903475e-07, 2.307257e-06, 2.301078e-06, 71.09117, 0, 0, 0
1682021657.5977361, -3.2, 7.663236e-06, 2.307257e-06, 7.863128e-06, 16.0396, 0, 0, 0
1682021665.0071917, 3.2, -8.182009e-07, 2.014924e-06, 2.560666e-06, 114.3562, 0, 0, 0
1682021672.421632, -3.2, 6.785846e-06, 2.307257e-06, 7.681055e-06, 18.40939, 0, 0, 0
1682021679.8739812, 3.2, -8.182009e-07, 2.161091e-06, 2.308898e-06, 84.17882, 0, 0, 0
1682021687.2841015, -3.2, 6.347151e-06, 2.161091e-06, 7.078401e-06, 19.16227, 0, 0, 0
1682021694.719819, 3.2, -8.182009e-07, 2.161091e-06, 3.157791e-06, 127.5582, 0, 0, 0
1682021702.169114, -3.2, 6.493382e-06, 2.453423e-06, 6.7535e-06, 16.20739, 0, 0, 0
1682021709.6038282, 3.2, 2.054208e-07, 2.307257e-06, 2.173644e-06, 95.77324, 0, 0, 0
1682021717.0385206, -3.2, 9.710478e-06, 2.161091e-06, 1.080617e-05, 11.07345, 0, 0, 0
1682021724.4858341, 3.2, 2.398896e-06, 2.307257e-06, 4.249636e-06, 40.60592, 0, 0, 0
1682021731.891653, -3.2, 1.000294e-05, 2.453423e-06, 9.805362e-06, 13.17458, 0, 0, 0
1682021739.3678808, 3.2, 1.082811e-06, 2.161091e-06, 2.886913e-06, 53.52216, 0, 0, 0
1682021746.8711317, -3.2, 9.564247e-06, 2.014924e-06, 1.020386e-05, 12.92356, 0, 0, 0
1682021754.312806, 3.2, 1.521506e-06, 2.161091e-06, 2.68604e-06, 49.99068, 0, 0, 0
1682021761.785517, -3.2, 1.029541e-05, 2.453423e-06, 1.001562e-05, 12.80763, 0, 0, 0
1682021769.2494392, 3.2, 1.960201e-06, 2.599589e-06, 2.614188e-06, 66.18587, 0, 0, 0
1682021776.708444, -3.2, 9.856711e-06, 2.307257e-06, 1.033522e-05, 13.17458, 0, 0, 0
1682021784.2180798, 3.2, 1.960201e-06, 2.453423e-06, 4.249636e-06, 39.42846, 0, 0, 0
1682021791.7541583, -3.2, 8.248162e-06, 2.307257e-06, 8.140292e-06, 17.38157, 0, 0, 0
1682021799.2541187, 3.2, -8.704252e-08, 2.307257e-06, 2.607693e-06, 88.53048, 0, 0, 0
1682021806.7394338, -3.2, 8.97932e-06, 2.307257e-06, 9.348051e-06, 17.49339, 0, 0, 0
1682021814.2116008, 3.2, 2.054208e-07, 2.307257e-06, 2.72531e-06, 108.4432, 0, 0, 0
1682021821.7103002, -3.2, 6.200919e-06, 2.307257e-06, 7.029076e-06, 20.40938, 0, 0, 0
1682021829.2429473, 3.2, -5.257375e-07, 2.453423e-06, 2.610035e-06, 77.02625, 0, 0, 0
1682021836.814945, -3.2, 7.517004e-06, 2.307257e-06, 8.56479e-06, 12.29343, 0, 0, 0
1682021844.3105714, 3.2, 3.568749e-06, 2.307257e-06, 4.297836e-06, 33.40948, 0, 0, 0
1682021851.836296, -3.2, 1.205019e-05, 2.161091e-06, 1.209853e-05, 10.58831, 0, 0, 0
1682021859.3469796, 3.2, 5.031066e-06, 2.453423e-06, 5.33607e-06, 28.02081, 0, 0, 0
1682021866.8431406, -3.2, 1.307381e-05, 2.745756e-06, 1.373343e-05, 10.07741, 0, 0, 0
1682021874.3513875, 3.2, 6.347151e-06, 2.599589e-06, 6.781635e-06, 21.8217, 0, 0, 0
1682021881.8785477, -3.2, 1.365873e-05, 2.453423e-06, 1.455127e-05, 9.773106, 0, 0, 0
1682021889.5409296, 3.2, 4.299907e-06, 2.453423e-06, 5.024646e-06, 31.15584, 0, 0, 0
1682021897.0869436, -3.2, 1.39512e-05, 2.599589e-06, 1.433511e-05, 10.18305, 0, 0, 0
1682021904.6261141, 3.2, 6.639614e-06, 2.599589e-06, 6.7535e-06, 24.2822, 0, 0, 0
1682021912.1458812, -3.2, 1.365873e-05, 2.599589e-06, 1.447894e-05, 10.44806, 0, 0, 0
1682021919.70785, 3.2, 5.908456e-06, 2.599589e-06, 7.130382e-06, 19.56136, 0, 0, 0
1682021927.2294636, -3.2, 1.380497e-05, 2.599589e-06, 1.464951e-05, 10.44806, 0, 0, 0
1682021934.761603, 3.2, 6.493382e-06, 2.599589e-06, 7.540579e-06, 20.86032, 0, 0, 0
1682021942.3200798, -3.2, 1.512105e-05, 2.307257e-06, 1.45059e-05, 9.773106, 0, 0, 0
1682021949.8700004, 3.2, 7.370772e-06, 2.891922e-06, 7.728723e-06, 20.96133, 0, 0, 0
1682021957.4054482, -3.2, 1.39512e-05, 2.453423e-06, 1.479318e-05, 10.55513, 0, 0, 0
1682021964.9776511, 3.2, 7.809467e-06, 2.599589e-06, 7.403482e-06, 19.87746, 0, 0, 0
1682021972.5579343, -3.2, 1.409743e-05, 2.599589e-06, 1.491071e-05, 9.773106, 0, 0, 0
1682021980.102171, 3.2, 7.517004e-06, 2.599589e-06, 7.815764e-06, 22.55014, 0, 0, 0
1682021987.7017646, -3.2, 1.570598e-05, 2.891922e-06, 1.510795e-05, 8.878393, 0, 0, 0
1682021995.2582157, 3.2, 7.955699e-06, 2.745756e-06, 7.646285e-06, 18.41045, 0, 0, 0
1682022002.8422134, -3.2, 1.526728e-05, 2.891922e-06, 1.493689e-05, 9.848248, 0, 0, 0
1682022010.4367537, 3.2, 7.370772e-06, 2.891922e-06, 6.781635e-06, 23.22954, 0, 0, 0
1682022018.0041842, -3.2, 1.39512e-05, 2.745756e-06, 1.439099e-05, 11.13416, 0, 0, 0
1682022025.5886943, 3.2, 7.955699e-06, 2.599589e-06, 7.629763e-06, 20.27992, 0, 0, 0
1682022033.2556794, -3.2, 1.117279e-05, 2.891922e-06, 1.154099e-05, 12.61933, 0, 0, 0
1682022040.8399155, 3.2, 4.153676e-06, 2.891922e-06, 4.534198e-06, 39.96534, 0, 0, 0
1682022048.4092753, -3.2, 1.248888e-05, 2.453423e-06, 1.201097e-05, 13.30428, 0, 0, 0
1682022055.9909987, 3.2, 4.299907e-06, 2.453423e-06, 4.737946e-06, 34.84687, 0, 0, 0
1682022063.58271, -3.2, 1.409743e-05, 2.745756e-06, 1.315832e-05, 10.62848, 0, 0, 0
1682022071.18609, 3.2, 4.446139e-06, 2.745756e-06, 4.57474e-06, 33.92297, 0, 0, 0
1682022078.7752872, -3.2, 1.131903e-05, 2.891922e-06, 1.118658e-05, 13.80703, 0, 0, 0
1682022086.3972995, 3.2, 5.031066e-06, 2.745756e-06, 5.150341e-06, 30.6264, 0, 0, 0
1682022094.0029154, -3.2, 1.190395e-05, 2.453423e-06, 1.250167e-05, 13.98537, 0, 0, 0
1682022101.634097, 3.2, 8.248162e-06, 2.599589e-06, 9.389748e-06, 18.7065, 0, 0, 0
1682022109.235283, -3.2, 1.336627e-05, 2.745756e-06, 1.407538e-05, 11.12471, 0, 0, 0
1682022116.8424883, 3.2, 3.861212e-06, 2.891922e-06, 6.382977e-06, 27.24593, 0, 0, 0
1682022124.4857993, -3.2, 1.248888e-05, 2.745756e-06, 1.318636e-05, 10.62848, 0, 0, 0
1682022132.1115408, 3.2, 5.469761e-06, 2.745756e-06, 5.506346e-06, 27.28365, 0, 0, 0
1682022139.739828, -3.2, 1.278134e-05, 2.599589e-06, 1.317202e-05, 13.98948, 0, 0, 0
1682022147.3689368, 3.2, 5.469761e-06, 3.038088e-06, 5.67669e-06, 29.04926, 0, 0, 0
1682022155.00198, -3.2, 1.424366e-05, 2.891922e-06, 1.430933e-05, 12.41136, 0, 0, 0
1682022162.6293259, 3.2, 7.809467e-06, 3.038088e-06, 7.456063e-06, 22.02972, 0, 0, 0
1682022170.266286, -3.2, 1.278134e-05, 2.745756e-06, 1.421883e-05, 12.80548, 0, 0, 0
1682022177.9298403, 3.2, 7.809467e-06, 2.745756e-06, 7.953819e-06, 19.97636, 0, 0, 0
1682022185.5800571, -3.2, 1.468236e-05, 2.599589e-06, 1.476675e-05, 10.80283, 0, 0, 0
1682022193.194512, 3.2, 6.639614e-06, 2.599589e-06, 6.723783e-06, 23.39314, 0, 0, 0
1682022200.8685663, -3.2, 1.599844e-05, 2.453423e-06, 1.895594e-05, 7.95292, 0, 0, 0
1682022208.5148995, 3.2, 1.161149e-05, 3.184254e-06, 1.168262e-05, 15.40418, 0, 0, 0
1682022216.1624627, -3.2, 1.658337e-05, 2.745756e-06, 1.743503e-05, 10.06614, 0, 0, 0
1682022223.8274834, 3.2, 8.540625e-06, 3.184254e-06, 8.740446e-06, 21.25734, 0, 0, 0
1682022231.5088286, -3.2, 1.702206e-05, 2.745756e-06, 1.611384e-05, 10.72586, 0, 0, 0
1682022239.181878, 3.2, 8.394394e-06, 3.038088e-06, 9.016956e-06, 22.80789, 0, 0, 0
1682022246.8689828, -3.2, 1.541351e-05, 3.184254e-06, 1.519798e-05, 11.57855, 0, 0, 0
1682022254.526978, 3.2, 7.809467e-06, 3.184254e-06, 9.572821e-06, 16.82363, 0, 0, 0
1682022263.3183522, -3.2, 1.614467e-05, 2.745756e-06, 1.522447e-05, 11.36049, 0, 0, 0
1682022271.1425922, 3.2, 7.078309e-06, 2.745756e-06, 6.970716e-06, 34.34515, 0, 0, 0
1682022278.8673332, -3.2, 1.248888e-05, 3.038088e-06, 1.367554e-05, 11.36642, 0, 0, 0
1682022286.616342, 3.2, 4.153676e-06, 2.891922e-06, 4.941945e-06, 39.51162, 0, 0, 0
1682022294.3995745, -3.2, 1.35125e-05, 3.038088e-06, 1.384983e-05, 13.0822, 0, 0, 0
1682022302.1163785, 3.2, 5.615992e-06, 3.038088e-06, 6.20318e-06, 31.87925, 0, 0, 0
1682022309.8444238, -3.2, 1.175772e-05, 3.038088e-06, 1.250167e-05, 12.0801, 0, 0, 0
1682022317.5863166, 3.2, 5.177298e-06, 2.745756e-06, 4.824124e-06, 38.73874, 0, 0, 0
1682022325.37605, -3.2, 1.307381e-05, 3.184254e-06, 1.281934e-05, 13.18671, 0, 0, 0
1682022333.1463194, 3.2, 5.323529e-06, 2.891922e-06, 6.129433e-06, 36.52143, 0, 0, 0
1682022340.9348316, -3.2, 1.234265e-05, 3.038088e-06, 1.306666e-05, 15.10051, 0, 0, 0
1682022348.7224221, 3.2, 4.007444e-06, 3.184254e-06, 4.468112e-06, 37.127, 0, 0, 0
1682022356.5117395, -3.2, 1.190395e-05, 2.891922e-06, 1.200236e-05, 14.33202, 0, 0, 0
1682022364.2934604, 3.2, 4.007444e-06, 3.038088e-06, 5.264901e-06, 39.51162, 0, 0, 0
1682022372.1434107, -3.2, 1.146526e-05, 3.184254e-06, 1.226094e-05, 14.66246, 0, 0, 0
1682022379.913455, 3.2, 2.837591e-06, 3.038088e-06, 4.058743e-06, 44.10392, 0, 0, 0
1682022387.7236655, -3.2, 1.278134e-05, 2.891922e-06, 1.171966e-05, 14.15049, 0, 0, 0
1682022395.4821048, 3.2, 2.837591e-06, 3.038088e-06, 3.950522e-06, 44.10392, 0, 0, 0
1682022403.2911477, -3.2, 1.102656e-05, 3.038088e-06, 1.210815e-05, 15.21197, 0, 0, 0
1682022411.1227973, 3.2, 3.568749e-06, 2.891922e-06, 5.264901e-06, 38.47012, 0, 0, 0
1682022418.9463162, -3.2, 1.205019e-05, 3.038088e-06, 1.338983e-05, 13.0822, 0, 0, 0
1682022426.7675095, 3.2, 5.323529e-06, 3.038088e-06, 6.002866e-06, 35.94989, 0, 0, 0
1682022434.586321, -3.2, 1.205019e-05, 2.891922e-06, 1.254168e-05, 14.15049, 0, 0, 0
1682022442.490535, 3.2, 3.714981e-06, 3.184254e-06, 4.468112e-06, 41.5947, 0, 0, 0
1682022450.2798266, -3.2, 1.146526e-05, 3.038088e-06, 1.171966e-05, 16.19749, 0, 0, 0
1682022458.0880194, 3.2, 2.252664e-06, 3.33042e-06, 4.258306e-06, 50.04574, 0, 0, 0
1682022465.9562106, -3.2, 9.856711e-06, 2.891922e-06, 1.027219e-05, 17.13062, 0, 0, 0
1682022473.814718, 3.2, 2.983822e-06, 3.622753e-06, 4.67473e-06, 46.86116, 0, 0, 0
1682022481.6503532, -3.2, 1.029541e-05, 3.33042e-06, 1.082068e-05, 16.66472, 0, 0, 0
1682022489.488323, 3.2, 2.252664e-06, 3.184254e-06, 3.538426e-06, 60.33119, 0, 0, 0
1682022497.286091, -3.2, 1.029541e-05, 3.038088e-06, 1.128307e-05, 17.92567, 0, 0, 0
1682022505.1018555, 3.2, 6.347151e-06, 3.184254e-06, 6.455915e-06, 29.71299, 0, 0, 0
1682022512.9395318, -3.2, 9.564247e-06, 3.33042e-06, 1.058988e-05, 17.07409, 0, 0, 0
1682022520.7616546, 3.2, 3.130054e-06, 3.622753e-06, 6.279464e-06, 32.66539, 0, 0, 0
1682022528.5594018, -3.2, 1.146526e-05, 3.184254e-06, 1.101512e-05, 17.01911, 0, 0, 0
1682022536.4234092, 3.2, 3.276286e-06, 3.33042e-06, 4.775492e-06, 40.77883, 0, 0, 0
1682022544.2918718, -3.2, 1.205019e-05, 3.038088e-06, 1.310442e-05, 13.8282, 0, 0, 0
1682022552.114761, 3.2, 4.446139e-06, 3.33042e-06, 6.20318e-06, 35.43985, 0, 0, 0
1682022559.912653, -3.2, 1.278134e-05, 3.184254e-06, 1.264295e-05, 14.14492, 0, 0, 0
1682022567.7634525, 3.2, 3.422517e-06, 3.184254e-06, 5.099084e-06, 39.72856, 0, 0, 0
1682022575.6034176, -3.2, 1.219642e-05, 3.184254e-06, 1.278408e-05, 15.27315, 0, 0, 0
1682022583.4543319, 3.2, 5.469761e-06, 3.184254e-06, 5.709101e-06, 35.43985, 0, 0, 0
1682022591.2864513, -3.2, 1.219642e-05, 3.038088e-06, 1.228552e-05, 13.6724, 0, 0, 0
1682022599.1165555, 3.2, 4.007444e-06, 3.476587e-06, 5.323976e-06, 32.66539, 0, 0, 0
1682022606.9908614, -3.2, 1.161149e-05, 3.33042e-06, 1.204019e-05, 16.00401, 0, 0, 0
1682022614.8464096, 3.2, 4.299907e-06, 2.891922e-06, 5.427069e-06, 33.48667, 0, 0, 0
1682022622.694539, -3.2, 1.292757e-05, 3.038088e-06, 1.28531e-05, 15.73108, 0, 0, 0
1682022630.532387, 3.2, -4.035297e-06, 3.33042e-06, 4.208555e-06, 142.42, 0, 0, 0
1682022638.3681476, -3.2, 2.545127e-06, 3.038088e-06, 3.817923e-06, 58.38388, 0, 0, 0
1682022646.2538316, 3.2, -7.106162e-06, 3.038088e-06, 7.261358e-06, 154.4717, 0, 0, 0
1682022654.1219385, -3.2, 2.545127e-06, 3.038088e-06, 3.724654e-06, 48.29474, 0, 0, 0
1682022662.025185, 3.2, -5.351383e-06, 3.476587e-06, 6.2271e-06, 147.3876, 0, 0, 0
1682022669.8789454, -3.2, 1.813969e-06, 3.33042e-06, 4.308634e-06, 52.61271, 0, 0, 0
1682022677.7468178, 3.2, -5.790077e-06, 3.038088e-06, 6.48016e-06, 153.9742, 0, 0, 0
1682022685.8258667, -3.2, 1.082811e-06, 3.184254e-06, 3.512057e-06, 76.64999, 0, 0, 0
1682022693.8773668, 3.2, -6.667467e-06, 3.33042e-06, 7.194199e-06, 154.9518, 0, 0, 0
1682022701.7691603, -3.2, 2.252664e-06, 3.33042e-06, 3.900509e-06, 55.92596, 0, 0, 0
1682022709.6648908, 3.2, -7.106162e-06, 3.038088e-06, 7.460327e-06, 152.4613, 0, 0, 0
1682022717.572896, -3.2, 6.441158e-07, 3.184254e-06, 3.225284e-06, 72.0549, 0, 0, 0
1682022725.4779408, 3.2, -3.742834e-06, 2.891922e-06, 5.73224e-06, 145.8658, 0, 0, 0
1682022733.3891456, -3.2, 2.398896e-06, 2.745756e-06, 4.363791e-06, 45.46946, 0, 0, 0
1682022741.3074286, 3.2, -3.157907e-06, 3.038088e-06, 5.287674e-06, 140.032, 0, 0, 0
1682022749.203655, -3.2, 4.446139e-06, 2.891922e-06, 6.002866e-06, 31.12633, 0, 0, 0
1682022757.0773787, 3.2, -2.426749e-06, 3.038088e-06, 4.708028e-06, 133.3249, 0, 0, 0
1682022765.0038192, -3.2, 4.884834e-06, 2.891922e-06, 5.628884e-06, 30.88563, 0, 0, 0
1682022772.86648, 3.2, -2.865444e-06, 3.184254e-06, 4.077266e-06, 130.4959, 0, 0, 0
1682022780.7694335, -3.2, 4.153676e-06, 3.038088e-06, 5.954083e-06, 37.47417, 0, 0, 0
1682022788.6652215, 3.2, -2.280517e-06, 3.184254e-06, 3.916661e-06, 128.2587, 0, 0, 0
1682022796.5987654, -3.2, 4.884834e-06, 3.184254e-06, 5.803002e-06, 31.87925, 0, 0, 0
1682022804.5405772, 3.2, -4.473993e-06, 3.038088e-06, 5.14034e-06, 143.9997, 0, 0, 0
1682022812.4492726, -3.2, 5.031066e-06, 3.184254e-06, 6.002866e-06, 27.24593, 0, 0, 0
1682022820.3673372, 3.2, -1.549359e-06, 3.184254e-06, 4.187313e-06, 125.6097, 0, 0, 0
1682022828.3083997, -3.2, 4.592371e-06, 3.184254e-06, 6.078149e-06, 27.24593, 0, 0, 0
1682022836.22235, 3.2, -3.157907e-06, 3.038088e-06, 4.484624e-06, 134.7498, 0, 0, 0
1682022844.1622958, -3.2, 4.007444e-06, 2.891922e-06, 4.824124e-06, 39.51162, 0, 0, 0
1682022852.1583626, 3.2, -4.035297e-06, 3.184254e-06, 4.077266e-06, 131.6599, 0, 0, 0
1682022860.0791228, -3.2, 6.932077e-06, 3.038088e-06, 7.242078e-06, 27.21192, 0, 0, 0
1682022868.024348, 3.2, -2.280517e-06, 3.038088e-06, 3.477693e-06, 130.2615, 0, 0, 0
1682022875.9904833, -3.2, 4.884834e-06, 2.453423e-06, 5.181932e-06, 34.64539, 0, 0, 0
1682022883.9804728, 3.2, -1.695591e-06, 3.038088e-06, 3.541185e-06, 119.1664, 0, 0, 0
1682022891.9329917, -3.2, 6.200919e-06, 3.038088e-06, 6.90517e-06, 24.4952, 0, 0, 0
1682022899.8844566, 3.2, -1.256896e-06, 3.038088e-06, 3.916661e-06, 121.2261, 0, 0, 0
1682022907.8581457, -3.2, 6.054688e-06, 3.184254e-06, 6.711879e-06, 23.39314, 0, 0, 0
1682022915.8137627, 3.2, -2.134286e-06, 3.184254e-06, 4.490199e-06, 135.9721, 0, 0, 0
1682022923.7907574, -3.2, 4.299907e-06, 3.184254e-06, 5.877211e-06, 33.92297, 0, 0, 0
1682022931.789808, 3.2, -4.035297e-06, 3.038088e-06, 4.382049e-06, 132.1228, 0, 0, 0
1682022939.7575788, -3.2, 4.738602e-06, 2.891922e-06, 6.058314e-06, 31.87925, 0, 0, 0
1682022947.7243025, 3.2, -2.572981e-06, 2.891922e-06, 4.597286e-06, 132.1228, 0, 0, 0
1682022955.683379, -3.2, 5.469761e-06, 2.891922e-06, 5.954083e-06, 26.65097, 0, 0, 0
1682022963.660337, 3.2, -1.549359e-06, 2.891922e-06, 3.346453e-06, 123.1998, 0, 0, 0
1682022971.6501138, -3.2, 5.177298e-06, 2.891922e-06, 6.316849e-06, 27.24593, 0, 0, 0
1682022979.6030662, 3.2, -3.157907e-06, 2.891922e-06, 4.093862e-06, 130.4959, 0, 0, 0
1682022987.6940205, -3.2, 4.446139e-06, 2.891922e-06, 5.954083e-06, 32.66539, 0, 0, 0
1682022995.6636734, 3.2, -2.426749e-06, 2.891922e-06, 4.077266e-06, 142.3083, 0, 0, 0
1682023003.6761541, -3.2, 3.714981e-06, 3.038088e-06, 4.913139e-06, 44.10392, 0, 0, 0
1682023011.7113543, 3.2, -3.742834e-06, 3.038088e-06, 4.729906e-06, 144.3725, 0, 0, 0
1682023019.7418356, -3.2, 4.592371e-06, 3.038088e-06, 5.628884e-06, 35.24301, 0, 0, 0
1682023027.7602823, 3.2, -5.257375e-07, 3.038088e-06, 3.083242e-06, 78.02977, 0, 0, 0
1682023035.7543979, -3.2, 3.422517e-06, 2.453423e-06, 5.233784e-06, 38.47012, 0, 0, 0
1682023043.7962868, 3.2, -2.134286e-06, 2.745756e-06, 4.093862e-06, 134.7498, 0, 0, 0
1682023051.8274658, -3.2, 4.884834e-06, 2.745756e-06, 5.930229e-06, 32.66539, 0, 0, 0
1682023059.8492303, 3.2, -1.549359e-06, 3.038088e-06, 3.026281e-06, 122.4924, 0, 0, 0
1682023067.8726807, -3.2, 6.347151e-06, 2.891922e-06, 7.363691e-06, 22.74472, 0, 0, 0
1682023075.8862326, 3.2, -2.426749e-06, 2.891922e-06, 3.762899e-06, 129.4957, 0, 0, 0
1682023083.9374697, -3.2, 4.446139e-06, 3.184254e-06, 4.707897e-06, 32.0405, 0, 0, 0
1682023091.957799, 3.2, -1.841823e-06, 3.038088e-06, 3.477693e-06, 134.762, 0, 0, 0
1682023100.041584, -3.2, 1.082811e-06, 3.038088e-06, 3.008275e-06, 66.97491, 0, 0, 0
1682023108.017854, 3.2, -4.620224e-06, 2.891922e-06, 5.051099e-06, 148.7538, 0, 0, 0
1682023116.0928636, -3.2, 2.837591e-06, 2.599589e-06, 4.387801e-06, 34.98273, 0, 0, 0
1682023124.5152085, 3.2, -3.596602e-06, 2.745756e-06, 4.964558e-06, 136.1078, 0, 0, 0
1682023132.7334363, -3.2, 4.299907e-06, 3.038088e-06, 5.555164e-06, 37.16617, 0, 0, 0
1682023140.880103, 3.2, -3.889066e-06, 3.038088e-06, 3.96955e-06, 134.7365, 0, 0, 0
1682023149.3604372, -3.2, 3.422517e-06, 2.599589e-06, 4.261508e-06, 39.01944, 0, 0, 0
1682023157.7286332, 3.2, -4.912687e-06, 3.038088e-06, 6.026904e-06, 147.122, 0, 0, 0
1682023165.9841268, -3.2, 2.398896e-06, 2.891922e-06, 3.743908e-06, 39.96534, 0, 0, 0
1682023172.0514274, 3.2, -4.620224e-06, 2.891922e-06, 6.014688e-06, 150.9439, 0, 0, 0
