t,i,x,y,r,theta,xK,tc, therm
1680207701.316227, 3.2, 0.0001813969, -7.622339e-05, 0.0001873844, 344.2643, 0, 0, 0
1680207707.7977278, -3.2, 0.0001667738, -7.622339e-05, 0.0001732673, 333.3904, 0, 0, 0
1680207714.2993546, 3.2, 0.0001813969, -9.084001e-05, 0.0002160458, 333.3992, 0, 0, 0
1680207720.788945, -3.2, 0.0001667738, -7.622339e-05, 0.0001777889, 337.9567, 0, 0, 0
1680207727.282761, 3.2, 0.0001813969, -7.622339e-05, 0.0001777889, 341.2413, 0, 0, 0
1680207733.7419617, -3.2, 0.0001521506, -6.160676e-05, 0.0001833671, 344.2643, 0, 0, 0
1680207740.2316508, 3.2, 0.0001960201, -6.160676e-05, 0.0002103185, 338.7512, 0, 0, 0
1680207746.69925, -3.2, 0.0002106433, -7.622339e-05, 0.0002240102, 343.6974, 0, 0, 0
1680207753.192127, 3.2, 0.0002106433, -4.699014e-05, 0.0002378129, 341.3057, 0, 0, 0
1680207759.6879263, -3.2, 0.0002398896, -7.622339e-05, 0.0002517082, 342.3727, 0, 0, 0
1680207766.1578672, 3.2, 0.0002837591, -6.160676e-05, 0.0002938184, 346.3929, 0, 0, 0
1680207772.6284432, -3.2, 0.0001667738, -6.160676e-05, 0.0001701758, 342.8372, 0, 0, 0
1680207779.1284978, 3.2, 0.0002398896, -7.622339e-05, 0.000247674, 344.7045, 0, 0, 0
1680207785.616249, -3.2, 0.0001960201, -6.160676e-05, 0.0002103185, 338.7512, 0, 0, 0
1680207792.0914462, 3.2, 0.0002398896, -6.160676e-05, 0.000247674, 344.7045, 0, 0, 0
1680207798.5603416, -3.2, 0.0001960201, -7.622339e-05, 0.0002103185, 335.136, 0, 0, 0
1680207805.0557249, 3.2, 0.0002252664, -7.622339e-05, 0.0002293959, 343.6974, 0, 0, 0
1680207811.5269558, -3.2, 0.0001813969, -7.622339e-05, 0.0001967609, 341.2413, 0, 0, 0
1680207818.0130587, 3.2, 0.0001813969, -7.622339e-05, 0.0001915731, 337.2078, 0, 0, 0
1680207824.4883654, -3.2, 0.0001521506, -6.160676e-05, 0.0001592416, 333.3904, 0, 0, 0
1680207830.9940195, 3.2, 0.0001667738, -6.160676e-05, 0.0001915731, 339.7256, 0, 0, 0
1680207837.4623091, -3.2, 0.0001521506, -6.160676e-05, 0.0002028713, 337.9567, 0, 0, 0
1680207843.9313815, 3.2, 0.0001375274, -6.160676e-05, 0.000157238, 335.8695, 0, 0, 0
1680207850.416777, -3.2, 0.0001375274, -7.622339e-05, 0.0001315809, 331.003, 0, 0, 0
1680207856.9411657, 3.2, 0.0001521506, -7.622339e-05, 0.0001833671, 333.3904, 0, 0, 0
1680207863.4400487, -3.2, 0.0001375274, -6.160676e-05, 0.0001506956, 328.1934, 0, 0, 0
1680207869.8931837, 3.2, 0.0001521506, -6.160676e-05, 0.0001641499, 331.4233, 0, 0, 0
1680207876.3786154, -3.2, 0.0001960201, -7.622339e-05, 0.0002054733, 337.2078, 0, 0, 0
1680207882.8275292, 3.2, 0.0001813969, -6.160676e-05, 0.0001915731, 331.4233, 0, 0, 0
1680207889.2829127, -3.2, 0.0001375274, -7.622339e-05, 0.0001446218, 335.8695, 0, 0, 0
1680207895.773355, 3.2, 0.0001667738, -7.622339e-05, 0.0001701758, 333.3904, 0, 0, 0
1680207902.2465532, -3.2, 0.0001375274, -6.160676e-05, 0.0001772053, 331.003, 0, 0, 0
1680207908.715846, 3.2, 0.0001229043, -9.084001e-05, 0.0001528312, 328.1934, 0, 0, 0
1680207915.1818852, -3.2, 9.365791e-05, -7.622339e-05, 0.0001207552, 320.8596, 0, 0, 0
1680207921.676382, 3.2, 0.0001082811, -7.622339e-05, 0.0001528312, 320.0058, 0, 0, 0
1680207928.169972, -3.2, 0.0001082811, -7.622339e-05, 0.0001374804, 331.003, 0, 0, 0
1680207934.6336424, 3.2, 0.0001813969, -7.622339e-05, 0.0001973185, 337.2078, 0, 0, 0
1680207941.118902, -3.2, 0.0001667738, -7.622339e-05, 0.0001967609, 333.3904, 0, 0, 0
1680207947.6079512, 3.2, 0.0001813969, -7.622339e-05, 0.0002028713, 335.136, 0, 0, 0
1680207954.0909173, -3.2, 0.0001521506, -7.622339e-05, 0.0001701758, 339.7256, 0, 0, 0
1680207960.5687413, 3.2, 0.0001813969, -7.622339e-05, 0.0002103185, 335.136, 0, 0, 0
1680207967.0544064, -3.2, 0.0001667738, -9.084001e-05, 0.0001833671, 331.4233, 0, 0, 0
1680207973.5132136, 3.2, 0.0001813969, -7.622339e-05, 0.0002098236, 337.2078, 0, 0, 0
1680207979.9920352, -3.2, 0.0001667738, -7.622339e-05, 0.0001833671, 337.9567, 0, 0, 0
1680207986.4772692, 3.2, 0.0001667738, -0.0001054566, 0.0002098236, 335.136, 0, 0, 0
1680207992.94945, -3.2, 0.0001960201, -7.622339e-05, 0.0002103185, 333.3992, 0, 0, 0
1680207999.4273148, 3.2, 0.0002252664, -7.622339e-05, 0.0002240102, 341.3057, 0, 0, 0
1680208005.901553, -3.2, 0.0001960201, -0.0001054566, 0.0002103185, 329.8281, 0, 0, 0
1680208012.3887908, 3.2, 0.0001960201, -9.084001e-05, 0.0002160458, 338.7512, 0, 0, 0
1680208018.8710139, -3.2, 0.0001813969, -9.084001e-05, 0.0002428927, 336.6718, 0, 0, 0
1680208025.3497124, 3.2, 0.0002252664, -9.084001e-05, 0.0002378129, 336.6718, 0, 0, 0
1680208031.837402, -3.2, 0.0001960201, -7.622339e-05, 0.0002293959, 336.6718, 0, 0, 0
1680208038.343439, 3.2, 0.0002106433, -7.622339e-05, 0.0002487289, 333.4056, 0, 0, 0
1680208044.8257446, -3.2, 0.0001521506, -7.622339e-05, 0.000185124, 333.3904, 0, 0, 0
1680208051.3016388, 3.2, 0.0001813969, -0.0001054566, 0.0002028713, 327.6935, 0, 0, 0
1680208057.776818, -3.2, 0.0001813969, -9.084001e-05, 0.0002028713, 337.2078, 0, 0, 0
1680208064.2534375, 3.2, 0.0002106433, -0.0001054566, 0.0002293959, 331.7202, 0, 0, 0
1680208070.7227395, -3.2, 0.0001521506, -7.622339e-05, 0.0001701758, 333.3904, 0, 0, 0
1680208077.2196443, 3.2, 0.0001813969, -7.622339e-05, 0.0002378129, 338.038, 0, 0, 0
1680208083.7009661, -3.2, -0.002070571, 0.0008738571, 0.002342064, 157.702, 0, 0, 0
1680208090.1603956, 3.2, -0.002275295, 0.000917707, 0.002458901, 157.4569, 0, 0, 0
1680208096.6656063, -3.2, -0.002289918, 0.0009761734, 0.002489305, 156.9118, 0, 0, 0
1680208103.147936, 3.2, -0.002202179, 0.001005407, 0.002428143, 155.6038, 0, 0, 0
1680208109.6365063, -3.2, -0.002246049, 0.001020023, 0.002466816, 154.96, 0, 0, 0
1680208116.1141233, 3.2, -0.002260672, 0.00103464, 0.002511731, 154.7983, 0, 0, 0
1680208122.5976465, -3.2, -0.002319165, 0.00107849, 0.002531179, 154.639, 0, 0, 0
1680208129.0694427, 3.2, -0.002275295, 0.001049257, 0.002492303, 155.4079, 0, 0, 0
1680208135.5650146, -3.2, -0.002333788, 0.001005407, 0.002533569, 156.6934, 0, 0, 0
1680208142.0550363, 3.2, -0.002289918, 0.0009469402, 0.002450986, 157.7182, 0, 0, 0
1680208148.549369, -3.2, -0.002260672, 0.000917707, 0.002439841, 157.7757, 0, 0, 0
1680208155.0365024, 3.2, -0.002231426, 0.0009030903, 0.002393697, 158.1595, 0, 0, 0
1680208161.5060704, -3.2, -0.002187556, 0.0008592405, 0.002361099, 158.3561, 0, 0, 0
1680208167.9819832, 3.2, -0.00211444, 0.0008446238, 0.002331314, 158.8882, 0, 0, 0
1680208174.4700923, -3.2, -0.002216802, 0.0008738571, 0.002363871, 158.8135, 0, 0, 0
1680208180.9672394, 3.2, -0.002202179, 0.0008300072, 0.002367092, 159.1426, 0, 0, 0
1680208187.4252155, -3.2, -0.002216802, 0.0008446238, 0.002391141, 158.7408, 0, 0, 0
1680208193.9143002, 3.2, -0.002187556, 0.0008446238, 0.002353403, 159.2221, 0, 0, 0
1680208200.3990083, -3.2, -0.002216802, 0.0008300072, 0.002369223, 158.4858, 0, 0, 0
1680208206.8905764, 3.2, -0.002216802, 0.000917707, 0.002339631, 157.4318, 0, 0, 0
1680208213.3674932, -3.2, -0.002231426, 0.0009615568, 0.002462428, 156.9579, 0, 0, 0
1680208219.8519707, 3.2, -0.002275295, 0.001005407, 0.00247586, 156.2957, 0, 0, 0
1680208226.3270795, -3.2, -0.002363034, 0.00107849, 0.002584216, 155.9252, 0, 0, 0
1680208232.8133671, 3.2, -0.002363034, 0.001093106, 0.002603615, 155.1754, 0, 0, 0
1680208239.2950752, -3.2, -0.00239228, 0.00116619, 0.002680949, 153.308, 0, 0, 0
1680208245.779897, 3.2, -0.002377657, 0.001224656, 0.002700971, 152.3392, 0, 0, 0
1680208252.2613454, -3.2, -0.002406904, 0.001326972, 0.002793949, 151.8315, 0, 0, 0
1680208258.7545867, 3.2, -0.002421527, 0.001326972, 0.0028138, 151.5666, 0, 0, 0
1680208265.2349393, -3.2, -0.002523889, 0.001356206, 0.002878079, 152.1438, 0, 0, 0
1680208271.7317398, 3.2, -0.002465396, 0.001326972, 0.002799827, 151.185, 0, 0, 0
1680208278.2372804, -3.2, -0.002465396, 0.001356206, 0.002865189, 151.6097, 0, 0, 0
1680208284.7169726, 3.2, -0.002538512, 0.001341589, 0.00287122, 152.0068, 0, 0, 0
1680208291.211078, -3.2, -0.002567758, 0.001356206, 0.002878079, 152.0231, 0, 0, 0
1680208297.7103312, 3.2, -0.002509266, 0.001356206, 0.002852316, 151.4919, 0, 0, 0
1680208304.1819675, -3.2, -0.002465396, 0.001385439, 0.002808103, 150.8105, 0, 0, 0
1680208310.67457, 3.2, -0.00243615, 0.001341589, 0.002788211, 151.0408, 0, 0, 0
1680208317.1691215, -3.2, -0.002450773, 0.001356206, 0.002800997, 151.303, 0, 0, 0
1680208323.6611283, 3.2, -0.002450773, 0.001341589, 0.002781131, 151.6886, 0, 0, 0
1680208330.1472814, -3.2, -0.002480019, 0.001326972, 0.002825615, 151.8503, 0, 0, 0
1680208336.6160882, 3.2, -0.002480019, 0.001312356, 0.002760245, 151.9732, 0, 0, 0
1680208343.1209135, -3.2, -0.002523889, 0.001326972, 0.002851468, 152.2662, 0, 0, 0
1680208349.6095133, 3.2, -0.002509266, 0.001312356, 0.002812004, 152.3902, 0, 0, 0
1680208356.1055224, -3.2, -0.002582381, 0.001312356, 0.002857677, 152.9289, 0, 0, 0
1680208362.5909042, 3.2, -0.002553135, 0.001283123, 0.002857429, 153.3174, 0, 0, 0
1680208369.0939791, -3.2, -0.002509266, 0.001283123, 0.002812004, 152.9169, 0, 0, 0
1680208375.5617168, 3.2, -0.002480019, 0.001297739, 0.002805289, 153.3144, 0, 0, 0
1680208382.0331526, -3.2, -0.002494643, 0.001283123, 0.0028183, 152.6529, 0, 0, 0
1680208388.5025482, 3.2, -0.002450773, 0.001239273, 0.00275281, 152.9043, 0, 0, 0
1680208394.9718935, -3.2, -0.002421527, 0.00116619, 0.002707236, 154.4194, 0, 0, 0
1680208401.4380915, 3.2, -0.00239228, 0.001136956, 0.002635512, 154.4314, 0, 0, 0
1680208407.9006476, -3.2, -0.00239228, 0.001136956, 0.002602822, 154.3058, 0, 0, 0
1680208414.3641756, 3.2, -0.002363034, 0.001107723, 0.002596552, 154.8841, 0, 0, 0
1680208420.8494859, -3.2, -0.00239228, 0.00112234, 0.002629239, 154.2952, 0, 0, 0
1680208427.3337562, 3.2, -0.002363034, 0.001107723, 0.002623033, 155.0197, 0, 0, 0
1680208433.826957, -3.2, -0.002377657, 0.00112234, 0.002636296, 154.8663, 0, 0, 0
1680208440.3012173, 3.2, -0.002377657, 0.001107723, 0.002635512, 154.5801, 0, 0, 0
1680208446.7816806, -3.2, -0.002421527, 0.001136956, 0.002648712, 153.8678, 0, 0, 0
1680208453.2604084, 3.2, -0.002406904, 0.001151573, 0.002661391, 154.1489, 0, 0, 0
1680208459.7490573, -3.2, -0.00243615, 0.001180806, 0.002720114, 153.8578, 0, 0, 0
1680208466.2345016, 3.2, -0.00243615, 0.001224656, 0.002693952, 153.588, 0, 0, 0
1680208472.6994228, -3.2, -0.002377657, 0.001210039, 0.0026482, 153.0275, 0, 0, 0
1680208479.1840396, 3.2, -0.002333788, 0.001151573, 0.002582865, 153.8839, 0, 0, 0
1680208485.687045, -3.2, -0.002319165, 0.00112234, 0.002590351, 154.7472, 0, 0, 0
1680208492.1715002, 3.2, -0.002289918, 0.00103464, 0.002505575, 155.2431, 0, 0, 0
1680208498.6669838, -3.2, -0.002289918, 0.00103464, 0.002492303, 155.4079, 0, 0, 0
1680208505.1327085, 3.2, -0.002246049, 0.001005407, 0.002447468, 155.7452, 0, 0, 0
1680208511.6152472, -3.2, -0.002231426, 0.0009761734, 0.00244901, 156.3722, 0, 0, 0
1680208518.1233895, 3.2, -0.002202179, 0.0009761734, 0.002389559, 155.9517, 0, 0, 0
1680208524.6022143, -3.2, -0.002202179, 0.0009469402, 0.002370302, 156.9166, 0, 0, 0
1680208531.078038, 3.2, -0.002143687, 0.0009030903, 0.002353128, 157.1553, 0, 0, 0
1680208537.585292, -3.2, -0.00215831, 0.0008592405, 0.002301421, 157.8221, 0, 0, 0
1680208544.0419543, 3.2, -0.002099817, 0.0008153906, 0.002257907, 158.778, 0, 0, 0
1680208550.5273602, -3.2, -0.002085194, 0.0007861573, 0.00222847, 159.2091, 0, 0, 0
1680208557.0227017, 3.2, -0.002041324, 0.0007423075, 0.002153381, 159.6552, 0, 0, 0
1680208563.4908829, -3.2, -0.002041324, 0.0007423075, 0.002172102, 160.6161, 0, 0, 0
1680208569.9775612, 3.2, -0.001982832, 0.0006984576, 0.002097441, 161.101, 0, 0, 0
1680208576.4393969, -3.2, -0.001982832, 0.000683841, 0.002097441, 160.8405, 0, 0, 0
1680208582.9394903, 3.2, -0.001953585, 0.0006692244, 0.002083623, 161.73, 0, 0, 0
1680208589.4335442, -3.2, -0.001968208, 0.0006546077, 0.002078871, 161.0905, 0, 0, 0
1680208595.9344504, 3.2, -0.001968208, 0.0006546077, 0.002046481, 161.475, 0, 0, 0
1680208602.4011025, -3.2, -0.001982832, 0.0006692244, 0.002092721, 160.9716, 0, 0, 0
1680208608.8966107, 3.2, -0.001968208, 0.0006399911, 0.002065032, 161.475, 0, 0, 0
1680208615.3731396, -3.2, -0.001968208, 0.0006546077, 0.002074212, 161.6033, 0, 0, 0
1680208621.8964338, 3.2, -0.001953585, 0.0006399911, 0.002032632, 161.604, 0, 0, 0
1680208628.3826666, -3.2, -0.002026701, 0.0006984576, 0.002158365, 160.2492, 0, 0, 0
1680208634.8578696, 3.2, -0.001968208, 0.0006984576, 0.002134698, 160.7266, 0, 0, 0
1680208641.3368669, -3.2, -0.001997455, 0.0007130742, 0.00211605, 160.2202, 0, 0, 0
1680208647.8206668, 3.2, -0.001982832, 0.0006984576, 0.002102252, 160.595, 0, 0, 0
1680208654.3010006, -3.2, -0.002026701, 0.0007276909, 0.002148486, 160.2492, 0, 0, 0
1680208660.7663214, 3.2, -0.001997455, 0.0007276909, 0.002134698, 159.6136, 0, 0, 0
1680208667.2498364, -3.2, -0.002041324, 0.0007276909, 0.00216715, 160.3799, 0, 0, 0
1680208673.7470589, 3.2, -0.002026701, 0.0007276909, 0.002144639, 160.2492, 0, 0, 0
1680208680.2149732, -3.2, -0.002055947, 0.0007569241, 0.00218585, 159.5635, 0, 0, 0
1680208686.6877778, 3.2, -0.002041324, 0.0007276909, 0.00218585, 159.6552, 0, 0, 0
1680208693.151131, -3.2, -0.002085194, 0.0007569241, 0.002218325, 159.9194, 0, 0, 0
1680208699.608901, 3.2, -0.002085194, 0.0007423075, 0.002218325, 160.4048, 0, 0, 0
1680208706.0704863, -3.2, -0.002099817, 0.0007569241, 0.002232077, 160.1772, 0, 0, 0
1680208712.5220802, 3.2, -0.002085194, 0.0007276909, 0.002213381, 160.4048, 0, 0, 0
1680208719.002576, -3.2, -0.002085194, 0.0007569241, 0.002218325, 159.9194, 0, 0, 0
1680208725.4706535, 3.2, -0.002055947, 0.0007569241, 0.00218585, 160.1477, 0, 0, 0
1680208731.956545, -3.2, -0.002085194, 0.0007569241, 0.002218325, 160.4048, 0, 0, 0
1680208738.4339619, 3.2, -0.002070571, 0.0007276909, 0.00218093, 160.277, 0, 0, 0
1680208744.9059076, -3.2, -0.002055947, 0.0007276909, 0.00219961, 160.277, 0, 0, 0
1680208751.393493, 3.2, -0.002055947, 0.0007423075, 0.002204586, 160.0491, 0, 0, 0
1680208757.8779993, -3.2, -0.002099817, 0.0007861573, 0.002255859, 159.4744, 0, 0, 0
1680208764.382118, 3.2, -0.00211444, 0.000800774, 0.002252575, 159.2575, 0, 0, 0
1680208770.8752859, -3.2, -0.002172933, 0.0008446238, 0.002331314, 158.8882, 0, 0, 0
1680208777.3573122, 3.2, -0.002172933, 0.0008738571, 0.00233665, 158.6278, 0, 0, 0
1680208783.8620458, -3.2, -0.002202179, 0.0009030903, 0.002388221, 157.702, 0, 0, 0
1680208790.3617475, 3.2, -0.002216802, 0.0009030903, 0.002393697, 157.9661, 0, 0, 0
1680208796.8537185, -3.2, -0.002260672, 0.0009323236, 0.002445376, 157.7182, 0, 0, 0
1680208803.335657, 3.2, -0.002246049, 0.0009323236, 0.002426298, 157.4569, 0, 0, 0
1680208809.834621, -3.2, -0.002275295, 0.0009323236, 0.002445376, 157.7757, 0, 0, 0
1680208816.3332877, 3.2, -0.002216802, 0.0008884737, 0.002388221, 158.2249, 0, 0, 0
1680208822.8220754, -3.2, -0.002172933, 0.0008592405, 0.00233665, 158.8882, 0, 0, 0
1680208829.3245215, 3.2, -0.00211444, 0.0007861573, 0.002260994, 159.2575, 0, 0, 0
1680208835.813625, -3.2, -0.00211444, 0.0007715407, 0.002209646, 160.4048, 0, 0, 0
1680208842.294597, 3.2, -0.002041324, 0.0007130742, 0.002148486, 160.2492, 0, 0, 0
1680208848.7935386, -3.2, -0.002012078, 0.0007276909, 0.002148486, 160.1169, 0, 0, 0
1680208855.3255107, 3.2, -0.002012078, 0.0006984576, 0.00212986, 160.7266, 0, 0, 0
1680208861.8245564, -3.2, -0.002012078, 0.0006984576, 0.002134698, 161.2287, 0, 0, 0
1680208868.3397677, 3.2, -0.001982832, 0.0006984576, 0.00212092, 160.7266, 0, 0, 0
1680208874.8803177, -3.2, -0.001997455, 0.0006984576, 0.00211605, 160.3539, 0, 0, 0
1680208881.353567, 3.2, -0.001997455, 0.000683841, 0.002097441, 160.7266, 0, 0, 0
1680208887.836155, -3.2, -0.001997455, 0.0007130742, 0.00212986, 160.3539, 0, 0, 0
1680208894.3411107, 3.2, -0.001982832, 0.000683841, 0.00211605, 161.101, 0, 0, 0
1680208900.8336453, -3.2, -0.001997455, 0.0007130742, 0.00212986, 160.8564, 0, 0, 0
1680208907.332219, 3.2, -0.002012078, 0.000683841, 0.002125111, 161.2287, 0, 0, 0
1680208913.820895, -3.2, -0.002012078, 0.0006984576, 0.002125111, 160.6161, 0, 0, 0
1680208920.313178, 3.2, -0.001997455, 0.0006399911, 0.002088093, 161.73, 0, 0, 0
1680208926.8014379, -3.2, -0.001909716, 0.0006253745, 0.002018937, 161.604, 0, 0, 0
1680208933.260636, 3.2, -0.00188047, 0.0005815246, 0.001936082, 162.6894, 0, 0, 0
1680208939.7592728, -3.2, -0.00188047, 0.0005815246, 0.001954368, 162.2812, 0, 0, 0
1680208946.2474933, 3.2, -0.001851223, 0.0005522914, 0.001903845, 163.3881, 0, 0, 0
1680208952.7400613, -3.2, -0.001865846, 0.000566908, 0.001936082, 163.0994, 0, 0, 0
1680208959.2387998, 3.2, -0.001865846, 0.0005522914, 0.001950069, 163.3881, 0, 0, 0
1680208965.7202797, -3.2, -0.001909716, 0.0005815246, 0.001968333, 162.9409, 0, 0, 0
1680208972.21958, 3.2, -0.00188047, 0.000566908, 0.001959896, 163.0994, 0, 0, 0
1680208978.718339, -3.2, -0.001895093, 0.0005815246, 0.001982309, 162.9409, 0, 0, 0
1680208985.250387, 3.2, -0.001865846, 0.000566908, 0.001954368, 163.0994, 0, 0, 0
1680208991.7760763, -3.2, -0.001865846, 0.0005522914, 0.001964065, 163.2234, 0, 0, 0
1680208998.2480986, 3.2, -0.001851223, 0.0005522914, 0.001909631, 163.8044, 0, 0, 0
1680209004.7468495, -3.2, -0.001851223, 0.0005376747, 0.00194587, 163.3881, 0, 0, 0
1680209011.248468, 3.2, -0.0018366, 0.0005376747, 0.001913686, 163.5584, 0, 0, 0
1680209017.7440734, -3.2, -0.001821977, 0.0005230581, 0.001899656, 164.4077, 0, 0, 0
1680209024.209452, 3.2, -0.001792731, 0.0005084415, 0.001835317, 163.4794, 0, 0, 0
1680209030.741774, -3.2, -0.001763484, 0.0005084415, 0.00183942, 163.4794, 0, 0, 0
1680209037.2405555, 3.2, -0.001734238, 0.0004938249, 0.001803176, 164.5533, 0, 0, 0
1680209043.7393653, -3.2, -0.001734238, 0.0005084415, 0.001831322, 164.2319, 0, 0, 0
1680209050.2378368, 3.2, -0.001704992, 0.0004938249, 0.001775066, 164.0412, 0, 0, 0
1680209056.7350016, -3.2, -0.001719615, 0.0004645917, 0.001799228, 163.8471, 0, 0, 0
1680209063.2185311, 3.2, -0.001719615, 0.0004792082, 0.001771055, 164.6319, 0, 0, 0
1680209069.6906774, -3.2, -0.001704992, 0.0004792082, 0.001789117, 164.4283, 0, 0, 0
1680209076.199748, 3.2, -0.001690368, 0.0004645917, 0.001742918, 164.5042, 0, 0, 0
1680209082.6815894, -3.2, -0.001690368, 0.0004645917, 0.001753052, 164.6319, 0, 0, 0
1680209089.1537926, 3.2, -0.001675745, 0.0004645917, 0.001738956, 164.5042, 0, 0, 0
1680209095.6624408, -3.2, -0.001690368, 0.0004645917, 0.001781269, 164.4283, 0, 0, 0
1680209102.144608, 3.2, -0.001646499, 0.000449975, 0.001692778, 164.7148, 0, 0, 0
1680209108.6162114, -3.2, -0.001661122, 0.000449975, 0.001724869, 164.0412, 0, 0, 0
1680209115.0920756, 3.2, -0.001646499, 0.000449975, 0.001706879, 164.8431, 0, 0, 0
1680209121.557273, -3.2, -0.001646499, 0.0004645917, 0.001728863, 164.3745, 0, 0, 0
1680209128.0385373, 3.2, -0.001631876, 0.000449975, 0.001692778, 165.0623, 0, 0, 0
1680209134.546033, -3.2, -0.001646499, 0.000449975, 0.001703084, 164.7148, 0, 0, 0
1680209141.0201962, 3.2, -0.001631876, 0.0002745755, 0.0006924404, 163.5586, 0, 0, 0
1680209147.4855719, -3.2, -0.0001403127, 0.01309335, 0.01328411, 90.60121, 0, 0, 0
1680209153.9849327, 3.2, -0.0001403127, 0.01351724, 0.0135472, 90.65527, 0, 0, 0
1680209160.4725134, -3.2, -0.0001256896, 0.01353185, 0.0135472, 229.9086, 0, 0, 0
1680209166.9381747, 3.2, -0.0001953585, 1.299795e-05, 0.00030786, 184.4812, 0, 0, 0
1680209173.4166336, -3.2, -0.0001949233, 6.196363e-05, 7.558156e-05, 6.834418, 0, 0, 0
1680209179.902439, 3.2, -2.821923e-05, 4.661618e-05, 5.464851e-05, 123.7487, 0, 0, 0
1680209186.3846176, -3.2, -1.578954e-05, 3.419205e-05, 3.870326e-05, 109.8409, 0, 0, 0
1680209192.8769023, 3.2, -4.211123e-05, 3.492288e-05, 5.641378e-05, 142.3409, 0, 0, 0
1680209199.3644276, -3.2, -2.602575e-05, 2.980706e-05, 3.951404e-05, 130.0565, 0, 0, 0
1680209205.8570604, 3.2, -4.430471e-05, 3.053789e-05, 5.422767e-05, 145.6585, 0, 0, 0
1680209212.3627887, -3.2, -2.675691e-05, 3.199956e-05, 3.909319e-05, 127.7764, 0, 0, 0
1680209218.8615098, 3.2, -4.28424e-05, 3.273039e-05, 5.493913e-05, 141.407, 0, 0, 0
1680209225.3567853, -3.2, -1.652069e-05, 3.053789e-05, 3.581596e-05, 121.286, 0, 0, 0
1680209231.8579473, 3.2, -3.772429e-05, 3.857704e-05, 6.097531e-05, 150.6068, 0, 0, 0
1680209238.3679705, -3.2, -3.699313e-05, 2.176792e-05, 4.092411e-05, 151.3191, 0, 0, 0
1680209244.8496373, 3.2, -5.746556e-05, 2.688374e-05, 6.33412e-05, 157.5167, 0, 0, 0
1680209251.3312507, -3.2, -4.649819e-05, 1.007462e-05, 4.245959e-05, 163.8806, 0, 0, 0
1680209257.8041923, 3.2, -5.892788e-05, 1.66521e-05, 6.003713e-05, 163.3695, 0, 0, 0
1680209264.2963595, -3.2, -3.699313e-05, 1.226712e-05, 3.921018e-05, 161.0205, 0, 0, 0
1680209270.8119726, 3.2, -6.112135e-05, 1.592127e-05, 6.209715e-05, 167.1923, 0, 0, 0
1680209277.3109097, -3.2, -8.817421e-05, -6.734494e-06, 8.979149e-05, 184.2966, 0, 0, 0
1680209283.8190227, 3.2, -0.0001210763, -1.570137e-07, 0.0001159583, 180.4651, 0, 0, 0
1680209290.2912412, -3.2, -9.987274e-05, -2.349507e-06, 0.0001028012, 179.6802, 0, 0, 0
1680209296.789832, 3.2, -0.0001283879, 5.738174e-07, 0.0001305827, 179.7577, 0, 0, 0
1680209303.257835, -3.2, -0.0001174205, 5.738174e-07, 0.0001188842, 180.4306, 0, 0, 0
1680209309.7441413, 3.2, -0.0001349683, 2.03548e-06, 0.0001393828, 179.4636, 0, 0, 0
1680209316.2278433, -3.2, -0.0001152271, -8.878449e-07, 0.0001166895, 180.0791, 0, 0, 0
1680209322.700623, 3.2, -0.0001415488, 4.227973e-06, 0.0001408811, 179.1587, 0, 0, 0
1680209329.169094, -3.2, -0.0001042597, -3.080338e-06, 0.0001057481, 180.8712, 0, 0, 0
1680209335.6454349, 3.2, -0.0001181517, 5.738174e-07, 0.0001232866, 179.7348, 0, 0, 0
1680209342.1310494, -3.2, -0.0001093778, -8.878449e-07, 0.0001137682, 180.4501, 0, 0, 0
1680209348.636018, 3.2, -0.000133506, -8.878449e-07, 0.0001364403, 180.3769, 0, 0, 0
1680209355.1450605, -3.2, -0.0001093778, -2.349507e-06, 0.000110134, 181.282, 0, 0, 0
1680209361.610285, 3.2, -0.000133506, -1.570137e-07, 0.000132045, 180.0697, 0, 0, 0
1680209368.094565, -3.2, -0.0001020662, -3.811169e-06, 0.0001035987, 181.3001, 0, 0, 0
1680209374.631404, 3.2, -0.0001408176, 5.738174e-07, 0.0001437423, 179.4929, 0, 0, 0
1680209381.0904102, -3.2, -0.0001261944, -2.349507e-06, 0.000126963, 181.3983, 0, 0, 0
1680209387.595801, 3.2, -0.0001495915, -1.570137e-07, 0.0001510549, 180.0596, 0, 0, 0
1680209394.1044936, -3.2, -0.0001327749, -1.618676e-06, 0.0001357092, 180.9973, 0, 0, 0
1680209400.590233, 3.2, -0.0001634835, -1.618676e-06, 0.0001664092, 179.5547, 0, 0, 0
1680209407.0687895, -3.2, -0.0001349683, -5.272832e-06, 0.0001299296, 182.6324, 0, 0, 0
1680209413.5489435, 3.2, -0.00016129, -8.878449e-07, 0.0001591139, 180.3198, 0, 0, 0
1680209420.0707018, -3.2, -0.0001415488, -4.542001e-06, 0.0001424065, 182.1224, 0, 0, 0
1680209426.5653768, 3.2, -0.0001634835, -1.618676e-06, 0.0001634915, 180.314, 0, 0, 0
1680209433.05292, -3.2, -0.0001422799, -3.811169e-06, 0.0001423524, 182.1556, 0, 0, 0
1680209439.5690002, 3.2, -0.0001678705, -2.349507e-06, 0.0001656794, 180.2991, 0, 0, 0
1680209446.1010187, -3.2, -0.0001422799, -3.811169e-06, 0.0001445237, 181.5503, 0, 0, 0
1680209452.6095436, 3.2, -0.0001671393, -1.618676e-06, 0.0001693351, 180.0527, 0, 0, 0
1680209459.120847, -3.2, -0.000147398, -4.542001e-06, 0.000140215, 182.4287, 0, 0, 0
1680209465.6083694, 3.2, -0.0001598277, -2.349507e-06, 0.0001612982, 180.575, 0, 0, 0
1680209472.089617, -3.2, -0.0001342372, -4.542001e-06, 0.0001313911, 182.5748, 0, 0, 0
1680209478.5875452, 3.2, -0.0001627524, -2.349507e-06, 0.0001635125, 181.0699, 0, 0, 0
1680209485.0868561, -3.2, -0.000147398, -5.272832e-06, 0.0001424756, 182.3676, 0, 0, 0
1680209491.56786, 3.2, -0.0001576342, -3.811169e-06, 0.0001540256, 181.4246, 0, 0, 0
1680209498.067871, -3.2, -0.0001371618, -4.542001e-06, 0.0001401601, 182.1783, 0, 0, 0
1680209504.5400927, 3.2, -0.000165677, -2.349507e-06, 0.0001700802, 181.0467, 0, 0, 0
1680209511.0290303, -3.2, -0.0001386241, -7.465325e-06, 0.0001431696, 182.4039, 0, 0, 0
1680209517.5369735, 3.2, -0.000170064, -1.618676e-06, 0.0001693351, 180.3017, 0, 0, 0
1680209524.0320616, -3.2, -0.0001444734, -4.542001e-06, 0.0001459855, 181.8191, 0, 0, 0
1680209530.537281, 3.2, -0.0001627524, -1.570137e-07, 0.0001613071, 180.8384, 0, 0, 0
1680209537.0090194, -3.2, -0.0001415488, -3.080338e-06, 0.0001416001, 181.2531, 0, 0, 0
1680209543.454798, 3.2, -0.0001539785, -1.570137e-07, 0.0001547107, 179.7865, 0, 0, 0
1680209549.9309182, -3.2, -0.000133506, -4.542001e-06, 0.0001320796, 181.6625, 0, 0, 0
1680209556.4078352, 3.2, -0.0001488603, -8.878449e-07, 0.0001466696, 180.3503, 0, 0, 0
1680209562.86381, -3.2, -0.0001276568, -3.811169e-06, 0.0001284961, 182.3926, 0, 0, 0
1680209569.3516486, 3.2, -0.0001598277, -3.080338e-06, 0.0001583737, 180.3183, 0, 0, 0
1680209575.8285775, -3.2, -0.0001327749, -4.542001e-06, 0.0001335833, 182.0033, 0, 0, 0
1680209582.3380823, 3.2, -0.0001561719, -1.570137e-07, 0.0001598287, 180.8579, 0, 0, 0
1680209588.8228416, -3.2, -0.0001408176, -8.196156e-06, 0.0001365968, 182.2742, 0, 0, 0
1680209595.287303, 3.2, -0.0001561719, -3.811169e-06, 0.0001591264, 181.4179, 0, 0, 0
1680209601.7970269, -3.2, -0.0001371618, -6.003663e-06, 0.0001351746, 182.7813, 0, 0, 0
1680209608.2992134, 3.2, -0.0001678705, -8.878449e-07, 0.0001671417, 180.5623, 0, 0, 0
1680209614.7834518, -3.2, -0.000133506, -5.272832e-06, 0.0001365062, 181.9171, 0, 0, 0
1680209621.2758932, 3.2, -0.000170064, -2.349507e-06, 0.0001635004, 180.8271, 0, 0, 0
1680209627.7584863, -3.2, -0.0001408176, -5.272832e-06, 0.0001409163, 182.1008, 0, 0, 0
1680209634.2728994, 3.2, -0.0001707951, -1.618676e-06, 0.0001729962, 180.5316, 0, 0, 0
1680209640.7640448, -3.2, -0.0001554408, -3.811169e-06, 0.0001562023, 181.3915, 0, 0, 0
1680209647.245311, 3.2, -0.0001759132, -8.878449e-07, 0.0001773756, 179.5697, 0, 0, 0
1680209653.7222402, -3.2, -0.0001590966, -5.272832e-06, 0.0001569688, 181.1195, 0, 0, 0
1680209660.2032142, 3.2, -0.0001810313, -2.349507e-06, 0.0001803074, 180.7527, 0, 0, 0
1680209666.6684475, -3.2, -0.0001590966, -4.542001e-06, 0.0001591614, 181.366, 0, 0, 0
1680209673.1645894, 3.2, -0.0001788378, -8.878449e-07, 0.000183227, 180.2799, 0, 0, 0
1680209679.6479447, -3.2, -0.0001583654, -5.272832e-06, 0.0001628378, 181.831, 0, 0, 0
1680209686.1198602, 3.2, -0.000183956, -8.878449e-07, 0.0001832249, 180.2776, 0, 0, 0
1680209692.61907, -3.2, -0.00016129, -4.542001e-06, 0.0001584792, 181.907, 0, 0, 0
1680209699.094398, 3.2, -0.0001766444, -1.618676e-06, 0.0001795954, 181.2411, 0, 0, 0
1680209705.6098025, -3.2, -0.0001642147, -3.811169e-06, 0.0001642775, 181.5635, 0, 0, 0
1680209712.0817819, 3.2, -0.0001868806, -1.570137e-07, 0.0001898061, 180.265, 0, 0, 0
1680209718.5838454, -3.2, -0.0001729886, -2.349507e-06, 0.0001700802, 180.0525, 0, 0, 0
1680209725.0709803, 3.2, -0.0001963856, 2.766311e-06, 0.0001956857, 179.1899, 0, 0, 0
1680209731.548611, -3.2, -0.0001649458, -1.618676e-06, 0.000168604, 180.8161, 0, 0, 0
1680209738.0334828, 3.2, -0.0001868806, 2.03548e-06, 0.0001905565, 179.1682, 0, 0, 0
1680209744.5184226, -3.2, -0.0001649458, -1.570137e-07, 0.0001664133, 179.5547, 0, 0, 0
1680209750.9957216, 3.2, -0.0001883429, 4.227973e-06, 0.0001876773, 178.0476, 0, 0, 0
1680209757.4660318, -3.2, -0.0001678705, 2.03548e-06, 0.0001664206, 179.0476, 0, 0, 0
1680209763.9437003, 3.2, -0.0001956545, 2.766311e-06, 0.0001934926, 179.1899, 0, 0, 0
1680209770.4231415, -3.2, -0.0001744509, 5.738174e-07, 0.0001707974, 180.2979, 0, 0, 0
1680209776.892468, 3.2, -0.0001905364, 2.03548e-06, 0.000191272, 179.6121, 0, 0, 0
1680209783.3842201, -3.2, -0.0001715263, 5.738174e-07, 0.0001737198, 180.2966, 0, 0, 0
1680209789.8612018, 3.2, -0.0001912675, 2.03548e-06, 0.0001898161, 179.3735, 0, 0, 0
1680209796.358845, -3.2, -0.000165677, -8.878449e-07, 0.0001642171, 180.8234, 0, 0, 0
1680209802.8747275, 3.2, -0.0001810313, 5.738174e-07, 0.0001854294, 179.3685, 0, 0, 0
1680209809.3628101, -3.2, -0.0001620212, -2.349507e-06, 0.000160567, 180.8308, 0, 0, 0
1680209815.8284566, 3.2, -0.0001510538, 2.542208e-05, 0.0001563077, 170.1877, 0, 0, 0
1680209822.3366876, -3.2, -0.0001159582, 2.103709e-05, 0.0001170027, 170.9379, 0, 0, 0
1680209828.8538373, 3.2, -0.0001415488, 2.176792e-05, 0.0001439355, 171.8362, 0, 0, 0
1680209835.3108861, -3.2, -0.0001181517, 1.88446e-05, 0.0001174795, 171.3367, 0, 0, 0
1680209841.79901, 3.2, -0.0001481292, 2.322958e-05, 0.0001543868, 171.5685, 0, 0, 0
1680209848.2893493, -3.2, -0.0001305814, 2.030626e-05, 0.0001343187, 171.5211, 0, 0, 0
1680209854.7771196, 3.2, -0.0002936297, 2.83454e-05, 0.0002882382, 175.2052, 0, 0, 0
1680209861.245392, -3.2, -0.0002877804, 2.322958e-05, 0.0002886586, 175.6852, 0, 0, 0
1680209867.7319865, 3.2, -0.000322876, 2.469124e-05, 0.0003166463, 175.5053, 0, 0, 0
1680209874.2244177, -3.2, -0.0003002101, 2.176792e-05, 0.0003040235, 175.7141, 0, 0, 0
1680209880.7234688, 3.2, -0.0003396927, 2.688374e-05, 0.0003312217, 175.4713, 0, 0, 0
1680209887.1616516, -3.2, -0.0003009413, 2.322958e-05, 0.0002981917, 175.5538, 0, 0, 0
1680209893.632939, 3.2, -0.0003265318, 2.980706e-05, 0.000324249, 175.0276, 0, 0, 0
1680209900.102161, -3.2, -0.0002980166, 2.469124e-05, 0.0003019525, 175.2291, 0, 0, 0
1680209906.5742416, 3.2, -0.0003345745, 2.907623e-05, 0.0003343788, 174.909, 0, 0, 0
1680209913.0455396, -3.2, -0.0003111775, 2.322958e-05, 0.0003091269, 175.9606, 0, 0, 0
1680209919.5125833, 3.2, -0.0003433485, 2.542208e-05, 0.0003442883, 175.7564, 0, 0, 0
1680209926.0102208, -3.2, -0.0003192202, 1.957543e-05, 0.0003199127, 176.7299, 0, 0, 0
1680209932.4922256, 3.2, -0.000341155, 2.249875e-05, 0.0003427247, 175.7744, 0, 0, 0
1680209939.0073097, -3.2, -0.000322876, 2.176792e-05, 0.000322831, 176.1343, 0, 0, 0
1680209945.4996, 3.2, -0.0003374992, 2.688374e-05, 0.0003400259, 175.3822, 0, 0, 0
1680209951.9953327, -3.2, -0.0003119087, 2.103709e-05, 0.0003111583, 176.2576, 0, 0, 0
1680209958.5000942, 3.2, -0.0003382303, 2.396041e-05, 0.0003354844, 175.8157, 0, 0, 0
1680209964.9661603, -3.2, -0.0003038659, 2.176792e-05, 0.0003096994, 176.1324, 0, 0, 0
1680209971.4524317, 3.2, -0.0003309188, 2.469124e-05, 0.0003296513, 175.9399, 0, 0, 0
1680209977.9367476, -3.2, -0.0002965543, 2.030626e-05, 0.0002994371, 175.972, 0, 0, 0
1680209984.4301064, 3.2, -0.0003177579, 2.249875e-05, 0.0003164183, 175.8092, 0, 0, 0
1680209990.9115763, -3.2, -0.0002965543, 1.957543e-05, 0.0002942815, 176.102, 0, 0, 0
1680209997.3897774, 3.2, -0.0003287253, 2.249875e-05, 0.0003324122, 175.7976, 0, 0, 0
1680210003.854247, -3.2, -0.0002775442, 1.519044e-05, 0.000276423, 176.6553, 0, 0, 0
1680210010.3605006, 3.2, -0.0003016724, 1.66521e-05, 0.0003043218, 176.9494, 0, 0, 0
1680210016.8466601, -3.2, -0.0002877804, 1.519044e-05, 0.0002837621, 176.9318, 0, 0, 0
1680210023.3219428, 3.2, -0.0003148333, 1.811376e-05, 0.0003147115, 176.5506, 0, 0, 0
1680210029.7986002, -3.2, -0.0002885116, 1.592127e-05, 0.0002939855, 177.1737, 0, 0, 0
1680210036.2600157, 3.2, -0.0003148333, 1.88446e-05, 0.0003153968, 176.3519, 0, 0, 0
1680210042.734329, -3.2, -0.0003016724, 1.592127e-05, 0.000292525, 177.3363, 0, 0, 0
1680210049.2200136, 3.2, -0.0003162956, 1.88446e-05, 0.0003140282, 176.5506, 0, 0, 0
1680210055.7066722, -3.2, -0.0002870493, 1.372878e-05, 0.0002851864, 177.4139, 0, 0, 0
1680210062.2011905, 3.2, -0.0003192202, 1.738293e-05, 0.0003240737, 176.6522, 0, 0, 0
1680210068.665764, -3.2, -0.000299479, 1.592127e-05, 0.0003042827, 177.1243, 0, 0, 0
1680210075.145109, 3.2, -0.0003199514, 1.66521e-05, 0.0003196543, 177.1447, 0, 0, 0
1680210081.632537, -3.2, -0.0003031348, 1.153628e-05, 0.0003055461, 177.8206, 0, 0, 0
1680210088.1027107, 3.2, -0.0003214137, 1.519044e-05, 0.000326885, 177.2023, 0, 0, 0
1680210094.598463, -3.2, -0.0003060594, 4.227973e-06, 0.0003061609, 178.1101, 0, 0, 0
1680210101.0994902, 3.2, 2.73488e-05, -0.001484475, 0.001484727, 270.999, 0, 0, 0
1680210107.5646884, -3.2, 2.296185e-05, -0.001484475, 0.001484688, 270.999, 0, 0, 0
1680210114.041106, 3.2, 2.807996e-05, -0.001484475, 0.00148545, 270.4911, 0, 0, 0
1680210120.5163753, -3.2, -0.00221245, 0.01433003, 0.01450205, 98.74379, 0, 0, 0
1680210126.9954731, 3.2, -0.002365994, 2.03548e-05, 0.002366081, 179.5086, 0, 0, 0
1680210133.4608865, -3.2, -0.002183204, 0.0002322958, 0.002161647, 172.0412, 0, 0, 0
1680210139.9654489, 3.2, -0.000216388, -0.0002281278, 0.0002936293, 234.9424, 0, 0, 0
1680210146.4340856, -3.2, -0.0002090764, 0.006553985, 0.006689036, 91.65695, 0, 0, 0
1680210152.892722, 3.2, -0.0001944533, -0.0003012109, 0.0004190136, 93.22762, 0, 0, 0
1680210159.3591487, -3.2, -0.0006843294, 0.01433734, 0.01436932, 90.39682, 0, 0, 0
1680210165.8179002, 3.2, -0.0002176063, 0.1245282, 0.1420781, 90.49444, 0, 0, 0
1680210172.3029027, -3.2, -0.002045502, -0.7422375, 0.7422403, 269.8421, 0, 0, 0
1680210178.7754588, 3.2, -0.002748807, -0.003012109, 0.003149777, 94.76662, 0, 0, 0
1680210185.260806, -3.2, -0.002480019, -0.0003539392, 0.002556686, 179.1019, 0, 0, 0
1680210191.7641454, 3.2, -0.002933337, -4.699014e-05, 0.002948138, 180.0614, 0, 0, 0
1680210198.2182727, -3.2, -0.002611628, 6.994284e-05, 0.002597324, 178.7931, 0, 0, 0
1680210204.7110002, 3.2, -0.003021077, 0.0001137927, 0.002993025, 178.6341, 0, 0, 0
1680210211.1954362, -3.2, -0.002377657, -0.0001200733, 0.002350778, 181.8362, 0, 0, 0
1680210217.6805382, 3.2, -0.003108816, 8.455946e-05, 0.003124222, 178.4492, 0, 0, 0
1680210224.1358266, -3.2, -0.002465396, -0.0001054566, 0.002540702, 183.7595, 0, 0, 0
1680210230.6321797, 3.2, -0.002845598, -0.0001493065, 0.002908714, 184.4917, 0, 0, 0
1680210237.112992, -3.2, -0.002333788, -0.0001639231, 0.00238234, 181.7814, 0, 0, 0
1680210243.5990326, 3.2, -0.002918714, -0.0001639231, 0.00292417, 182.9431, 0, 0, 0
