t,i,x,y,r,theta,xK,tc, therm
1681932491.5395591, 3.2, -9.841043e-05, -5.272832e-06, 9.709139e-05, 182.6623, 0, 0, 0
1681932497.9019225, -3.2, -9.256116e-05, -5.272832e-06, 9.340282e-05, 183.2604, 0, 0, 0
1681932504.0135653, 3.2, -0.0001013351, -5.272832e-06, 0.0001021672, 183.3906, 0, 0, 0
1681932510.1328523, -3.2, -9.183001e-05, -5.272832e-06, 9.271123e-05, 182.8093, 0, 0, 0
1681932516.246172, 3.2, -0.0001042597, -5.272832e-06, 0.0001043929, 182.9156, 0, 0, 0
1681932522.3598113, -3.2, -9.54858e-05, -6.003663e-06, 9.490123e-05, 183.5977, 0, 0, 0
1681932528.4845958, 3.2, -0.0001049909, -5.272832e-06, 0.0001051624, 182.4432, 0, 0, 0
1681932534.6047213, -3.2, -9.621695e-05, -5.272832e-06, 9.636133e-05, 182.6426, 0, 0, 0
1681932540.724666, 3.2, -0.0001064532, -5.272832e-06, 0.0001066223, 182.4265, 0, 0, 0
1681932546.8283954, -3.2, -9.54858e-05, -6.003663e-06, 9.709139e-05, 183.0899, 0, 0, 0
1681932552.9533632, 3.2, -0.000105722, -6.003663e-06, 0.0001065837, 183.2279, 0, 0, 0
1681932559.0727928, -3.2, -9.767927e-05, -5.272832e-06, 9.563127e-05, 182.6824, 0, 0, 0
1681932565.2259126, 3.2, -0.0001049909, -5.272832e-06, 0.0001051232, 182.8952, 0, 0, 0
1681932571.3608553, -3.2, -9.694811e-05, -6.003663e-06, 9.713383e-05, 183.1607, 0, 0, 0
1681932577.5111067, 3.2, -0.0001049909, -5.272832e-06, 0.0001051232, 183.2502, 0, 0, 0
1681932583.621015, -3.2, -9.694811e-05, -6.003663e-06, 9.640407e-05, 183.5436, 0, 0, 0
1681932589.745002, 3.2, -0.0001042597, -5.272832e-06, 0.0001043929, 183.3189, 0, 0, 0
1681932595.8955295, -3.2, -9.621695e-05, -5.272832e-06, 9.413312e-05, 183.6254, 0, 0, 0
1681932602.0558977, 3.2, -0.0001020662, -6.003663e-06, 0.0001036627, 182.9363, 0, 0, 0
1681932608.173721, -3.2, -9.475464e-05, -4.542001e-06, 9.421496e-05, 183.2349, 0, 0, 0
1681932614.3069572, 3.2, -0.0001013351, -5.272832e-06, 0.0001021672, 182.548, 0, 0, 0
1681932620.4571097, -3.2, -9.475464e-05, -5.272832e-06, 9.34853e-05, 183.2349, 0, 0, 0
1681932626.5845673, 3.2, -0.0001020662, -5.272832e-06, 0.0001014722, 182.9787, 0, 0, 0
1681932632.7544615, -3.2, -9.256116e-05, -5.272832e-06, 9.280582e-05, 183.2604, 0, 0, 0
1681932638.9261463, 3.2, -0.0001020662, -5.272832e-06, 0.000100742, 182.585, 0, 0, 0
1681932645.0917065, -3.2, -9.183001e-05, -5.272832e-06, 9.275566e-05, 183.2604, 0, 0, 0
1681932651.3020468, 3.2, -0.0001006039, -6.003663e-06, 0.000100053, 183.0002, 0, 0, 0
1681932657.4644513, -3.2, -9.183001e-05, -6.003663e-06, 9.129645e-05, 183.2863, 0, 0, 0
1681932663.6245887, 3.2, -9.987274e-05, -6.003663e-06, 0.0001022426, 183.3906, 0, 0, 0
1681932669.823644, -3.2, -9.109885e-05, -5.272832e-06, 9.202605e-05, 183.3394, 0, 0, 0
1681932676.0547464, 3.2, -9.987274e-05, -5.272832e-06, 0.0001007829, 183.0222, 0, 0, 0
1681932682.2498803, -3.2, -9.183001e-05, -4.542001e-06, 9.125131e-05, 183.3126, 0, 0, 0
1681932688.4391873, 3.2, -9.841043e-05, -5.272832e-06, 9.928171e-05, 183.0444, 0, 0, 0
1681932694.6318946, -3.2, -9.036768e-05, -5.272832e-06, 9.125131e-05, 183.3394, 0, 0, 0
1681932700.848988, 3.2, -9.767927e-05, -5.272832e-06, 9.928171e-05, 183.067, 0, 0, 0
1681932707.0209522, -3.2, -9.109885e-05, -6.003663e-06, 9.052138e-05, 182.8773, 0, 0, 0
1681932713.231208, 3.2, -9.914159e-05, -5.272832e-06, 9.713383e-05, 183.067, 0, 0, 0
1681932719.4286451, -3.2, -9.036768e-05, -5.272832e-06, 9.052138e-05, 183.3665, 0, 0, 0
1681932725.620713, 3.2, -9.767927e-05, -5.272832e-06, 9.851519e-05, 183.0444, 0, 0, 0
1681932731.8094382, -3.2, -8.890537e-05, -4.542001e-06, 8.975153e-05, 183.3942, 0, 0, 0
1681932738.0322113, 3.2, -9.767927e-05, -5.272832e-06, 9.78636e-05, 182.6623, 0, 0, 0
1681932744.3019211, -3.2, -9.109885e-05, -5.272832e-06, 9.125131e-05, 183.3394, 0, 0, 0
1681932750.5374165, 3.2, -9.987274e-05, -4.542001e-06, 0.000100053, 183.0222, 0, 0, 0
1681932756.8031642, -3.2, -9.183001e-05, -6.003663e-06, 9.056689e-05, 182.8316, 0, 0, 0
1681932763.037583, 3.2, -9.987274e-05, -5.272832e-06, 0.0001014368, 183.4152, 0, 0, 0
1681932769.2875662, -3.2, -9.036768e-05, -5.272832e-06, 9.125131e-05, 183.8318, 0, 0, 0
1681932775.5298018, 3.2, -9.987274e-05, -5.272832e-06, 0.0001000118, 183.4152, 0, 0, 0
1681932781.7405462, -3.2, -9.109885e-05, -5.272832e-06, 9.198126e-05, 183.3126, 0, 0, 0
1681932788.0011666, 3.2, -9.914159e-05, -4.542001e-06, 0.000100053, 182.6426, 0, 0, 0
1681932794.2392287, -3.2, -9.109885e-05, -5.272832e-06, 9.125131e-05, 183.7705, 0, 0, 0
1681932800.4755564, 3.2, -9.914159e-05, -5.272832e-06, 9.928171e-05, 183.067, 0, 0, 0
1681932806.7177234, -3.2, -9.183001e-05, -5.272832e-06, 9.198126e-05, 183.7406, 0, 0, 0
1681932812.9668753, 3.2, -9.914159e-05, -6.003663e-06, 9.855159e-05, 183.0444, 0, 0, 0
1681932819.2275462, -3.2, -9.109885e-05, -6.003663e-06, 9.052138e-05, 183.3126, 0, 0, 0
1681932825.4820704, 3.2, -9.987274e-05, -4.542001e-06, 9.851519e-05, 182.6426, 0, 0, 0
1681932831.7523496, -3.2, -9.036768e-05, -5.272832e-06, 9.198126e-05, 183.7406, 0, 0, 0
1681932838.0509336, 3.2, -9.841043e-05, -6.003663e-06, 9.855159e-05, 183.4911, 0, 0, 0
1681932844.3676593, -3.2, -8.963653e-05, -6.003663e-06, 8.979149e-05, 183.3394, 0, 0, 0
1681932850.6884224, 3.2, -9.914159e-05, -5.272832e-06, 9.859339e-05, 183.0899, 0, 0, 0
1681932856.9523335, -3.2, -4.352126e-07, -1.570137e-07, 1.039036e-06, 332.0518, 0, 0, 0
1681932863.224381, 3.2, 2.959457e-07, -8.878449e-07, 3.350182e-07, 29.191, 0, 0, 0
1681932869.5034335, -3.2, 2.959457e-07, 5.738174e-07, 9.358699e-07, 332.0518, 0, 0, 0
1681932875.7847514, 3.2, 1.027104e-06, -1.570137e-07, 6.456394e-07, 332.0518, 0, 0, 0
1681932882.0536783, -3.2, -4.352126e-07, 5.738174e-07, 1.337794e-06, 62.71762, 0, 0, 0
1681932888.3268406, 3.2, 2.959457e-07, 5.738174e-07, 1.039036e-06, 288.4348, 0, 0, 0
1681932894.626591, -3.2, 1.027104e-06, -1.570137e-07, 6.456394e-07, 29.191, 0, 0, 0
1681932900.903544, 3.2, 2.959457e-07, -1.570137e-07, 6.456394e-07, 332.0518, 0, 0, 0
1681932907.2358234, -3.2, 1.027104e-06, -8.878449e-07, 1.660437e-06, 199.8382, 0, 0, 0
1681932913.5443196, 3.2, 2.959457e-07, -1.570137e-07, 3.350182e-07, 62.71762, 0, 0, 0
1681932919.8155577, -3.2, 2.959457e-07, -1.570137e-07, 1.176524e-06, 29.191, 0, 0, 0
1681932926.1283383, 3.2, 2.959457e-07, -1.570137e-07, 7.201918e-07, 199.8382, 0, 0, 0
1681932932.433096, -3.2, -4.352126e-07, -1.570137e-07, 3.350182e-07, 62.71762, 0, 0, 0
1681932938.7585795, 3.2, -4.352126e-07, -1.570137e-07, 9.358699e-07, 332.0518, 0, 0, 0
1681932945.0421875, -3.2, 2.959457e-07, -8.878449e-07, 4.626697e-07, 62.71762, 0, 0, 0
1681932951.3420494, 3.2, -4.352126e-07, -1.570137e-07, 3.350182e-07, 332.0518, 0, 0, 0
1681932957.6671646, -3.2, 2.959457e-07, -1.570137e-07, 6.456394e-07, 62.71762, 0, 0, 0
1681932963.9788997, 3.2, 2.959457e-07, 5.738174e-07, 3.350182e-07, 29.191, 0, 0, 0
1681932970.3500628, -3.2, -4.352126e-07, 5.738174e-07, 3.350182e-07, 62.71762, 0, 0, 0
1681932976.6300817, 3.2, 2.959457e-07, -8.878449e-07, 1.337794e-06, 288.4348, 0, 0, 0
1681932982.9515057, -3.2, 2.959457e-07, -1.570137e-07, 3.350182e-07, 51.78788, 0, 0, 0
1681932989.2776213, 3.2, 2.959457e-07, 1.304649e-06, 1.337794e-06, 199.8382, 0, 0, 0
1681932995.6486244, -3.2, 2.959457e-07, -1.570137e-07, 6.456394e-07, 332.0518, 0, 0, 0
1681933001.9738274, 3.2, 2.959457e-07, -1.570137e-07, 1.039036e-06, 332.0518, 0, 0, 0
1681933008.2538748, -3.2, 2.959457e-07, -1.570137e-07, 6.456394e-07, 332.0518, 0, 0, 0
1681933014.5983243, 3.2, -4.352126e-07, -1.570137e-07, 1.176524e-06, 332.0518, 0, 0, 0
1681933020.9641356, -3.2, 1.027104e-06, 5.738174e-07, 9.358699e-07, 62.71762, 0, 0, 0
1681933027.3439183, 3.2, 2.959457e-07, -1.570137e-07, 3.350182e-07, 243.8864, 0, 0, 0
1681933033.7549758, -3.2, -4.352126e-07, 1.304649e-06, 3.350182e-07, 332.0518, 0, 0, 0
1681933040.1190217, 3.2, 1.027104e-06, 5.738174e-07, 1.176524e-06, 199.8382, 0, 0, 0
1681933046.4823005, -3.2, 2.959457e-07, 5.738174e-07, 9.887764e-07, 62.71762, 0, 0, 0
1681933052.8371222, 3.2, 2.959457e-07, -8.878449e-07, 6.456394e-07, 199.8382, 0, 0, 0
1681933059.2288966, -3.2, 2.959457e-07, -1.570137e-07, 6.456394e-07, 332.0518, 0, 0, 0
1681933065.59192, 3.2, 2.959457e-07, -1.570137e-07, 3.350182e-07, 332.0518, 0, 0, 0
1681933071.99067, -3.2, 2.959457e-07, -1.570137e-07, 3.350182e-07, 29.191, 0, 0, 0
1681933078.3422732, 3.2, 2.959457e-07, 5.738174e-07, 3.350182e-07, 29.191, 0, 0, 0
1681933084.7281308, -3.2, 2.959457e-07, 5.738174e-07, 3.350182e-07, 29.191, 0, 0, 0
1681933091.2622895, 3.2, -4.352126e-07, -1.570137e-07, 3.350182e-07, 62.71762, 0, 0, 0
1681933097.6103406, -3.2, 2.959457e-07, 5.738174e-07, 6.456394e-07, 332.0518, 0, 0, 0
1681933103.9623027, 3.2, 2.959457e-07, -1.570137e-07, 1.337794e-06, 199.8382, 0, 0, 0
1681933110.3860512, -3.2, -4.352126e-07, -1.570137e-07, 6.456394e-07, 351.3085, 0, 0, 0
1681933116.7659147, 3.2, 2.959457e-07, -1.570137e-07, 3.350182e-07, 29.191, 0, 0, 0
1681933123.1767995, -3.2, 1.027104e-06, -1.570137e-07, 6.456394e-07, 29.191, 0, 0, 0
1681933129.591861, 3.2, 1.027104e-06, -1.570137e-07, 3.350182e-07, 199.8382, 0, 0, 0
1681933136.0048587, -3.2, -4.352126e-07, 5.738174e-07, 6.456394e-07, 62.71762, 0, 0, 0
1681933142.4290514, 3.2, 1.027104e-06, -1.570137e-07, 3.350182e-07, 332.0518, 0, 0, 0
1681933148.8629508, -3.2, 2.959457e-07, -8.878449e-07, 6.456394e-07, 62.71762, 0, 0, 0
1681933155.3516803, 3.2, 2.959457e-07, 5.738174e-07, 4.626697e-07, 332.0518, 0, 0, 0
1681933161.8021028, -3.2, 2.959457e-07, 1.304649e-06, 1.337794e-06, 199.8382, 0, 0, 0
1681933168.2463858, 3.2, 2.959457e-07, 5.738174e-07, 3.350182e-07, 288.4348, 0, 0, 0
1681933174.6391966, -3.2, 1.027104e-06, 5.738174e-07, 3.350182e-07, 332.0518, 0, 0, 0
1681933181.0503953, 3.2, -4.352126e-07, -1.570137e-07, 3.350182e-07, 332.0518, 0, 0, 0
1681933187.5208778, -3.2, 1.027104e-06, 5.738174e-07, 6.456394e-07, 243.8864, 0, 0, 0
1681933193.947855, 3.2, 2.959457e-07, -1.570137e-07, 3.350182e-07, 77.21934, 0, 0, 0
1681933200.4079223, -3.2, 2.959457e-07, 5.738174e-07, 3.350182e-07, 332.0518, 0, 0, 0
1681933206.842936, 3.2, 1.027104e-06, 5.738174e-07, 6.456394e-07, 199.8382, 0, 0, 0
1681933213.4361796, -3.2, 1.027104e-06, -1.570137e-07, 6.456394e-07, 62.71762, 0, 0, 0
1681933219.8932846, 3.2, 2.959457e-07, -1.570137e-07, 9.358699e-07, 332.0518, 0, 0, 0
1681933226.3332708, -3.2, 2.959457e-07, -1.570137e-07, 6.456394e-07, 62.71762, 0, 0, 0
1681933232.7859147, 3.2, 2.959457e-07, -1.570137e-07, 1.176524e-06, 332.0518, 0, 0, 0
1681933239.235327, -3.2, -4.352126e-07, 1.304649e-06, 1.039036e-06, 127.1785, 0, 0, 0
1681933245.7033155, 3.2, 2.959457e-07, -1.570137e-07, 6.456394e-07, 77.21934, 0, 0, 0
1681933252.1985173, -3.2, 2.959457e-07, 5.738174e-07, 1.29988e-06, 332.0518, 0, 0, 0
1681933258.724886, 3.2, 2.959457e-07, -1.570137e-07, 4.626697e-07, 332.0518, 0, 0, 0
1681933265.180784, -3.2, 2.959457e-07, 5.738174e-07, 3.350182e-07, 332.0518, 0, 0, 0
1681933271.7432694, 3.2, 2.959457e-07, -1.570137e-07, 4.626697e-07, 332.0518, 0, 0, 0
1681933278.2029598, -3.2, 2.959457e-07, -1.570137e-07, 4.626697e-07, 332.0518, 0, 0, 0
1681933284.6659226, 3.2, 2.959457e-07, 5.738174e-07, 6.456394e-07, 62.71762, 0, 0, 0
1681933291.1767213, -3.2, 2.959457e-07, -1.570137e-07, 4.626697e-07, 199.8382, 0, 0, 0
1681933297.6545715, 3.2, 2.959457e-07, 5.738174e-07, 1.039036e-06, 62.71762, 0, 0, 0
1681933304.1747344, -3.2, 2.959457e-07, -1.570137e-07, 1.039036e-06, 62.71762, 0, 0, 0
1681933310.664558, 3.2, 1.027104e-06, -8.878449e-07, 1.039036e-06, 332.0518, 0, 0, 0
1681933317.1410375, -3.2, 2.959457e-07, 5.738174e-07, 4.626697e-07, 288.4348, 0, 0, 0
1681933323.676431, 3.2, 1.027104e-06, -1.570137e-07, 3.350182e-07, 62.71762, 0, 0, 0
1681933330.3265254, -3.2, 1.027104e-06, 5.738174e-07, 3.350182e-07, 332.0518, 0, 0, 0
1681933336.806247, 3.2, 2.959457e-07, -1.570137e-07, 3.350182e-07, 62.71762, 0, 0, 0
1681933343.3256252, -3.2, 2.959457e-07, 5.738174e-07, 1.039036e-06, 77.21934, 0, 0, 0
1681933349.8928087, 3.2, -4.352126e-07, -1.570137e-07, 3.350182e-07, 62.71762, 0, 0, 0
1681933356.3877869, -3.2, 2.959457e-07, -1.570137e-07, 3.350182e-07, 351.3085, 0, 0, 0
1681933362.9280488, 3.2, -4.352126e-07, -1.570137e-07, 6.456394e-07, 243.8864, 0, 0, 0
1681933369.4700332, -3.2, 2.959457e-07, -1.570137e-07, 3.350182e-07, 62.71762, 0, 0, 0
1681933376.0754037, 3.2, 2.959457e-07, -1.570137e-07, 6.456394e-07, 199.8382, 0, 0, 0
1681933382.5850875, -3.2, 2.959457e-07, -1.570137e-07, 6.456394e-07, 127.1785, 0, 0, 0
1681933389.098309, 3.2, -4.352126e-07, 5.738174e-07, 4.626697e-07, 62.71762, 0, 0, 0
1681933395.7356107, -3.2, 1.027104e-06, -1.570137e-07, 3.350182e-07, 332.0518, 0, 0, 0
1681933402.2776506, 3.2, -4.352126e-07, 1.304649e-06, 3.350182e-07, 199.8382, 0, 0, 0
1681933408.840007, -3.2, 2.959457e-07, 5.738174e-07, 3.350182e-07, 36.57579, 0, 0, 0
1681933415.3646367, 3.2, 1.027104e-06, -1.570137e-07, 3.350182e-07, 332.0518, 0, 0, 0
1681933421.9131746, -3.2, 2.959457e-07, -1.570137e-07, 3.350182e-07, 77.21934, 0, 0, 0
1681933428.494301, 3.2, 2.959457e-07, 5.738174e-07, 1.337794e-06, 332.0518, 0, 0, 0
1681933435.0240295, -3.2, 2.959457e-07, 5.738174e-07, 6.456394e-07, 62.71762, 0, 0, 0
1681933441.6144426, 3.2, 2.959457e-07, 5.738174e-07, 7.201918e-07, 199.8382, 0, 0, 0
1681933448.2061374, -3.2, 1.027104e-06, -1.570137e-07, 1.039036e-06, 332.0518, 0, 0, 0
1681933454.9556503, 3.2, -4.352126e-07, -1.570137e-07, 1.337794e-06, 29.191, 0, 0, 0
1681933461.5276067, -3.2, 2.959457e-07, -1.570137e-07, 3.350182e-07, 332.0518, 0, 0, 0
1681933468.1409378, 3.2, -4.352126e-07, -1.570137e-07, 4.626697e-07, 351.3085, 0, 0, 0
1681933474.694676, -3.2, 2.959457e-07, -1.570137e-07, 6.456394e-07, 29.191, 0, 0, 0
1681933481.2356088, 3.2, 2.959457e-07, -1.570137e-07, 3.350182e-07, 332.0518, 0, 0, 0
1681933487.8041937, -3.2, 1.027104e-06, -1.570137e-07, 3.350182e-07, 199.8382, 0, 0, 0
1681933494.3772354, 3.2, 2.959457e-07, -1.570137e-07, 1.039036e-06, 62.71762, 0, 0, 0
1681933500.947737, -3.2, 2.959457e-07, -1.570137e-07, 3.350182e-07, 332.0518, 0, 0, 0
1681933507.508697, 3.2, 2.959457e-07, 5.738174e-07, 4.626697e-07, 62.71762, 0, 0, 0
1681933514.2610364, -3.2, 2.959457e-07, 5.738174e-07, 3.350182e-07, 332.0518, 0, 0, 0
1681933520.8295238, 3.2, -4.352126e-07, -1.570137e-07, 6.456394e-07, 199.8382, 0, 0, 0
1681933527.4456384, -3.2, 2.959457e-07, 5.738174e-07, 3.350182e-07, 332.0518, 0, 0, 0
1681933534.0312486, 3.2, 2.959457e-07, -1.570137e-07, 4.626697e-07, 351.3085, 0, 0, 0
1681933540.6378639, -3.2, 2.959457e-07, 1.304649e-06, 1.176524e-06, 62.71762, 0, 0, 0
1681933547.2686114, 3.2, 2.959457e-07, -1.570137e-07, 3.350182e-07, 332.0518, 0, 0, 0
1681933553.9186516, -3.2, 2.959457e-07, -1.570137e-07, 6.456394e-07, 127.1785, 0, 0, 0
1681933560.493631, 3.2, 2.959457e-07, 5.738174e-07, 3.350182e-07, 288.4348, 0, 0, 0
1681933567.159613, -3.2, 2.959457e-07, -8.878449e-07, 1.039036e-06, 288.4348, 0, 0, 0
1681933573.9899955, 3.2, -4.352126e-07, -1.570137e-07, 6.456394e-07, 332.0518, 0, 0, 0
1681933580.6010873, -3.2, -4.352126e-07, -1.570137e-07, 6.456394e-07, 62.71762, 0, 0, 0
1681933587.2650678, 3.2, 2.959457e-07, 5.738174e-07, 1.039036e-06, 332.0518, 0, 0, 0
1681933593.846496, -3.2, 2.959457e-07, 5.738174e-07, 9.358699e-07, 62.71762, 0, 0, 0
1681933600.4995453, 3.2, 2.959457e-07, -1.570137e-07, 6.456394e-07, 332.0518, 0, 0, 0
1681933607.1674035, -3.2, 2.959457e-07, -1.570137e-07, 3.350182e-07, 351.3085, 0, 0, 0
1681933613.8145652, 3.2, 2.959457e-07, 1.304649e-06, 6.456394e-07, 62.71762, 0, 0, 0
1681933620.4542758, -3.2, 2.959457e-07, -1.570137e-07, 3.350182e-07, 62.71762, 0, 0, 0
1681933627.133196, 3.2, 2.959457e-07, 5.738174e-07, 7.201918e-07, 351.3085, 0, 0, 0
1681933633.9972458, -3.2, -4.352126e-07, -1.570137e-07, 6.456394e-07, 332.0518, 0, 0, 0
1681933640.678908, 3.2, 2.959457e-07, -1.570137e-07, 3.350182e-07, 199.8382, 0, 0, 0
1681933647.3630302, -3.2, -4.352126e-07, -1.570137e-07, 6.456394e-07, 332.0518, 0, 0, 0
1681933654.015348, 3.2, 2.959457e-07, -1.570137e-07, 1.039036e-06, 351.3085, 0, 0, 0
1681933660.6700087, -3.2, 2.959457e-07, -1.570137e-07, 3.350182e-07, 62.71762, 0, 0, 0
1681933667.340508, 3.2, 2.959457e-07, -8.878449e-07, 6.456394e-07, 62.71762, 0, 0, 0
1681933674.0197701, -3.2, 2.959457e-07, 5.738174e-07, 6.456394e-07, 62.71762, 0, 0, 0
1681933680.6811607, 3.2, 2.959457e-07, -1.570137e-07, 3.350182e-07, 332.0518, 0, 0, 0
1681933687.3553972, -3.2, 1.027104e-06, -1.570137e-07, 3.350182e-07, 29.191, 0, 0, 0
1681933694.25263, 3.2, 2.959457e-07, -1.570137e-07, 1.039036e-06, 332.0518, 0, 0, 0
1681933700.933124, -3.2, 2.959457e-07, 5.738174e-07, 3.350182e-07, 332.0518, 0, 0, 0
1681933707.5881782, 3.2, -4.352126e-07, 1.304649e-06, 3.350182e-07, 332.0518, 0, 0, 0
1681933714.2973094, -3.2, 1.027104e-06, -8.878449e-07, 1.039036e-06, 127.1785, 0, 0, 0
1681933721.0410311, 3.2, 2.959457e-07, -1.570137e-07, 1.176524e-06, 77.21934, 0, 0, 0
1681933727.7418187, -3.2, 1.027104e-06, 1.304649e-06, 1.039036e-06, 351.3085, 0, 0, 0
1681933734.4289832, 3.2, -4.352126e-07, -1.570137e-07, 3.350182e-07, 127.1785, 0, 0, 0
1681933741.1012444, -3.2, 2.959457e-07, 5.738174e-07, 1.039036e-06, 127.1785, 0, 0, 0
1681933747.8130236, 3.2, 2.959457e-07, 5.738174e-07, 1.176524e-06, 62.71762, 0, 0, 0
1681933754.7125945, -3.2, 2.959457e-07, 5.738174e-07, 6.456394e-07, 332.0518, 0, 0, 0
1681933761.430457, 3.2, 1.027104e-06, 5.738174e-07, 9.887764e-07, 332.0518, 0, 0, 0
1681933768.1301274, -3.2, 2.959457e-07, -1.570137e-07, 6.456394e-07, 351.3085, 0, 0, 0
1681933774.8563857, 3.2, 2.959457e-07, -1.570137e-07, 3.350182e-07, 332.0518, 0, 0, 0
1681933781.5676887, -3.2, 1.027104e-06, 5.738174e-07, 6.456394e-07, 288.4348, 0, 0, 0
1681933788.2442486, 3.2, 2.959457e-07, 5.738174e-07, 3.350182e-07, 62.71762, 0, 0, 0
1681933794.962708, -3.2, 2.959457e-07, 5.738174e-07, 9.358699e-07, 29.191, 0, 0, 0
1681933801.718244, 3.2, 2.959457e-07, 5.738174e-07, 4.626697e-07, 351.3085, 0, 0, 0
1681933808.4695668, -3.2, -4.352126e-07, -1.570137e-07, 3.350182e-07, 29.191, 0, 0, 0
1681933815.4680212, 3.2, 2.959457e-07, -1.570137e-07, 6.456394e-07, 332.0518, 0, 0, 0
1681933822.196174, -3.2, -4.352126e-07, -1.570137e-07, 3.350182e-07, 332.0518, 0, 0, 0
1681933828.933974, 3.2, 2.959457e-07, 5.738174e-07, 1.039036e-06, 332.0518, 0, 0, 0
1681933835.6754253, -3.2, 2.959457e-07, 5.738174e-07, 6.456394e-07, 332.0518, 0, 0, 0
1681933842.4211755, 3.2, 2.959457e-07, -1.570137e-07, 3.350182e-07, 288.4348, 0, 0, 0
1681933849.2073748, -3.2, 1.027104e-06, 5.738174e-07, 1.337794e-06, 332.0518, 0, 0, 0
1681933855.949081, 3.2, 2.959457e-07, -1.570137e-07, 1.337794e-06, 62.71762, 0, 0, 0
1681933862.712329, -3.2, 2.959457e-07, -1.570137e-07, 1.039036e-06, 332.0518, 0, 0, 0
1681933869.4169195, 3.2, 2.959457e-07, -1.570137e-07, 3.350182e-07, 351.3085, 0, 0, 0
1681933876.39133, -3.2, 2.959457e-07, 5.738174e-07, 4.626697e-07, 332.0518, 0, 0, 0
1681933883.1067996, 3.2, -4.352126e-07, -1.570137e-07, 3.350182e-07, 29.191, 0, 0, 0
1681933889.8669038, -3.2, 2.959457e-07, 5.738174e-07, 6.456394e-07, 351.3085, 0, 0, 0
1681933896.6304665, 3.2, 2.959457e-07, -1.570137e-07, 1.176524e-06, 332.0518, 0, 0, 0
1681933903.429422, -3.2, 2.959457e-07, 5.738174e-07, 1.039036e-06, 127.1785, 0, 0, 0
1681933910.2034523, 3.2, 2.959457e-07, 1.304649e-06, 3.350182e-07, 288.4348, 0, 0, 0
1681933916.9901764, -3.2, 2.959457e-07, -1.570137e-07, 3.350182e-07, 199.8382, 0, 0, 0
1681933923.7487063, 3.2, 2.959457e-07, -1.570137e-07, 3.350182e-07, 332.0518, 0, 0, 0
1681933930.5172741, -3.2, 2.959457e-07, 5.738174e-07, 3.350182e-07, 332.0518, 0, 0, 0
1681933937.3789577, 3.2, 2.959457e-07, -1.570137e-07, 3.350182e-07, 332.0518, 0, 0, 0
1681933944.1614604, -3.2, 2.959457e-07, -1.570137e-07, 4.626697e-07, 332.0518, 0, 0, 0
1681933950.9730976, 3.2, 1.027104e-06, -1.570137e-07, 6.456394e-07, 332.0518, 0, 0, 0
1681933957.7529783, -3.2, 2.959457e-07, -1.570137e-07, 3.350182e-07, 332.0518, 0, 0, 0
1681933964.556716, 3.2, -4.352126e-07, -1.570137e-07, 9.358699e-07, 62.71762, 0, 0, 0
1681933971.3683743, -3.2, 2.959457e-07, -1.570137e-07, 6.456394e-07, 62.71762, 0, 0, 0
1681933978.189753, 3.2, -4.352126e-07, -1.570137e-07, 3.350182e-07, 62.71762, 0, 0, 0
1681933984.9817052, -3.2, 2.959457e-07, 5.738174e-07, 1.176524e-06, 288.4348, 0, 0, 0
1681933992.0322297, 3.2, -4.352126e-07, -1.570137e-07, 6.456394e-07, 332.0518, 0, 0, 0
1681933998.8472629, -3.2, 2.959457e-07, -1.570137e-07, 1.039036e-06, 243.8864, 0, 0, 0
1681934005.6849864, 3.2, 2.959457e-07, 5.738174e-07, 6.456394e-07, 332.0518, 0, 0, 0
1681934012.5086327, -3.2, 2.959457e-07, -1.570137e-07, 6.456394e-07, 127.1785, 0, 0, 0
1681934019.3397176, 3.2, 2.959457e-07, 1.304649e-06, 3.350182e-07, 62.71762, 0, 0, 0
1681934026.1862972, -3.2, 1.027104e-06, 5.738174e-07, 1.337794e-06, 62.71762, 0, 0, 0
1681934033.0225854, 3.2, 2.959457e-07, -8.878449e-07, 9.358699e-07, 351.3085, 0, 0, 0
1681934039.868974, -3.2, 1.027104e-06, -8.878449e-07, 1.357649e-06, 62.71762, 0, 0, 0
1681934046.7141993, 3.2, 2.959457e-07, 5.738174e-07, 1.176524e-06, 29.191, 0, 0, 0
1681934053.9032462, -3.2, 2.959457e-07, 5.738174e-07, 4.626697e-07, 332.0518, 0, 0, 0
1681934060.7030084, 3.2, 2.959457e-07, 5.738174e-07, 1.039036e-06, 62.71762, 0, 0, 0
1681934067.5413, -3.2, 2.959457e-07, -1.570137e-07, 3.350182e-07, 319.1594, 0, 0, 0
1681934074.4136662, 3.2, 2.959457e-07, -1.570137e-07, 3.350182e-07, 332.0518, 0, 0, 0
1681934081.2752295, -3.2, 2.959457e-07, -1.570137e-07, 3.350182e-07, 332.0518, 0, 0, 0
1681934088.0998068, 3.2, 2.959457e-07, -1.570137e-07, 6.456394e-07, 199.8382, 0, 0, 0
1681934095.0058868, -3.2, -4.352126e-07, -1.570137e-07, 6.456394e-07, 351.3085, 0, 0, 0
1681934101.8568246, 3.2, 2.959457e-07, -1.570137e-07, 9.358699e-07, 62.71762, 0, 0, 0
1681934108.7096374, -3.2, 2.959457e-07, -1.570137e-07, 1.176524e-06, 351.3085, 0, 0, 0
1681934115.8293743, 3.2, -4.352126e-07, 5.738174e-07, 3.350182e-07, 332.0518, 0, 0, 0
1681934122.7471566, -3.2, 2.959457e-07, -1.570137e-07, 3.350182e-07, 29.191, 0, 0, 0
1681934129.596327, 3.2, 2.959457e-07, -1.570137e-07, 3.350182e-07, 127.1785, 0, 0, 0
1681934136.5002174, -3.2, 2.959457e-07, -1.570137e-07, 3.350182e-07, 62.71762, 0, 0, 0
1681934143.3729806, 3.2, 2.959457e-07, 5.738174e-07, 9.358699e-07, 62.71762, 0, 0, 0
1681934150.2555056, -3.2, 2.959457e-07, -1.570137e-07, 3.350182e-07, 199.8382, 0, 0, 0
1681934157.1608331, 3.2, 2.959457e-07, 5.738174e-07, 6.456394e-07, 332.0518, 0, 0, 0
1681934164.0576556, -3.2, 2.959457e-07, -1.570137e-07, 6.456394e-07, 332.0518, 0, 0, 0
1681934171.3115072, 3.2, 2.959457e-07, 5.738174e-07, 3.350182e-07, 62.71762, 0, 0, 0
1681934178.224313, -3.2, 2.959457e-07, -1.570137e-07, 3.350182e-07, 77.21934, 0, 0, 0
1681934185.1218386, 3.2, 2.959457e-07, -1.570137e-07, 9.358699e-07, 332.0518, 0, 0, 0
1681934192.040789, -3.2, -4.352126e-07, -1.570137e-07, 4.626697e-07, 332.0518, 0, 0, 0
1681934198.9538186, 3.2, 1.758262e-06, 5.738174e-07, 3.350182e-07, 332.0518, 0, 0, 0
1681934205.8423996, -3.2, 2.959457e-07, -1.570137e-07, 6.456394e-07, 62.71762, 0, 0, 0
1681934212.7550902, 3.2, 1.027104e-06, -1.570137e-07, 6.456394e-07, 332.0518, 0, 0, 0
1681934219.6783872, -3.2, 2.959457e-07, -1.570137e-07, 1.29988e-06, 332.0518, 0, 0, 0
1681934226.6376145, 3.2, -4.352126e-07, -1.570137e-07, 1.375325e-06, 29.191, 0, 0, 0
1681934233.8894167, -3.2, 2.959457e-07, 5.738174e-07, 1.337794e-06, 127.1785, 0, 0, 0
1681934240.8456385, 3.2, 1.027104e-06, -1.570137e-07, 3.350182e-07, 62.71762, 0, 0, 0
1681934247.7670453, -3.2, 2.959457e-07, 5.738174e-07, 3.350182e-07, 62.71762, 0, 0, 0
1681934254.714019, 3.2, -4.352126e-07, -1.570137e-07, 4.626697e-07, 127.1785, 0, 0, 0
1681934261.6522772, -3.2, 2.959457e-07, 5.738174e-07, 1.375325e-06, 332.0518, 0, 0, 0
1681934268.5782273, 3.2, 2.959457e-07, 5.738174e-07, 7.201918e-07, 332.0518, 0, 0, 0
1681934275.5096984, -3.2, -4.352126e-07, 5.738174e-07, 6.456394e-07, 332.0518, 0, 0, 0
1681934282.4739726, 3.2, 1.027104e-06, -1.570137e-07, 6.456394e-07, 29.191, 0, 0, 0
1681934289.432644, -3.2, 2.959457e-07, 5.738174e-07, 3.350182e-07, 127.1785, 0, 0, 0
1681934296.7361243, 3.2, 2.959457e-07, -1.570137e-07, 3.350182e-07, 62.71762, 0, 0, 0
1681934303.719536, -3.2, 2.959457e-07, 5.738174e-07, 3.350182e-07, 332.0518, 0, 0, 0
1681934310.6316037, 3.2, 2.959457e-07, 5.738174e-07, 6.456394e-07, 288.4348, 0, 0, 0
1681934317.5980031, -3.2, 2.959457e-07, 5.738174e-07, 6.456394e-07, 62.71762, 0, 0, 0
1681934324.6107364, 3.2, -4.352126e-07, -1.570137e-07, 3.350182e-07, 332.0518, 0, 0, 0
1681934331.5849936, -3.2, 2.959457e-07, 5.738174e-07, 6.456394e-07, 332.0518, 0, 0, 0
1681934338.5504878, 3.2, 2.959457e-07, -1.570137e-07, 9.358699e-07, 29.191, 0, 0, 0
1681934345.54429, -3.2, 2.959457e-07, -1.570137e-07, 1.337794e-06, 62.71762, 0, 0, 0
1681934352.7869515, 3.2, 2.959457e-07, -1.570137e-07, 3.350182e-07, 62.71762, 0, 0, 0
1681934359.7486067, -3.2, 2.959457e-07, 5.738174e-07, 3.350182e-07, 127.1785, 0, 0, 0
1681934366.739305, 3.2, 2.959457e-07, -1.570137e-07, 6.456394e-07, 332.0518, 0, 0, 0
1681934373.73727, -3.2, 2.959457e-07, 5.738174e-07, 7.201918e-07, 332.0518, 0, 0, 0
1681934380.7589304, 3.2, 2.959457e-07, -1.570137e-07, 7.201918e-07, 199.8382, 0, 0, 0
1681934387.7664917, -3.2, 2.959457e-07, 5.738174e-07, 1.039036e-06, 62.71762, 0, 0, 0
1681934394.7832632, 3.2, -4.352126e-07, -1.570137e-07, 1.765259e-06, 332.0518, 0, 0, 0
1681934401.8351743, -3.2, 2.959457e-07, -1.570137e-07, 6.456394e-07, 351.3085, 0, 0, 0
1681934408.845665, 3.2, 1.027104e-06, 5.738174e-07, 7.201918e-07, 332.0518, 0, 0, 0
1681934416.2215216, -3.2, 2.959457e-07, -1.570137e-07, 3.350182e-07, 332.0518, 0, 0, 0
1681934423.2279384, 3.2, 2.959457e-07, -1.570137e-07, 6.456394e-07, 199.8382, 0, 0, 0
1681934430.2161076, -3.2, 2.959457e-07, 5.738174e-07, 4.626697e-07, 332.0518, 0, 0, 0
1681934437.2519646, 3.2, 2.959457e-07, 5.738174e-07, 3.350182e-07, 127.1785, 0, 0, 0
1681934444.316324, -3.2, -4.352126e-07, -1.570137e-07, 3.350182e-07, 332.0518, 0, 0, 0
1681934451.3516061, 3.2, 1.758262e-06, -8.878449e-07, 3.350182e-07, 199.8382, 0, 0, 0
1681934458.374005, -3.2, 1.027104e-06, -1.570137e-07, 3.350182e-07, 332.0518, 0, 0, 0
1681934465.44976, 3.2, 2.959457e-07, 5.738174e-07, 3.350182e-07, 62.71762, 0, 0, 0
1681934472.8390946, -3.2, 2.959457e-07, 5.738174e-07, 7.201918e-07, 332.0518, 0, 0, 0
1681934479.9132488, 3.2, 2.959457e-07, 5.738174e-07, 1.176524e-06, 77.21934, 0, 0, 0
1681934486.9710362, -3.2, 2.959457e-07, -1.570137e-07, 7.201918e-07, 332.0518, 0, 0, 0
1681934494.0521557, 3.2, 2.959457e-07, -8.878449e-07, 4.626697e-07, 29.191, 0, 0, 0
1681934501.1141145, -3.2, 2.959457e-07, 5.738174e-07, 6.456394e-07, 332.0518, 0, 0, 0
1681934508.162365, 3.2, 2.959457e-07, -8.878449e-07, 3.350182e-07, 62.71762, 0, 0, 0
1681934515.212544, -3.2, 2.959457e-07, -1.570137e-07, 6.456394e-07, 62.71762, 0, 0, 0
1681934522.2619476, 3.2, 2.959457e-07, 5.738174e-07, 3.350182e-07, 332.0518, 0, 0, 0
1681934529.3430786, -3.2, -4.352126e-07, 5.738174e-07, 1.337794e-06, 127.1785, 0, 0, 0
1681934536.8203418, 3.2, 2.959457e-07, -1.570137e-07, 1.176892e-06, 77.21934, 0, 0, 0
1681934543.8669517, -3.2, 1.027104e-06, -1.570137e-07, 3.350182e-07, 332.0518, 0, 0, 0
1681934550.9245079, 3.2, 2.959457e-07, 5.738174e-07, 6.456394e-07, 62.71762, 0, 0, 0
1681934558.004609, -3.2, 2.959457e-07, -1.570137e-07, 3.350182e-07, 127.1785, 0, 0, 0
1681934565.05794, 3.2, -4.352126e-07, 5.738174e-07, 6.456394e-07, 332.0518, 0, 0, 0
1681934572.1588292, -3.2, 2.959457e-07, -1.570137e-07, 3.350182e-07, 351.3085, 0, 0, 0
1681934579.2694707, 3.2, 2.959457e-07, -8.878449e-07, 3.350182e-07, 351.3085, 0, 0, 0
1681934586.3572874, -3.2, 1.027104e-06, -1.570137e-07, 1.039036e-06, 62.71762, 0, 0, 0
1681934593.780667, 3.2, 2.959457e-07, -1.570137e-07, 9.358699e-07, 62.71762, 0, 0, 0
1681934600.8571172, -3.2, 2.959457e-07, -8.878449e-07, 1.337794e-06, 62.71762, 0, 0, 0
1681934607.9507225, 3.2, 2.959457e-07, 1.304649e-06, 3.350182e-07, 332.0518, 0, 0, 0
1681934615.0399976, -3.2, 2.959457e-07, -1.570137e-07, 4.626697e-07, 332.0518, 0, 0, 0
1681934622.182253, 3.2, 2.959457e-07, -1.570137e-07, 3.350182e-07, 62.71762, 0, 0, 0
1681934629.2979145, -3.2, 2.959457e-07, 5.738174e-07, 6.456394e-07, 127.1785, 0, 0, 0
1681934636.401081, 3.2, 2.959457e-07, -1.570137e-07, 4.626697e-07, 332.0518, 0, 0, 0
1681934643.5037813, -3.2, 2.959457e-07, -1.570137e-07, 7.201918e-07, 199.8382, 0, 0, 0
1681934650.6328733, 3.2, 2.959457e-07, -1.570137e-07, 9.358699e-07, 62.71762, 0, 0, 0
1681934657.783829, -3.2, 1.027104e-06, -1.570137e-07, 1.176524e-06, 199.8382, 0, 0, 0
1681934664.9007108, 3.2, 2.959457e-07, 5.738174e-07, 6.456394e-07, 199.8382, 0, 0, 0
1681934672.0306816, -3.2, 2.959457e-07, -1.570137e-07, 3.350182e-07, 332.0518, 0, 0, 0
1681934679.7999623, 3.2, 2.959457e-07, 5.738174e-07, 4.626697e-07, 332.0518, 0, 0, 0
1681934686.8850515, -3.2, 2.959457e-07, -1.570137e-07, 4.626697e-07, 332.0518, 0, 0, 0
1681934694.037463, 3.2, 1.027104e-06, -1.570137e-07, 3.350182e-07, 288.4348, 0, 0, 0
1681934701.1451454, -3.2, -4.352126e-07, -1.570137e-07, 9.358699e-07, 351.3085, 0, 0, 0
1681934708.3046393, 3.2, 2.959457e-07, 5.738174e-07, 3.350182e-07, 351.3085, 0, 0, 0
1681934715.8027282, -3.2, 1.027104e-06, 5.738174e-07, 3.350182e-07, 351.3085, 0, 0, 0
1681934722.9484398, 3.2, 2.959457e-07, -1.570137e-07, 1.176524e-06, 351.3085, 0, 0, 0
1681934730.1006708, -3.2, 2.959457e-07, 5.738174e-07, 3.350182e-07, 77.21934, 0, 0, 0
1681934737.2671125, 3.2, 2.959457e-07, -1.570137e-07, 1.176524e-06, 62.71762, 0, 0, 0
1681934744.4004385, -3.2, 1.027104e-06, 5.738174e-07, 3.350182e-07, 351.3085, 0, 0, 0
1681934751.5457118, 3.2, 2.959457e-07, 5.738174e-07, 3.350182e-07, 332.0518, 0, 0, 0
1681934758.6581933, -3.2, 2.959457e-07, 5.738174e-07, 1.176524e-06, 29.191, 0, 0, 0
1681934765.9073822, 3.2, 2.959457e-07, -1.570137e-07, 4.626697e-07, 332.0518, 0, 0, 0
1681934773.5527906, -3.2, 2.959457e-07, -1.570137e-07, 3.350182e-07, 62.71762, 0, 0, 0
1681934780.7205522, 3.2, 2.959457e-07, -8.878449e-07, 4.626697e-07, 199.8382, 0, 0, 0
1681934787.9162264, -3.2, 2.959457e-07, -1.570137e-07, 3.350182e-07, 319.1594, 0, 0, 0
1681934795.1037343, 3.2, 2.959457e-07, -1.570137e-07, 9.887764e-07, 332.0518, 0, 0, 0
1681934802.30781, -3.2, 2.959457e-07, -1.570137e-07, 1.765259e-06, 351.3085, 0, 0, 0
1681934809.5005002, 3.2, 2.959457e-07, 5.738174e-07, 6.456394e-07, 127.1785, 0, 0, 0
1681934816.723417, -3.2, 2.959457e-07, -1.570137e-07, 4.626697e-07, 29.191, 0, 0, 0
1681934823.9051416, 3.2, -4.352126e-07, -1.570137e-07, 3.350182e-07, 351.3085, 0, 0, 0
1681934831.4388776, -3.2, 1.027104e-06, 5.738174e-07, 1.039036e-06, 62.71762, 0, 0, 0
1681934838.636493, 3.2, 2.959457e-07, -1.570137e-07, 6.456394e-07, 29.191, 0, 0, 0
1681934845.836252, -3.2, 2.959457e-07, -8.878449e-07, 3.350182e-07, 332.0518, 0, 0, 0
1681934853.0398812, 3.2, 1.027104e-06, 5.738174e-07, 9.358699e-07, 199.8382, 0, 0, 0
1681934860.2126045, -3.2, 2.959457e-07, 5.738174e-07, 6.456394e-07, 62.71762, 0, 0, 0
1681934867.4284887, 3.2, 2.959457e-07, -1.570137e-07, 1.357649e-06, 319.1594, 0, 0, 0
1681934874.6969893, -3.2, 2.959457e-07, -1.570137e-07, 3.350182e-07, 332.0518, 0, 0, 0
1681934881.9018722, 3.2, 2.959457e-07, 5.738174e-07, 3.350182e-07, 332.0518, 0, 0, 0
1681934889.1047153, -3.2, -4.352126e-07, 5.738174e-07, 1.176524e-06, 62.71762, 0, 0, 0
1681934896.8090816, 3.2, 1.027104e-06, -8.878449e-07, 3.350182e-07, 29.191, 0, 0, 0
1681934904.0229359, -3.2, 2.959457e-07, 5.738174e-07, 6.456394e-07, 332.0518, 0, 0, 0
1681934911.2364843, 3.2, 1.027104e-06, -1.570137e-07, 3.350182e-07, 62.71762, 0, 0, 0
1681934918.5128002, -3.2, -4.352126e-07, -1.570137e-07, 3.350182e-07, 351.3085, 0, 0, 0
1681934926.0748084, 3.2, 1.027104e-06, -1.570137e-07, 3.350182e-07, 332.0518, 0, 0, 0
1681934933.324594, -3.2, 1.027104e-06, -1.570137e-07, 6.456394e-07, 332.0518, 0, 0, 0
1681934940.553629, 3.2, -4.352126e-07, 5.738174e-07, 1.039036e-06, 62.71762, 0, 0, 0
1681934947.795899, -3.2, 2.959457e-07, -1.570137e-07, 6.456394e-07, 62.71762, 0, 0, 0
1681934955.4349248, 3.2, 1.027104e-06, -1.570137e-07, 3.350182e-07, 332.0518, 0, 0, 0
1681934962.6725237, -3.2, 2.959457e-07, 5.738174e-07, 1.176524e-06, 332.0518, 0, 0, 0
1681934969.9524014, 3.2, 2.959457e-07, -1.570137e-07, 6.456394e-07, 62.71762, 0, 0, 0
1681934977.2404604, -3.2, 2.959457e-07, 1.304649e-06, 3.350182e-07, 332.0518, 0, 0, 0
1681934984.4908912, 3.2, 1.027104e-06, 5.738174e-07, 4.626697e-07, 332.0518, 0, 0, 0
1681934991.76737, -3.2, 1.027104e-06, 5.738174e-07, 3.350182e-07, 332.0518, 0, 0, 0
1681934999.0190458, 3.2, 1.027104e-06, -1.570137e-07, 6.456394e-07, 62.71762, 0, 0, 0
1681935006.2899911, -3.2, 2.959457e-07, 5.738174e-07, 1.039036e-06, 332.0518, 0, 0, 0
1681935014.041027, 3.2, 2.959457e-07, -1.570137e-07, 9.358699e-07, 288.4348, 0, 0, 0
1681935021.308992, -3.2, 2.959457e-07, -1.570137e-07, 3.350182e-07, 332.0518, 0, 0, 0
1681935028.6260097, 3.2, -4.352126e-07, -1.570137e-07, 3.350182e-07, 127.1785, 0, 0, 0
1681935035.934574, -3.2, 1.027104e-06, 5.738174e-07, 6.456394e-07, 332.0518, 0, 0, 0
1681935043.241668, 3.2, 2.959457e-07, -1.570137e-07, 1.039036e-06, 332.0518, 0, 0, 0
1681935050.5030181, -3.2, 2.959457e-07, -1.570137e-07, 3.350182e-07, 351.3085, 0, 0, 0
1681935057.816376, 3.2, 1.027104e-06, 5.738174e-07, 9.887764e-07, 62.71762, 0, 0, 0
1681935065.096057, -3.2, -4.352126e-07, 5.738174e-07, 1.176524e-06, 62.71762, 0, 0, 0
1681935072.7745361, 3.2, -4.352126e-07, -1.570137e-07, 3.350182e-07, 77.21934, 0, 0, 0
1681935080.07136, -3.2, 2.959457e-07, 5.738174e-07, 9.887764e-07, 62.71762, 0, 0, 0
1681935087.381482, 3.2, 2.959457e-07, 5.738174e-07, 4.626697e-07, 288.4348, 0, 0, 0
1681935094.6621642, -3.2, 2.959457e-07, 5.738174e-07, 3.350182e-07, 332.0518, 0, 0, 0
1681935102.020559, 3.2, -4.352126e-07, -8.878449e-07, 1.039036e-06, 332.0518, 0, 0, 0
1681935109.3296227, -3.2, 2.959457e-07, -1.570137e-07, 1.337794e-06, 29.191, 0, 0, 0
1681935116.6181638, 3.2, 1.027104e-06, -1.570137e-07, 4.626697e-07, 199.8382, 0, 0, 0
1681935123.9378867, -3.2, 2.959457e-07, 5.738174e-07, 6.456394e-07, 332.0518, 0, 0, 0
1681935131.757692, 3.2, 2.959457e-07, -1.570137e-07, 3.350182e-07, 62.71762, 0, 0, 0
1681935139.0951412, -3.2, 1.758262e-06, -1.570137e-07, 3.350182e-07, 332.0518, 0, 0, 0
1681935146.4269416, 3.2, 2.959457e-07, -1.570137e-07, 1.039036e-06, 332.0518, 0, 0, 0
1681935153.7734756, -3.2, 2.959457e-07, -8.878449e-07, 4.626697e-07, 62.71762, 0, 0, 0
1681935161.1134322, 3.2, 2.959457e-07, 5.738174e-07, 3.350182e-07, 62.71762, 0, 0, 0
1681935168.4472437, -3.2, 2.959457e-07, -1.570137e-07, 4.626697e-07, 288.4348, 0, 0, 0
1681935175.8321886, 3.2, 2.959457e-07, 5.738174e-07, 9.887764e-07, 62.71762, 0, 0, 0
1681935183.134854, -3.2, 1.027104e-06, -1.570137e-07, 3.350182e-07, 332.0518, 0, 0, 0
1681935190.7337098, 3.2, 2.959457e-07, 5.738174e-07, 3.350182e-07, 332.0518, 0, 0, 0
1681935198.0807548, -3.2, 1.027104e-06, -8.878449e-07, 4.626697e-07, 81.72752, 0, 0, 0
1681935205.4309309, 3.2, 2.959457e-07, -1.570137e-07, 7.201918e-07, 332.0518, 0, 0, 0
1681935212.7962487, -3.2, 2.959457e-07, -1.570137e-07, 3.350182e-07, 332.0518, 0, 0, 0
1681935220.193558, 3.2, 2.959457e-07, -8.878449e-07, 6.456394e-07, 351.3085, 0, 0, 0
1681935227.5321565, -3.2, 2.959457e-07, -1.570137e-07, 7.201918e-07, 332.0518, 0, 0, 0
1681935234.8994846, 3.2, 2.959457e-07, -1.570137e-07, 4.626697e-07, 62.71762, 0, 0, 0
1681935242.2680528, -3.2, 2.959457e-07, -8.878449e-07, 3.350182e-07, 62.71762, 0, 0, 0
1681935249.7187815, 3.2, 1.027104e-06, -1.570137e-07, 3.350182e-07, 288.4348, 0, 0, 0
1681935257.0659049, -3.2, 2.959457e-07, 5.738174e-07, 4.626697e-07, 332.0518, 0, 0, 0
1681935264.4593465, 3.2, 2.959457e-07, -1.570137e-07, 4.626697e-07, 332.0518, 0, 0, 0
1681935271.827079, -3.2, 1.027104e-06, -8.878449e-07, 6.456394e-07, 332.0518, 0, 0, 0
1681935279.2167997, 3.2, -4.352126e-07, -1.570137e-07, 6.456394e-07, 332.0518, 0, 0, 0
1681935286.6444964, -3.2, 2.959457e-07, 5.738174e-07, 4.626697e-07, 332.0518, 0, 0, 0
1681935294.0456903, 3.2, 1.027104e-06, 5.738174e-07, 6.456394e-07, 77.21934, 0, 0, 0
1681935301.3981054, -3.2, -4.352126e-07, 5.738174e-07, 3.350182e-07, 62.71762, 0, 0, 0
1681935308.8268766, 3.2, 2.959457e-07, -1.570137e-07, 6.456394e-07, 332.0518, 0, 0, 0
1681935316.7123067, -3.2, 1.027104e-06, -1.570137e-07, 7.201918e-07, 62.71762, 0, 0, 0
1681935324.0985878, 3.2, 2.959457e-07, 5.738174e-07, 3.350182e-07, 332.0518, 0, 0, 0
1681935331.4953804, -3.2, 2.959457e-07, -1.570137e-07, 3.350182e-07, 332.0518, 0, 0, 0
1681935338.8930686, 3.2, 2.959457e-07, -1.570137e-07, 4.626697e-07, 332.0518, 0, 0, 0
1681935346.3132753, -3.2, -4.352126e-07, 5.738174e-07, 3.350182e-07, 62.71762, 0, 0, 0
1681935353.7098496, 3.2, 1.027104e-06, -1.570137e-07, 3.350182e-07, 108.448, 0, 0, 0
1681935361.2127807, -3.2, 2.959457e-07, -1.570137e-07, 3.350182e-07, 332.0518, 0, 0, 0
1681935368.631651, 3.2, 2.959457e-07, 5.738174e-07, 9.358699e-07, 62.71762, 0, 0, 0
1681935376.3585055, -3.2, 1.027104e-06, 5.738174e-07, 6.456394e-07, 199.8382, 0, 0, 0
1681935383.740581, 3.2, 1.027104e-06, 5.738174e-07, 3.350182e-07, 62.71762, 0, 0, 0
1681935391.1681163, -3.2, 2.959457e-07, -1.570137e-07, 7.201918e-07, 62.71762, 0, 0, 0
1681935398.5820718, 3.2, 2.959457e-07, 5.738174e-07, 6.456394e-07, 332.0518, 0, 0, 0
1681935406.0548413, -3.2, 2.959457e-07, 5.738174e-07, 3.350182e-07, 332.0518, 0, 0, 0
1681935413.4921935, 3.2, -4.352126e-07, -1.570137e-07, 6.456394e-07, 127.1785, 0, 0, 0
1681935420.9508252, -3.2, 2.959457e-07, -1.570137e-07, 1.039036e-06, 29.191, 0, 0, 0
1681935428.3979948, 3.2, 1.027104e-06, -8.878449e-07, 3.350182e-07, 332.0518, 0, 0, 0
1681935436.282673, -3.2, 2.959457e-07, -1.570137e-07, 4.626697e-07, 62.71762, 0, 0, 0
1681935443.7367754, 3.2, 2.959457e-07, -1.570137e-07, 6.456394e-07, 351.3085, 0, 0, 0
1681935451.2059193, -3.2, 2.959457e-07, -1.570137e-07, 3.350182e-07, 351.3085, 0, 0, 0
1681935458.6761672, 3.2, -4.352126e-07, 5.738174e-07, 3.350182e-07, 332.0518, 0, 0, 0
1681935466.131313, -3.2, 2.959457e-07, -1.570137e-07, 6.456394e-07, 332.0518, 0, 0, 0
1681935473.5609038, 3.2, 1.027104e-06, 5.738174e-07, 3.350182e-07, 62.71762, 0, 0, 0
1681935481.0096285, -3.2, 2.959457e-07, 5.738174e-07, 1.375325e-06, 199.8382, 0, 0, 0
1681935488.5316892, 3.2, 2.959457e-07, 5.738174e-07, 1.357649e-06, 332.0518, 0, 0, 0
1681935496.3704646, -3.2, -4.352126e-07, 5.738174e-07, 6.456394e-07, 332.0518, 0, 0, 0
1681935503.879945, 3.2, 2.959457e-07, -1.570137e-07, 1.039036e-06, 288.4348, 0, 0, 0
1681935511.371679, -3.2, 2.959457e-07, -1.570137e-07, 7.201918e-07, 332.0518, 0, 0, 0
1681935518.870143, 3.2, 1.027104e-06, -1.570137e-07, 7.201918e-07, 62.71762, 0, 0, 0
1681935526.3941052, -3.2, 1.027104e-06, 5.738174e-07, 3.350182e-07, 288.4348, 0, 0, 0
1681935533.8855798, 3.2, 2.959457e-07, -8.878449e-07, 6.456394e-07, 62.71762, 0, 0, 0
1681935541.411766, -3.2, 2.959457e-07, 5.738174e-07, 1.039036e-06, 29.191, 0, 0, 0
1681935548.9337056, 3.2, 1.027104e-06, -8.878449e-07, 1.176524e-06, 62.71762, 0, 0, 0
1681935556.6740537, -3.2, 2.959457e-07, 5.738174e-07, 1.660437e-06, 51.78788, 0, 0, 0
1681935564.1624978, 3.2, -4.352126e-07, -1.570137e-07, 6.456394e-07, 332.0518, 0, 0, 0
1681935571.6687884, -3.2, 1.027104e-06, -1.570137e-07, 3.350182e-07, 199.8382, 0, 0, 0
1681935579.1699593, 3.2, 2.959457e-07, 5.738174e-07, 6.456394e-07, 332.0518, 0, 0, 0
1681935586.689336, -3.2, 2.959457e-07, 5.738174e-07, 1.176524e-06, 62.71762, 0, 0, 0
1681935594.193046, 3.2, 2.959457e-07, -1.570137e-07, 7.201918e-07, 332.0518, 0, 0, 0
1681935601.7772708, -3.2, 1.027104e-06, 5.738174e-07, 9.358699e-07, 127.1785, 0, 0, 0
1681935609.3159597, 3.2, 1.027104e-06, -1.570137e-07, 3.350182e-07, 62.71762, 0, 0, 0
1681935616.9980068, -3.2, 2.959457e-07, 1.304649e-06, 1.039036e-06, 62.71762, 0, 0, 0
1681935624.5041893, 3.2, 2.959457e-07, -1.570137e-07, 1.176524e-06, 319.1594, 0, 0, 0
1681935632.0431733, -3.2, 2.959457e-07, 5.738174e-07, 9.358699e-07, 351.3085, 0, 0, 0
1681935639.6089888, 3.2, 2.959457e-07, -1.570137e-07, 1.176524e-06, 332.0518, 0, 0, 0
1681935647.185969, -3.2, 2.959457e-07, 5.738174e-07, 6.456394e-07, 62.71762, 0, 0, 0
1681935654.7731214, 3.2, -4.352126e-07, 5.738174e-07, 6.456394e-07, 332.0518, 0, 0, 0
1681935662.3438382, -3.2, 2.959457e-07, 5.738174e-07, 9.887764e-07, 332.0518, 0, 0, 0
1681935669.9797983, 3.2, -4.352126e-07, -1.570137e-07, 3.350182e-07, 332.0518, 0, 0, 0
1681935677.523523, -3.2, 1.027104e-06, -1.570137e-07, 1.337794e-06, 62.71762, 0, 0, 0
1681935685.1150687, 3.2, 2.959457e-07, -1.570137e-07, 7.201918e-07, 62.71762, 0, 0, 0
1681935692.6490078, -3.2, -4.352126e-07, 5.738174e-07, 3.350182e-07, 332.0518, 0, 0, 0
1681935700.1901557, 3.2, 2.959457e-07, 5.738174e-07, 1.039036e-06, 127.1785, 0, 0, 0
1681935707.7951763, -3.2, 1.027104e-06, -8.878449e-07, 1.039036e-06, 332.0518, 0, 0, 0
1681935715.3901963, 3.2, 2.959457e-07, -1.570137e-07, 3.350182e-07, 62.71762, 0, 0, 0
1681935722.9596403, -3.2, -4.352126e-07, -1.570137e-07, 6.456394e-07, 332.0518, 0, 0, 0
1681935730.865285, 3.2, 2.959457e-07, -8.878449e-07, 6.456394e-07, 62.71762, 0, 0, 0
1681935738.435439, -3.2, 2.959457e-07, -1.570137e-07, 3.350182e-07, 351.3085, 0, 0, 0
1681935746.0290794, 3.2, 1.027104e-06, 5.738174e-07, 3.350182e-07, 199.8382, 0, 0, 0
1681935753.6190362, -3.2, -4.352126e-07, 1.304649e-06, 3.350182e-07, 62.71762, 0, 0, 0
1681935761.1962764, 3.2, 1.027104e-06, -1.570137e-07, 3.350182e-07, 199.8382, 0, 0, 0
1681935768.7754033, -3.2, 2.959457e-07, -1.570137e-07, 1.039036e-06, 351.3085, 0, 0, 0
1681935776.3803375, 3.2, 2.959457e-07, 5.738174e-07, 3.350182e-07, 62.71762, 0, 0, 0
1681935783.9739017, -3.2, 2.959457e-07, -1.570137e-07, 3.350182e-07, 351.3085, 0, 0, 0
1681935791.8766046, 3.2, -4.352126e-07, -1.570137e-07, 6.456394e-07, 62.71762, 0, 0, 0
1681935799.4953935, -3.2, -4.352126e-07, -1.570137e-07, 1.039036e-06, 62.71762, 0, 0, 0
1681935807.137482, 3.2, 2.959457e-07, -1.570137e-07, 9.358699e-07, 332.0518, 0, 0, 0
1681935814.7445726, -3.2, 2.959457e-07, 1.304649e-06, 1.039036e-06, 332.0518, 0, 0, 0
1681935822.362232, 3.2, 1.027104e-06, -8.878449e-07, 1.039036e-06, 62.71762, 0, 0, 0
1681935829.9658608, -3.2, 1.027104e-06, 5.738174e-07, 6.456394e-07, 51.78788, 0, 0, 0
1681935837.571541, 3.2, 2.959457e-07, -8.878449e-07, 6.456394e-07, 62.71762, 0, 0, 0
1681935845.2264035, -3.2, 2.959457e-07, 5.738174e-07, 6.456394e-07, 332.0518, 0, 0, 0
1681935853.485421, 3.2, 2.959457e-07, -1.570137e-07, 3.350182e-07, 62.71762, 0, 0, 0
1681935861.128661, -3.2, 2.959457e-07, 5.738174e-07, 7.201918e-07, 29.191, 0, 0, 0
1681935868.7459438, 3.2, 2.959457e-07, -8.878449e-07, 3.350182e-07, 332.0518, 0, 0, 0
1681935876.391056, -3.2, 2.959457e-07, -1.570137e-07, 3.350182e-07, 288.4348, 0, 0, 0
1681935884.065766, 3.2, -4.352126e-07, 5.738174e-07, 6.456394e-07, 62.71762, 0, 0, 0
1681935891.7037027, -3.2, 1.027104e-06, 5.738174e-07, 9.358699e-07, 332.0518, 0, 0, 0
1681935899.3609872, 3.2, -4.352126e-07, 5.738174e-07, 3.350182e-07, 351.3085, 0, 0, 0
1681935906.9781642, -3.2, 2.959457e-07, -8.878449e-07, 9.358699e-07, 62.71762, 0, 0, 0
1681935915.250271, 3.2, 2.959457e-07, -1.570137e-07, 1.039036e-06, 29.191, 0, 0, 0
1681935922.9075959, -3.2, -4.352126e-07, -1.570137e-07, 9.358699e-07, 199.8382, 0, 0, 0
1681935930.5718086, 3.2, -4.352126e-07, -8.878449e-07, 7.201918e-07, 127.1785, 0, 0, 0
1681935938.2274275, -3.2, 1.027104e-06, -1.570137e-07, 3.350182e-07, 332.0518, 0, 0, 0
1681935945.896827, 3.2, 2.959457e-07, 5.738174e-07, 6.456394e-07, 62.71762, 0, 0, 0
1681935953.5702312, -3.2, 2.959457e-07, -1.570137e-07, 1.660437e-06, 29.191, 0, 0, 0
1681935961.2420478, 3.2, 2.959457e-07, -1.570137e-07, 3.350182e-07, 332.0518, 0, 0, 0
1681935969.0127892, -3.2, 2.959457e-07, -1.570137e-07, 9.358699e-07, 199.8382, 0, 0, 0
1681935977.2210393, 3.2, 2.959457e-07, -1.570137e-07, 1.176524e-06, 62.71762, 0, 0, 0
1681935984.9109285, -3.2, 2.959457e-07, 5.738174e-07, 1.039036e-06, 62.71762, 0, 0, 0
1681935992.6297069, 3.2, 2.959457e-07, 5.738174e-07, 4.626697e-07, 332.0518, 0, 0, 0
1681936000.3218784, -3.2, 2.959457e-07, -1.570137e-07, 1.176524e-06, 351.3085, 0, 0, 0
1681936008.017511, 3.2, 2.959457e-07, 1.304649e-06, 6.456394e-07, 351.3085, 0, 0, 0
1681936015.6892772, -3.2, -4.352126e-07, 5.738174e-07, 1.039036e-06, 62.71762, 0, 0, 0
1681936023.3809886, 3.2, 2.959457e-07, -1.570137e-07, 3.350182e-07, 199.8382, 0, 0, 0
1681936031.53848, -3.2, 2.959457e-07, 5.738174e-07, 3.350182e-07, 351.3085, 0, 0, 0
1681936039.2165477, 3.2, 2.959457e-07, 5.738174e-07, 6.456394e-07, 332.0518, 0, 0, 0
1681936046.9133706, -3.2, -4.352126e-07, -1.570137e-07, 6.456394e-07, 332.0518, 0, 0, 0
1681936054.6316452, 3.2, 2.959457e-07, 1.304649e-06, 6.456394e-07, 319.1594, 0, 0, 0
1681936062.3287106, -3.2, -4.352126e-07, -1.570137e-07, 3.350182e-07, 62.71762, 0, 0, 0
1681936070.0282166, 3.2, 1.027104e-06, 1.304649e-06, 3.350182e-07, 62.71762, 0, 0, 0
1681936077.7281373, -3.2, -4.352126e-07, -8.878449e-07, 3.350182e-07, 351.3085, 0, 0, 0
1681936085.4576025, 3.2, 1.027104e-06, -1.570137e-07, 4.626697e-07, 332.0518, 0, 0, 0
1681936093.8858263, -3.2, 2.959457e-07, -1.570137e-07, 1.039036e-06, 29.191, 0, 0, 0
1681936101.5817683, 3.2, 2.959457e-07, -1.570137e-07, 6.456394e-07, 332.0518, 0, 0, 0
1681936109.307265, -3.2, 1.027104e-06, -8.878449e-07, 3.350182e-07, 351.3085, 0, 0, 0
1681936117.031397, 3.2, 2.959457e-07, -1.570137e-07, 3.350182e-07, 29.191, 0, 0, 0
1681936124.7864952, -3.2, 2.959457e-07, -1.570137e-07, 3.350182e-07, 62.71762, 0, 0, 0
1681936132.555193, 3.2, 2.959457e-07, -1.570137e-07, 9.887764e-07, 127.1785, 0, 0, 0
1681936140.290133, -3.2, 2.959457e-07, -1.570137e-07, 6.456394e-07, 62.71762, 0, 0, 0
1681936147.9989283, 3.2, 2.959457e-07, -8.878449e-07, 1.176524e-06, 62.71762, 0, 0, 0
1681936157.015025, -3.2, -4.352126e-07, -1.570137e-07, 4.626697e-07, 62.71762, 0, 0, 0
1681936164.7717671, 3.2, 2.959457e-07, 5.738174e-07, 4.626697e-07, 127.1785, 0, 0, 0
1681936172.5293376, -3.2, 2.959457e-07, -1.570137e-07, 6.456394e-07, 62.71762, 0, 0, 0
1681936180.2892823, 3.2, -4.352126e-07, -8.878449e-07, 1.375325e-06, 62.71762, 0, 0, 0
1681936188.065816, -3.2, 2.959457e-07, -1.570137e-07, 9.358699e-07, 332.0518, 0, 0, 0
1681936195.7997944, 3.2, 2.959457e-07, -1.570137e-07, 1.039036e-06, 351.3085, 0, 0, 0
1681936203.5921886, -3.2, 1.027104e-06, 5.738174e-07, 3.350182e-07, 332.0518, 0, 0, 0
1681936212.0517952, 3.2, 1.027104e-06, 1.304649e-06, 9.358699e-07, 29.191, 0, 0, 0
1681936219.7883818, -3.2, 2.959457e-07, 5.738174e-07, 6.456394e-07, 62.71762, 0, 0, 0
1681936227.547251, 3.2, -4.352126e-07, -1.570137e-07, 6.456394e-07, 332.0518, 0, 0, 0
1681936235.3172255, -3.2, 2.959457e-07, -1.570137e-07, 4.626697e-07, 199.8382, 0, 0, 0
1681936243.0888598, 3.2, 1.758262e-06, 1.304649e-06, 1.176524e-06, 332.0518, 0, 0, 0
1681936250.8924708, -3.2, 2.959457e-07, 5.738174e-07, 9.887764e-07, 332.0518, 0, 0, 0
1681936258.6899574, 3.2, 2.959457e-07, -1.570137e-07, 3.350182e-07, 62.71762, 0, 0, 0
1681936266.5827782, -3.2, 2.959457e-07, 5.738174e-07, 3.350182e-07, 332.0518, 0, 0, 0
1681936274.9517205, 3.2, 2.959457e-07, -1.570137e-07, 6.456394e-07, 127.1785, 0, 0, 0
1681936282.745902, -3.2, 2.959457e-07, -1.570137e-07, 7.201918e-07, 351.3085, 0, 0, 0
1681936290.5546803, 3.2, 1.027104e-06, 5.738174e-07, 3.350182e-07, 199.8382, 0, 0, 0
1681936298.3409817, -3.2, 2.959457e-07, 5.738174e-07, 3.350182e-07, 62.71762, 0, 0, 0
1681936306.1242523, 3.2, 2.959457e-07, -1.570137e-07, 1.039036e-06, 332.0518, 0, 0, 0
1681936313.9283652, -3.2, -4.352126e-07, 5.738174e-07, 3.350182e-07, 62.71762, 0, 0, 0
1681936321.715151, 3.2, 2.959457e-07, -1.570137e-07, 6.456394e-07, 351.3085, 0, 0, 0
1681936329.553079, -3.2, 2.959457e-07, -1.570137e-07, 4.626697e-07, 332.0518, 0, 0, 0
1681936337.709218, 3.2, -4.352126e-07, 5.738174e-07, 3.350182e-07, 332.0518, 0, 0, 0
1681936345.540565, -3.2, 2.959457e-07, 5.738174e-07, 4.626697e-07, 351.3085, 0, 0, 0
1681936353.3731074, 3.2, 1.027104e-06, -1.570137e-07, 6.456394e-07, 332.0518, 0, 0, 0
1681936361.313776, -3.2, 2.959457e-07, -1.570137e-07, 3.350182e-07, 62.71762, 0, 0, 0
1681936369.1532402, 3.2, -4.352126e-07, 5.738174e-07, 1.176524e-06, 332.0518, 0, 0, 0
1681936376.9510303, -3.2, -4.352126e-07, -1.570137e-07, 1.176524e-06, 332.0518, 0, 0, 0
1681936384.7854862, 3.2, 2.959457e-07, -1.570137e-07, 3.350182e-07, 62.71762, 0, 0, 0
1681936393.2049415, -3.2, 2.959457e-07, 5.738174e-07, 6.456394e-07, 127.1785, 0, 0, 0
1681936400.9829223, 3.2, 1.027104e-06, 5.738174e-07, 3.350182e-07, 199.8382, 0, 0, 0
1681936408.8367796, -3.2, 2.959457e-07, 5.738174e-07, 6.456394e-07, 332.0518, 0, 0, 0
1681936416.7449183, 3.2, 1.027104e-06, -1.570137e-07, 3.350182e-07, 351.3085, 0, 0, 0
1681936424.6023104, -3.2, 2.959457e-07, 1.304649e-06, 3.350182e-07, 243.8864, 0, 0, 0
1681936432.5123107, 3.2, 2.959457e-07, -1.570137e-07, 7.201918e-07, 127.1785, 0, 0, 0
1681936440.3702824, -3.2, 2.959457e-07, 5.738174e-07, 6.456394e-07, 127.1785, 0, 0, 0
1681936448.2173853, 3.2, -4.352126e-07, -1.570137e-07, 1.039036e-06, 29.191, 0, 0, 0
1681936456.8143682, -3.2, 2.959457e-07, -1.570137e-07, 6.456394e-07, 199.8382, 0, 0, 0
1681936464.6861289, 3.2, 1.027104e-06, -1.570137e-07, 3.350182e-07, 199.8382, 0, 0, 0
1681936472.5374765, -3.2, 1.027104e-06, 1.304649e-06, 3.350182e-07, 62.71762, 0, 0, 0
1681936480.381338, 3.2, 1.027104e-06, 5.738174e-07, 3.350182e-07, 62.71762, 0, 0, 0
1681936488.2552793, -3.2, 2.959457e-07, -1.570137e-07, 1.337794e-06, 332.0518, 0, 0, 0
1681936496.1983194, 3.2, -4.352126e-07, 5.738174e-07, 1.176524e-06, 62.71762, 0, 0, 0
1681936504.084197, -3.2, -4.352126e-07, -1.570137e-07, 1.337794e-06, 29.191, 0, 0, 0
1681936512.638236, 3.2, 2.959457e-07, -1.570137e-07, 1.176524e-06, 288.4348, 0, 0, 0
1681936520.5565655, -3.2, 1.027104e-06, 5.738174e-07, 3.350182e-07, 351.3085, 0, 0, 0
1681936528.4508684, 3.2, -4.352126e-07, -1.570137e-07, 9.887764e-07, 351.3085, 0, 0, 0
1681936536.33533, -3.2, 2.959457e-07, 5.738174e-07, 3.350182e-07, 77.21934, 0, 0, 0
1681936544.2423394, 3.2, 2.959457e-07, -1.570137e-07, 3.350182e-07, 62.71762, 0, 0, 0
1681936552.1790771, -3.2, 1.027104e-06, -8.878449e-07, 9.887764e-07, 62.71762, 0, 0, 0
1681936560.095851, 3.2, 2.959457e-07, -1.570137e-07, 3.350182e-07, 62.71762, 0, 0, 0
1681936568.0146163, -3.2, 2.959457e-07, -1.570137e-07, 3.350182e-07, 332.0518, 0, 0, 0
1681936576.5545347, 3.2, 2.959457e-07, 1.304649e-06, 1.176524e-06, 332.0518, 0, 0, 0
1681936584.4722533, -3.2, 1.027104e-06, -1.570137e-07, 1.176524e-06, 199.8382, 0, 0, 0
1681936592.4257581, 3.2, 2.959457e-07, -1.570137e-07, 3.350182e-07, 351.3085, 0, 0, 0
1681936600.3977473, -3.2, 2.959457e-07, 5.738174e-07, 9.358699e-07, 29.191, 0, 0, 0
1681936608.3360398, 3.2, -4.352126e-07, -1.570137e-07, 7.201918e-07, 288.4348, 0, 0, 0
1681936616.2734516, -3.2, -4.352126e-07, -1.570137e-07, 1.039036e-06, 243.8864, 0, 0, 0
1681936624.1916356, 3.2, -4.352126e-07, -8.878449e-07, 3.350182e-07, 332.0518, 0, 0, 0
1681936632.659592, -3.2, 2.959457e-07, -1.570137e-07, 1.039036e-06, 332.0518, 0, 0, 0
1681936640.5909667, 3.2, 2.959457e-07, 5.738174e-07, 6.456394e-07, 332.0518, 0, 0, 0
1681936648.5595298, -3.2, 1.027104e-06, 5.738174e-07, 3.350182e-07, 319.1594, 0, 0, 0
1681936656.5306485, 3.2, 2.959457e-07, -1.570137e-07, 6.456394e-07, 288.4348, 0, 0, 0
1681936664.4983437, -3.2, 2.959457e-07, -1.570137e-07, 4.626697e-07, 127.1785, 0, 0, 0
1681936672.5125327, 3.2, 2.959457e-07, -1.570137e-07, 6.456394e-07, 332.0518, 0, 0, 0
1681936680.488162, -3.2, 1.027104e-06, -1.570137e-07, 3.350182e-07, 332.0518, 0, 0, 0
1681936688.4495208, 3.2, -4.352126e-07, -1.570137e-07, 1.039036e-06, 243.8864, 0, 0, 0
1681936697.0873814, -3.2, 2.959457e-07, -1.570137e-07, 3.350182e-07, 62.71762, 0, 0, 0
1681936705.0641868, 3.2, 2.959457e-07, -1.570137e-07, 9.358699e-07, 351.3085, 0, 0, 0
1681936713.023104, -3.2, 1.027104e-06, -1.570137e-07, 3.350182e-07, 127.1785, 0, 0, 0
1681936720.9856129, 3.2, 2.959457e-07, 5.738174e-07, 6.456394e-07, 62.71762, 0, 0, 0
1681936729.0036335, -3.2, 1.027104e-06, 5.738174e-07, 1.357649e-06, 62.71762, 0, 0, 0
1681936737.0745683, 3.2, -4.352126e-07, -1.570137e-07, 3.350182e-07, 288.4348, 0, 0, 0
1681936745.0234632, -3.2, -4.352126e-07, -1.570137e-07, 6.456394e-07, 62.71762, 0, 0, 0
1681936753.654757, 3.2, 2.959457e-07, -1.570137e-07, 3.350182e-07, 108.448, 0, 0, 0
1681936761.6806772, -3.2, 2.959457e-07, 5.738174e-07, 3.350182e-07, 62.71762, 0, 0, 0
1681936769.695551, 3.2, 2.959457e-07, -1.570137e-07, 3.350182e-07, 351.3085, 0, 0, 0
1681936777.6996849, -3.2, 2.959457e-07, -1.570137e-07, 6.456394e-07, 332.0518, 0, 0, 0
1681936785.6729212, 3.2, 2.959457e-07, 5.738174e-07, 6.456394e-07, 62.71762, 0, 0, 0
1681936793.6307127, -3.2, 2.959457e-07, 5.738174e-07, 4.626697e-07, 332.0518, 0, 0, 0
1681936801.673478, 3.2, 2.959457e-07, 5.738174e-07, 6.456394e-07, 332.0518, 0, 0, 0
1681936809.6589894, -3.2, 2.959457e-07, 5.738174e-07, 1.039036e-06, 62.71762, 0, 0, 0
1681936818.0387657, 3.2, 2.959457e-07, 5.738174e-07, 6.456394e-07, 62.71762, 0, 0, 0
1681936826.0625193, -3.2, 2.959457e-07, -8.878449e-07, 3.350182e-07, 332.0518, 0, 0, 0
1681936834.1069715, 3.2, 2.959457e-07, -1.570137e-07, 1.176524e-06, 332.0518, 0, 0, 0
1681936842.131238, -3.2, 2.959457e-07, -1.570137e-07, 9.358699e-07, 332.0518, 0, 0, 0
1681936850.1194763, 3.2, 2.959457e-07, -1.570137e-07, 6.456394e-07, 62.71762, 0, 0, 0
1681936858.1136825, -3.2, 2.959457e-07, 1.304649e-06, 7.201918e-07, 62.71762, 0, 0, 0
1681936866.2226477, 3.2, 2.959457e-07, -8.878449e-07, 1.039036e-06, 199.8382, 0, 0, 0
1681936874.9104223, -3.2, 2.959457e-07, 5.738174e-07, 3.350182e-07, 62.71762, 0, 0, 0
1681936882.928837, 3.2, 2.959457e-07, 5.738174e-07, 6.456394e-07, 332.0518, 0, 0, 0
1681936891.0233443, -3.2, 2.959457e-07, -8.878449e-07, 3.350182e-07, 332.0518, 0, 0, 0
1681936899.0995963, 3.2, 1.027104e-06, -8.878449e-07, 3.350182e-07, 62.71762, 0, 0, 0
1681936907.306547, -3.2, 2.959457e-07, 5.738174e-07, 9.358699e-07, 62.71762, 0, 0, 0
1681936915.3354886, 3.2, 2.959457e-07, -1.570137e-07, 3.350182e-07, 351.3085, 0, 0, 0
1681936923.412789, -3.2, 2.959457e-07, 5.738174e-07, 1.039036e-06, 332.0518, 0, 0, 0
1681936931.7494648, 3.2, 2.959457e-07, 5.738174e-07, 4.626697e-07, 332.0518, 0, 0, 0
1681936940.1394331, -3.2, 1.027104e-06, 5.738174e-07, 6.456394e-07, 127.1785, 0, 0, 0
1681936948.2198794, 3.2, 2.959457e-07, -1.570137e-07, 1.660437e-06, 199.8382, 0, 0, 0
1681936956.2947433, -3.2, 2.959457e-07, -1.570137e-07, 9.358699e-07, 62.71762, 0, 0, 0
1681936964.3818662, 3.2, -4.352126e-07, -1.570137e-07, 9.358699e-07, 332.0518, 0, 0, 0
1681936972.4678407, -3.2, 1.027104e-06, 5.738174e-07, 3.350182e-07, 199.8382, 0, 0, 0
1681936980.5464761, 3.2, 2.959457e-07, -1.570137e-07, 3.350182e-07, 332.0518, 0, 0, 0
1681936988.6634386, -3.2, 1.027104e-06, 5.738174e-07, 6.456394e-07, 351.3085, 0, 0, 0
1681936997.049676, 3.2, -4.352126e-07, -8.878449e-07, 6.456394e-07, 243.8864, 0, 0, 0
1681937005.136835, -3.2, 2.959457e-07, 5.738174e-07, 3.350182e-07, 332.0518, 0, 0, 0
1681937013.2434852, 3.2, 2.959457e-07, 5.738174e-07, 1.039036e-06, 29.191, 0, 0, 0
1681937021.3377638, -3.2, 2.959457e-07, -1.570137e-07, 4.626697e-07, 351.3085, 0, 0, 0
1681937029.4657023, 3.2, 1.027104e-06, -1.570137e-07, 1.039036e-06, 288.4348, 0, 0, 0
1681937037.555645, -3.2, 2.959457e-07, -1.570137e-07, 1.039036e-06, 62.71762, 0, 0, 0
1681937045.6075222, 3.2, 1.027104e-06, -1.570137e-07, 1.176524e-06, 332.0518, 0, 0, 0
1681937054.597089, -3.2, 2.959457e-07, 5.738174e-07, 6.456394e-07, 29.191, 0, 0, 0
1681937062.727395, 3.2, 1.027104e-06, -1.570137e-07, 1.176524e-06, 62.71762, 0, 0, 0
1681937070.8391259, -3.2, 2.959457e-07, -8.878449e-07, 6.456394e-07, 332.0518, 0, 0, 0
1681937078.9778385, 3.2, 2.959457e-07, 5.738174e-07, 3.350182e-07, 332.0518, 0, 0, 0
1681937087.0762088, -3.2, 2.959457e-07, -1.570137e-07, 3.350182e-07, 62.71762, 0, 0, 0
1681937095.1801677, 3.2, 2.959457e-07, -1.570137e-07, 1.039036e-06, 332.0518, 0, 0, 0
1681937103.329096, -3.2, 2.959457e-07, 5.738174e-07, 1.176524e-06, 351.3085, 0, 0, 0
1681937111.737074, 3.2, 2.959457e-07, -1.570137e-07, 6.456394e-07, 243.8864, 0, 0, 0
1681937119.8586097, -3.2, -4.352126e-07, -1.570137e-07, 1.357649e-06, 351.3085, 0, 0, 0
1681937128.0001366, 3.2, 2.959457e-07, 5.738174e-07, 1.660437e-06, 351.3085, 0, 0, 0
1681937136.1252701, -3.2, 1.027104e-06, -8.878449e-07, 9.358699e-07, 199.8382, 0, 0, 0
1681937144.2712762, 3.2, -4.352126e-07, -8.878449e-07, 3.350182e-07, 288.4348, 0, 0, 0
1681937152.4208996, -3.2, 2.959457e-07, -1.570137e-07, 1.039036e-06, 332.0518, 0, 0, 0
1681937160.5561798, 3.2, 1.027104e-06, 5.738174e-07, 1.039036e-06, 199.8382, 0, 0, 0
1681937168.7528436, -3.2, -4.352126e-07, -1.570137e-07, 3.350182e-07, 62.71762, 0, 0, 0
1681937177.2667875, 3.2, -4.352126e-07, -1.570137e-07, 4.626697e-07, 62.71762, 0, 0, 0
1681937185.3973484, -3.2, -4.352126e-07, 5.738174e-07, 1.176524e-06, 332.0518, 0, 0, 0
1681937193.5434272, 3.2, -4.352126e-07, 5.738174e-07, 3.350182e-07, 332.0518, 0, 0, 0
1681937201.7279499, -3.2, 2.959457e-07, 5.738174e-07, 1.039036e-06, 127.1785, 0, 0, 0
1681937209.9052567, 3.2, 1.027104e-06, -8.878449e-07, 1.176524e-06, 351.3085, 0, 0, 0
1681937218.0824041, -3.2, -4.352126e-07, -1.570137e-07, 3.350182e-07, 332.0518, 0, 0, 0
1681937226.2823825, 3.2, 2.959457e-07, 5.738174e-07, 9.358699e-07, 332.0518, 0, 0, 0
1681937235.1851482, -3.2, 2.959457e-07, 1.304649e-06, 3.350182e-07, 351.3085, 0, 0, 0
1681937243.4139326, 3.2, 2.959457e-07, -1.570137e-07, 7.201918e-07, 351.3085, 0, 0, 0
1681937251.551566, -3.2, 2.959457e-07, -1.570137e-07, 1.176524e-06, 62.71762, 0, 0, 0
1681937259.7357259, 3.2, 2.959457e-07, 5.738174e-07, 7.201918e-07, 288.4348, 0, 0, 0
1681937267.9537232, -3.2, 2.959457e-07, -1.570137e-07, 6.456394e-07, 332.0518, 0, 0, 0
1681937276.1001406, 3.2, 2.959457e-07, 5.738174e-07, 6.456394e-07, 62.71762, 0, 0, 0
1681937284.279667, -3.2, -4.352126e-07, -1.570137e-07, 6.456394e-07, 127.1785, 0, 0, 0
1681937293.386107, 3.2, 1.027104e-06, -1.570137e-07, 3.350182e-07, 127.1785, 0, 0, 0
1681937301.5719805, -3.2, 2.959457e-07, 5.738174e-07, 6.456394e-07, 332.0518, 0, 0, 0
1681937309.7085965, 3.2, 2.959457e-07, -1.570137e-07, 6.456394e-07, 29.191, 0, 0, 0
1681937317.897168, -3.2, 2.959457e-07, 5.738174e-07, 9.358699e-07, 351.3085, 0, 0, 0
1681937326.1566513, 3.2, 2.959457e-07, -1.570137e-07, 9.887764e-07, 62.71762, 0, 0, 0
1681937334.357285, -3.2, 2.959457e-07, 5.738174e-07, 1.039036e-06, 332.0518, 0, 0, 0
1681937342.6713507, 3.2, -4.352126e-07, -1.570137e-07, 6.456394e-07, 127.1785, 0, 0, 0
1681937351.2435803, -3.2, 2.959457e-07, -1.570137e-07, 4.626697e-07, 62.71762, 0, 0, 0
1681937359.4595032, 3.2, 1.027104e-06, -1.570137e-07, 1.039036e-06, 29.191, 0, 0, 0
1681937367.6676066, -3.2, 2.959457e-07, 5.738174e-07, 1.29988e-06, 332.0518, 0, 0, 0
1681937375.8634708, 3.2, 1.027104e-06, 1.304649e-06, 6.456394e-07, 199.8382, 0, 0, 0
1681937384.0891485, -3.2, 2.959457e-07, 5.738174e-07, 6.456394e-07, 332.0518, 0, 0, 0
1681937392.3338578, 3.2, 1.027104e-06, 5.738174e-07, 3.350182e-07, 243.8864, 0, 0, 0
1681937400.5449939, -3.2, 1.027104e-06, -1.570137e-07, 4.626697e-07, 62.71762, 0, 0, 0
1681937408.810531, 3.2, 2.959457e-07, 5.738174e-07, 1.039036e-06, 199.8382, 0, 0, 0
1681937417.3155887, -3.2, 2.959457e-07, -1.570137e-07, 6.456394e-07, 62.71762, 0, 0, 0
1681937425.5706837, 3.2, 2.959457e-07, -1.570137e-07, 6.456394e-07, 199.8382, 0, 0, 0
1681937433.874526, -3.2, -4.352126e-07, -1.570137e-07, 4.626697e-07, 62.71762, 0, 0, 0
1681937442.1357257, 3.2, 2.959457e-07, -1.570137e-07, 3.350182e-07, 127.1785, 0, 0, 0
1681937450.391027, -3.2, 2.959457e-07, -1.570137e-07, 3.350182e-07, 62.71762, 0, 0, 0
1681937458.6781332, 3.2, 2.959457e-07, -1.570137e-07, 3.350182e-07, 332.0518, 0, 0, 0
1681937466.9679585, -3.2, 1.027104e-06, 1.304649e-06, 3.350182e-07, 127.1785, 0, 0, 0
1681937475.9209695, 3.2, -4.352126e-07, 1.304649e-06, 6.456394e-07, 332.0518, 0, 0, 0
1681937484.1410017, -3.2, -4.352126e-07, -1.570137e-07, 1.176524e-06, 62.71762, 0, 0, 0
1681937492.4145458, 3.2, 2.959457e-07, -1.570137e-07, 4.626697e-07, 77.21934, 0, 0, 0
1681937500.6778166, -3.2, 2.959457e-07, -1.570137e-07, 3.350182e-07, 62.71762, 0, 0, 0
1681937508.9672573, 3.2, 2.959457e-07, -1.570137e-07, 3.350182e-07, 127.1785, 0, 0, 0
1681937517.2515686, -3.2, -4.352126e-07, 5.738174e-07, 1.039036e-06, 332.0518, 0, 0, 0
1681937525.5359828, 3.2, 2.959457e-07, 5.738174e-07, 3.350182e-07, 127.1785, 0, 0, 0
1681937534.729758, -3.2, 2.959457e-07, -1.570137e-07, 6.456394e-07, 62.71762, 0, 0, 0
1681937543.0265186, 3.2, 2.959457e-07, -1.570137e-07, 3.350182e-07, 332.0518, 0, 0, 0
1681937551.3246589, -3.2, 1.027104e-06, -1.570137e-07, 1.176524e-06, 332.0518, 0, 0, 0
1681937559.6136289, 3.2, 2.959457e-07, -1.570137e-07, 3.350182e-07, 332.0518, 0, 0, 0
1681937567.8784056, -3.2, 2.959457e-07, -1.570137e-07, 3.350182e-07, 319.1594, 0, 0, 0
1681937576.1799943, 3.2, 2.959457e-07, 5.738174e-07, 1.176524e-06, 62.71762, 0, 0, 0
1681937584.5146048, -3.2, 1.027104e-06, -1.570137e-07, 3.350182e-07, 332.0518, 0, 0, 0
1681937593.4833384, 3.2, 2.959457e-07, -1.570137e-07, 7.201918e-07, 62.71762, 0, 0, 0
1681937601.7572787, -3.2, -4.352126e-07, -1.570137e-07, 6.456394e-07, 351.3085, 0, 0, 0
1681937610.0653315, 3.2, -4.352126e-07, -1.570137e-07, 7.201918e-07, 62.71762, 0, 0, 0
1681937618.3983274, -3.2, 2.959457e-07, 5.738174e-07, 3.350182e-07, 62.71762, 0, 0, 0
1681937626.7267992, 3.2, 2.959457e-07, 5.738174e-07, 1.039036e-06, 332.0518, 0, 0, 0
1681937635.070645, -3.2, 2.959457e-07, -1.570137e-07, 6.456394e-07, 351.3085, 0, 0, 0
1681937643.3955598, 3.2, 2.959457e-07, -1.570137e-07, 3.350182e-07, 29.191, 0, 0, 0
1681937652.1874902, -3.2, 2.959457e-07, 5.738174e-07, 9.887764e-07, 127.1785, 0, 0, 0
1681937660.5000906, 3.2, 1.027104e-06, 5.738174e-07, 9.358699e-07, 332.0518, 0, 0, 0
1681937668.8013797, -3.2, -4.352126e-07, 5.738174e-07, 1.176524e-06, 332.0518, 0, 0, 0
1681937677.1617334, 3.2, 2.959457e-07, -1.570137e-07, 3.350182e-07, 199.8382, 0, 0, 0
1681937685.5049362, -3.2, -4.352126e-07, -8.878449e-07, 6.456394e-07, 77.21934, 0, 0, 0
1681937693.8422348, 3.2, 1.027104e-06, 5.738174e-07, 3.350182e-07, 62.71762, 0, 0, 0
1681937702.193143, -3.2, 2.959457e-07, 5.738174e-07, 6.456394e-07, 127.1785, 0, 0, 0
1681937710.5619528, 3.2, 1.027104e-06, 5.738174e-07, 3.350182e-07, 332.0518, 0, 0, 0
1681937718.941374, -3.2, 2.959457e-07, 5.738174e-07, 1.039036e-06, 62.71762, 0, 0, 0
1681937727.337867, 3.2, 2.959457e-07, -1.570137e-07, 3.350182e-07, 62.71762, 0, 0, 0
1681937735.649386, -3.2, 2.959457e-07, -1.570137e-07, 4.626697e-07, 332.0518, 0, 0, 0
1681937744.008848, 3.2, 2.959457e-07, 5.738174e-07, 1.039036e-06, 288.4348, 0, 0, 0
1681937752.3788078, -3.2, 1.027104e-06, 5.738174e-07, 1.337794e-06, 332.0518, 0, 0, 0
1681937760.7531402, 3.2, 2.959457e-07, -8.878449e-07, 3.350182e-07, 62.71762, 0, 0, 0
1681937769.1478286, -3.2, 2.959457e-07, -1.570137e-07, 3.350182e-07, 332.0518, 0, 0, 0
1681937778.006984, 3.2, 1.027104e-06, 5.738174e-07, 6.456394e-07, 199.8382, 0, 0, 0
1681937786.385942, -3.2, 1.027104e-06, 5.738174e-07, 3.350182e-07, 288.4348, 0, 0, 0
1681937794.753234, 3.2, 2.959457e-07, -1.570137e-07, 1.176892e-06, 62.71762, 0, 0, 0
1681937803.1459157, -3.2, 1.027104e-06, -1.570137e-07, 3.350182e-07, 62.71762, 0, 0, 0
1681937811.4953725, 3.2, 1.027104e-06, -1.570137e-07, 6.456394e-07, 62.71762, 0, 0, 0
1681937819.9225152, -3.2, 1.027104e-06, -1.570137e-07, 1.337794e-06, 77.21934, 0, 0, 0
1681937828.3138554, 3.2, 2.959457e-07, -1.570137e-07, 6.456394e-07, 351.3085, 0, 0, 0
1681937837.333696, -3.2, 2.959457e-07, 5.738174e-07, 3.350182e-07, 332.0518, 0, 0, 0
1681937845.7589467, 3.2, 2.959457e-07, -1.570137e-07, 3.350182e-07, 319.1594, 0, 0, 0
1681937854.117501, -3.2, 2.959457e-07, -1.570137e-07, 3.350182e-07, 62.71762, 0, 0, 0
1681937862.5638173, 3.2, 1.027104e-06, 5.738174e-07, 7.201918e-07, 351.3085, 0, 0, 0
1681937871.009558, -3.2, -4.352126e-07, -1.570137e-07, 6.456394e-07, 332.0518, 0, 0, 0
1681937879.414284, 3.2, 2.959457e-07, 5.738174e-07, 6.456394e-07, 62.71762, 0, 0, 0
1681937887.8988724, -3.2, 2.959457e-07, -8.878449e-07, 1.337794e-06, 199.8382, 0, 0, 0
1681937897.168745, 3.2, 2.959457e-07, -8.878449e-07, 1.176524e-06, 332.0518, 0, 0, 0
1681937905.5965526, -3.2, 2.959457e-07, 5.738174e-07, 1.357649e-06, 332.0518, 0, 0, 0
1681937914.011468, 3.2, 2.959457e-07, -1.570137e-07, 4.626697e-07, 62.71762, 0, 0, 0
1681937922.4305816, -3.2, -1.166371e-06, -1.570137e-07, 6.456394e-07, 332.0518, 0, 0, 0
1681937930.8531945, 3.2, 2.959457e-07, -1.570137e-07, 1.039036e-06, 62.71762, 0, 0, 0
1681937939.2898908, -3.2, 2.959457e-07, -1.570137e-07, 3.350182e-07, 351.3085, 0, 0, 0
1681937947.7343264, 3.2, 2.959457e-07, -1.570137e-07, 6.456394e-07, 62.71762, 0, 0, 0
1681937956.7235034, -3.2, -4.352126e-07, -1.570137e-07, 1.176524e-06, 199.8382, 0, 0, 0
1681937965.1676903, 3.2, 2.959457e-07, -1.570137e-07, 3.350182e-07, 77.21934, 0, 0, 0
1681937973.6367073, -3.2, 1.027104e-06, -1.570137e-07, 6.456394e-07, 288.4348, 0, 0, 0
1681937982.108133, 3.2, 2.959457e-07, 5.738174e-07, 3.350182e-07, 62.71762, 0, 0, 0
1681937990.5877407, -3.2, -4.352126e-07, 5.738174e-07, 6.456394e-07, 351.3085, 0, 0, 0
1681937999.0371933, 3.2, 2.959457e-07, -1.570137e-07, 3.350182e-07, 199.8382, 0, 0, 0
1681938007.5222242, -3.2, 2.959457e-07, -1.570137e-07, 3.350182e-07, 332.0518, 0, 0, 0
1681938016.9287908, 3.2, 1.027104e-06, -1.570137e-07, 1.039036e-06, 29.191, 0, 0, 0
1681938025.4343522, -3.2, 2.959457e-07, -1.570137e-07, 9.358699e-07, 332.0518, 0, 0, 0
1681938033.9358509, 3.2, 2.959457e-07, -1.570137e-07, 3.350182e-07, 62.71762, 0, 0, 0
1681938042.41348, -3.2, 1.027104e-06, 5.738174e-07, 3.350182e-07, 51.78788, 0, 0, 0
1681938050.9321678, 3.2, 2.959457e-07, 5.738174e-07, 3.350182e-07, 288.4348, 0, 0, 0
1681938059.388673, -3.2, 2.959457e-07, -1.570137e-07, 6.456394e-07, 62.71762, 0, 0, 0
1681938067.8900688, 3.2, 2.959457e-07, -8.878449e-07, 1.039036e-06, 332.0518, 0, 0, 0
1681938076.8314664, -3.2, 2.959457e-07, -1.570137e-07, 1.357649e-06, 29.191, 0, 0, 0
1681938085.3175259, 3.2, 2.959457e-07, 5.738174e-07, 1.176524e-06, 332.0518, 0, 0, 0
1681938093.8149586, -3.2, -4.352126e-07, -1.570137e-07, 1.337794e-06, 62.71762, 0, 0, 0
1681938102.310348, 3.2, 2.959457e-07, -1.570137e-07, 3.350182e-07, 199.8382, 0, 0, 0
1681938111.1175578, -3.2, 2.959457e-07, 5.738174e-07, 3.350182e-07, 62.71762, 0, 0, 0
1681938119.6437745, 3.2, 2.959457e-07, -1.570137e-07, 6.456394e-07, 332.0518, 0, 0, 0
1681938128.194647, -3.2, -4.352126e-07, -1.570137e-07, 3.350182e-07, 62.71762, 0, 0, 0
1681938137.2153614, 3.2, 2.959457e-07, -1.570137e-07, 1.176524e-06, 332.0518, 0, 0, 0
1681938145.758649, -3.2, 1.027104e-06, -1.570137e-07, 4.626697e-07, 332.0518, 0, 0, 0
1681938154.271431, 3.2, 2.959457e-07, -1.570137e-07, 1.039036e-06, 199.8382, 0, 0, 0
1681938162.7607703, -3.2, 1.027104e-06, -1.570137e-07, 3.350182e-07, 62.71762, 0, 0, 0
1681938171.2954888, 3.2, 1.027104e-06, -1.570137e-07, 1.039036e-06, 332.0518, 0, 0, 0
1681938179.8447213, -3.2, 2.959457e-07, 5.738174e-07, 1.337794e-06, 62.71762, 0, 0, 0
1681938188.4410396, 3.2, -4.352126e-07, -1.570137e-07, 3.350182e-07, 29.191, 0, 0, 0
1681938197.485267, -3.2, 1.027104e-06, 1.304649e-06, 9.358699e-07, 62.71762, 0, 0, 0
1681938206.0310512, 3.2, 2.959457e-07, 5.738174e-07, 6.456394e-07, 62.71762, 0, 0, 0
1681938215.189715, -3.2, 2.959457e-07, -1.570137e-07, 1.176524e-06, 351.3085, 0, 0, 0
1681938223.7956905, 3.2, 1.027104e-06, -1.570137e-07, 3.350182e-07, 62.71762, 0, 0, 0
1681938232.3279035, -3.2, 2.959457e-07, -1.570137e-07, 4.626697e-07, 351.3085, 0, 0, 0
1681938240.9074311, 3.2, 2.959457e-07, 5.738174e-07, 3.350182e-07, 29.191, 0, 0, 0
1681938251.032674, -3.2, 2.959457e-07, 5.738174e-07, 4.626697e-07, 62.71762, 0, 0, 0
1681938259.5767403, 3.2, 1.027104e-06, 5.738174e-07, 3.350182e-07, 62.71762, 0, 0, 0
1681938268.1347952, -3.2, 2.959457e-07, -1.570137e-07, 6.456394e-07, 29.191, 0, 0, 0
1681938276.7028208, 3.2, 1.027104e-06, 5.738174e-07, 6.456394e-07, 127.1785, 0, 0, 0
1681938285.2778304, -3.2, -4.352126e-07, -1.570137e-07, 3.350182e-07, 332.0518, 0, 0, 0
1681938293.8235335, 3.2, 2.959457e-07, -1.570137e-07, 3.350182e-07, 332.0518, 0, 0, 0
1681938302.4210725, -3.2, 1.027104e-06, 5.738174e-07, 6.456394e-07, 62.71762, 0, 0, 0
1681938311.0424829, 3.2, 2.959457e-07, 5.738174e-07, 3.350182e-07, 288.4348, 0, 0, 0
1681938319.601346, -3.2, -4.352126e-07, -1.570137e-07, 1.039036e-06, 29.191, 0, 0, 0
1681938328.2335923, 3.2, 2.959457e-07, -1.570137e-07, 3.350182e-07, 332.0518, 0, 0, 0
1681938336.8156693, -3.2, 1.027104e-06, -1.570137e-07, 1.337794e-06, 351.3085, 0, 0, 0
1681938345.5230532, 3.2, 2.959457e-07, 5.738174e-07, 9.358699e-07, 62.71762, 0, 0, 0
1681938354.0761466, -3.2, 2.959457e-07, 5.738174e-07, 6.456394e-07, 127.1785, 0, 0, 0
1681938362.6710157, 3.2, 2.959457e-07, -8.878449e-07, 6.456394e-07, 332.0518, 0, 0, 0
1681938371.4848998, -3.2, -4.352126e-07, -8.878449e-07, 3.350182e-07, 62.71762, 0, 0, 0
1681938380.0987043, 3.2, 2.959457e-07, -1.570137e-07, 4.626697e-07, 62.71762, 0, 0, 0
1681938388.707534, -3.2, 2.959457e-07, -8.878449e-07, 6.456394e-07, 29.191, 0, 0, 0
1681938397.2884848, 3.2, 2.959457e-07, 1.304649e-06, 3.350182e-07, 351.3085, 0, 0, 0
1681938405.9046886, -3.2, 2.959457e-07, 5.738174e-07, 3.350182e-07, 62.71762, 0, 0, 0
1681938414.5220308, 3.2, -4.352126e-07, 5.738174e-07, 3.350182e-07, 332.0518, 0, 0, 0
1681938423.114248, -3.2, 2.959457e-07, -1.570137e-07, 3.350182e-07, 29.191, 0, 0, 0
1681938432.4741383, 3.2, 2.959457e-07, -1.570137e-07, 1.039036e-06, 62.71762, 0, 0, 0
1681938441.0879378, -3.2, -4.352126e-07, 5.738174e-07, 3.350182e-07, 351.3085, 0, 0, 0
1681938449.7230296, 3.2, 2.959457e-07, -1.570137e-07, 7.201918e-07, 62.71762, 0, 0, 0
1681938458.334657, -3.2, 1.027104e-06, 5.738174e-07, 1.176524e-06, 332.0518, 0, 0, 0
1681938466.9813087, 3.2, 2.959457e-07, 5.738174e-07, 3.350182e-07, 62.71762, 0, 0, 0
1681938475.6210473, -3.2, 2.959457e-07, -1.570137e-07, 9.358699e-07, 332.0518, 0, 0, 0
1681938484.4619274, 3.2, -4.352126e-07, -8.878449e-07, 3.350182e-07, 351.3085, 0, 0, 0
1681938494.2448297, -3.2, 1.027104e-06, -1.570137e-07, 7.201918e-07, 332.0518, 0, 0, 0
1681938502.8835943, 3.2, 2.959457e-07, 1.304649e-06, 3.350182e-07, 77.21934, 0, 0, 0
1681938511.53513, -3.2, 1.027104e-06, -1.570137e-07, 4.626697e-07, 332.0518, 0, 0, 0
1681938520.1820042, 3.2, 2.959457e-07, -1.570137e-07, 4.626697e-07, 62.71762, 0, 0, 0
1681938528.8203778, -3.2, 2.959457e-07, -1.570137e-07, 1.039036e-06, 62.71762, 0, 0, 0
1681938537.5086532, 3.2, 2.959457e-07, -1.570137e-07, 6.456394e-07, 332.0518, 0, 0, 0
1681938546.2178986, -3.2, 1.027104e-06, 5.738174e-07, 6.456394e-07, 332.0518, 0, 0, 0
1681938555.666211, 3.2, 2.959457e-07, -1.570137e-07, 6.456394e-07, 288.4348, 0, 0, 0
1681938564.296326, -3.2, 2.959457e-07, -1.570137e-07, 9.358699e-07, 62.71762, 0, 0, 0
1681938572.9871283, 3.2, 2.959457e-07, -1.570137e-07, 3.350182e-07, 332.0518, 0, 0, 0
1681938581.687681, -3.2, -4.352126e-07, 5.738174e-07, 1.337794e-06, 332.0518, 0, 0, 0
1681938590.3761907, 3.2, 2.959457e-07, -1.570137e-07, 3.350182e-07, 351.3085, 0, 0, 0
1681938599.0667574, -3.2, 2.959457e-07, -1.570137e-07, 7.201918e-07, 62.71762, 0, 0, 0
1681938607.7482188, 3.2, 2.959457e-07, -1.570137e-07, 1.039036e-06, 243.8864, 0, 0, 0
1681938617.066623, -3.2, 2.959457e-07, -1.570137e-07, 3.350182e-07, 332.0518, 0, 0, 0
1681938625.817492, 3.2, 2.959457e-07, -1.570137e-07, 3.350182e-07, 199.8382, 0, 0, 0
1681938634.497849, -3.2, 2.959457e-07, -8.878449e-07, 3.350182e-07, 332.0518, 0, 0, 0
1681938643.2597513, 3.2, 2.959457e-07, -1.570137e-07, 1.039036e-06, 351.3085, 0, 0, 0
1681938652.0071716, -3.2, 2.959457e-07, -1.570137e-07, 6.456394e-07, 29.191, 0, 0, 0
1681938660.6778345, 3.2, -4.352126e-07, -8.878449e-07, 3.350182e-07, 351.3085, 0, 0, 0
1681938669.3779902, -3.2, -4.352126e-07, -1.570137e-07, 6.456394e-07, 351.3085, 0, 0, 0
1681938678.1316764, 3.2, -4.352126e-07, 5.738174e-07, 1.039036e-06, 77.21934, 0, 0, 0
1681938686.8578777, -3.2, -4.352126e-07, -1.570137e-07, 3.350182e-07, 351.3085, 0, 0, 0
1681938695.6827438, 3.2, 2.959457e-07, -1.570137e-07, 3.350182e-07, 351.3085, 0, 0, 0
1681938704.4477386, -3.2, -4.352126e-07, 5.738174e-07, 6.456394e-07, 332.0518, 0, 0, 0
1681938713.1555827, 3.2, 2.959457e-07, -1.570137e-07, 6.456394e-07, 332.0518, 0, 0, 0
1681938721.8769104, -3.2, 2.959457e-07, -1.570137e-07, 3.350182e-07, 332.0518, 0, 0, 0
1681938730.5691404, 3.2, -4.352126e-07, -1.570137e-07, 3.350182e-07, 199.8382, 0, 0, 0
1681938739.3240936, -3.2, -4.352126e-07, -1.570137e-07, 1.176524e-06, 62.71762, 0, 0, 0
1681938748.0604792, 3.2, 2.959457e-07, -1.570137e-07, 3.350182e-07, 351.3085, 0, 0, 0
1681938756.8086078, -3.2, 2.959457e-07, -1.570137e-07, 4.626697e-07, 332.0518, 0, 0, 0
1681938765.562126, 3.2, 2.959457e-07, -1.570137e-07, 6.456394e-07, 199.8382, 0, 0, 0
1681938774.307173, -3.2, 2.959457e-07, -8.878449e-07, 7.201918e-07, 62.71762, 0, 0, 0
1681938783.06276, 3.2, 2.959457e-07, -1.570137e-07, 3.350182e-07, 199.8382, 0, 0, 0
1681938792.1729834, -3.2, 2.959457e-07, 5.738174e-07, 6.456394e-07, 332.0518, 0, 0, 0
1681938800.9603796, 3.2, -4.352126e-07, -1.570137e-07, 9.887764e-07, 332.0518, 0, 0, 0
1681938809.6707575, -3.2, 2.959457e-07, 5.738174e-07, 1.337794e-06, 243.8864, 0, 0, 0
1681938818.455008, 3.2, -4.352126e-07, -1.570137e-07, 3.350182e-07, 62.71762, 0, 0, 0
1681938827.241811, -3.2, 2.959457e-07, -1.570137e-07, 3.350182e-07, 199.8382, 0, 0, 0
1681938836.023957, 3.2, 2.959457e-07, -1.570137e-07, 3.350182e-07, 332.0518, 0, 0, 0
1681938844.7809162, -3.2, 2.959457e-07, -8.878449e-07, 7.201918e-07, 199.8382, 0, 0, 0
1681938854.6743479, 3.2, 2.959457e-07, 1.304649e-06, 3.350182e-07, 199.8382, 0, 0, 0
1681938863.4387376, -3.2, 2.959457e-07, 5.738174e-07, 9.887764e-07, 127.1785, 0, 0, 0
1681938872.2201436, 3.2, -4.352126e-07, -1.570137e-07, 7.201918e-07, 62.71762, 0, 0, 0
1681938881.0046952, -3.2, 2.959457e-07, 5.738174e-07, 3.350182e-07, 351.3085, 0, 0, 0
1681938889.7772334, 3.2, -4.352126e-07, -1.570137e-07, 3.350182e-07, 332.0518, 0, 0, 0
1681938898.5734909, -3.2, 1.027104e-06, 5.738174e-07, 3.350182e-07, 351.3085, 0, 0, 0
1681938907.4422565, 3.2, 2.959457e-07, -1.570137e-07, 1.039036e-06, 29.191, 0, 0, 0
1681938916.8526974, -3.2, 1.027104e-06, -1.570137e-07, 1.039036e-06, 288.4348, 0, 0, 0
1681938925.627299, 3.2, 2.959457e-07, -1.570137e-07, 1.039036e-06, 332.0518, 0, 0, 0
1681938934.4148126, -3.2, -4.352126e-07, 5.738174e-07, 3.350182e-07, 29.191, 0, 0, 0
1681938943.223708, 3.2, 2.959457e-07, -1.570137e-07, 9.358699e-07, 351.3085, 0, 0, 0
1681938952.0260048, -3.2, -4.352126e-07, 5.738174e-07, 6.456394e-07, 62.71762, 0, 0, 0
1681938960.828448, 3.2, -4.352126e-07, -1.570137e-07, 1.337794e-06, 199.8382, 0, 0, 0
1681938969.6455395, -3.2, 2.959457e-07, -8.878449e-07, 7.201918e-07, 332.0518, 0, 0, 0
1681938978.4780943, 3.2, 2.959457e-07, -1.570137e-07, 6.456394e-07, 332.0518, 0, 0, 0
1681938987.5920305, -3.2, 1.758262e-06, -1.570137e-07, 1.039036e-06, 199.8382, 0, 0, 0
1681938996.4130166, 3.2, 2.959457e-07, -1.570137e-07, 4.626697e-07, 62.71762, 0, 0, 0
1681939005.215472, -3.2, 2.959457e-07, -8.878449e-07, 6.456394e-07, 77.21934, 0, 0, 0
1681939014.11069, 3.2, -4.352126e-07, -1.570137e-07, 7.201918e-07, 29.191, 0, 0, 0
1681939022.953623, -3.2, 2.959457e-07, -1.570137e-07, 6.456394e-07, 332.0518, 0, 0, 0
1681939032.5434666, 3.2, 2.959457e-07, -1.570137e-07, 3.350182e-07, 62.71762, 0, 0, 0
1681939041.3907716, -3.2, 1.027104e-06, 1.304649e-06, 1.039036e-06, 77.21934, 0, 0, 0
1681939050.2497962, 3.2, -4.352126e-07, -1.570137e-07, 3.350182e-07, 29.191, 0, 0, 0
1681939059.1262553, -3.2, 2.959457e-07, 5.738174e-07, 3.350182e-07, 332.0518, 0, 0, 0
1681939067.9520056, 3.2, -4.352126e-07, 5.738174e-07, 6.456394e-07, 332.0518, 0, 0, 0
1681939076.7811599, -3.2, 1.027104e-06, -1.570137e-07, 7.201918e-07, 62.71762, 0, 0, 0
1681939085.6511247, 3.2, 1.027104e-06, 5.738174e-07, 1.039036e-06, 29.191, 0, 0, 0
1681939095.7299073, -3.2, 2.959457e-07, 5.738174e-07, 9.358699e-07, 127.1785, 0, 0, 0
1681939104.602005, 3.2, -4.352126e-07, -8.878449e-07, 7.201918e-07, 199.8382, 0, 0, 0
1681939113.4610026, -3.2, 1.027104e-06, -8.878449e-07, 1.039036e-06, 351.3085, 0, 0, 0
1681939122.3123622, 3.2, 2.959457e-07, 5.738174e-07, 7.201918e-07, 29.191, 0, 0, 0
1681939131.179675, -3.2, 2.959457e-07, 5.738174e-07, 7.201918e-07, 77.21934, 0, 0, 0
1681939140.0094862, 3.2, 2.959457e-07, -1.570137e-07, 3.350182e-07, 332.0518, 0, 0, 0
1681939148.8978274, -3.2, -4.352126e-07, 1.304649e-06, 1.176524e-06, 62.71762, 0, 0, 0
1681939158.1978955, 3.2, 2.959457e-07, 5.738174e-07, 6.456394e-07, 288.4348, 0, 0, 0
1681939167.0577009, -3.2, 2.959457e-07, -1.570137e-07, 3.350182e-07, 332.0518, 0, 0, 0
1681939176.0166962, 3.2, 2.959457e-07, -1.570137e-07, 1.375325e-06, 332.0518, 0, 0, 0
1681939184.853629, -3.2, 2.959457e-07, 5.738174e-07, 6.456394e-07, 62.71762, 0, 0, 0
1681939193.7769973, 3.2, 2.959457e-07, -1.570137e-07, 1.337794e-06, 29.191, 0, 0, 0
1681939202.6647346, -3.2, 2.959457e-07, -1.570137e-07, 3.350182e-07, 332.0518, 0, 0, 0
1681939211.8743584, 3.2, 2.959457e-07, -1.570137e-07, 6.456394e-07, 62.71762, 0, 0, 0
1681939220.7680788, -3.2, 2.959457e-07, 5.738174e-07, 6.456394e-07, 127.1785, 0, 0, 0
1681939229.6543734, 3.2, 1.027104e-06, -8.878449e-07, 7.201918e-07, 29.191, 0, 0, 0
1681939238.574498, -3.2, 2.959457e-07, 5.738174e-07, 3.350182e-07, 62.71762, 0, 0, 0
1681939247.4357598, 3.2, 2.959457e-07, -1.570137e-07, 1.29988e-06, 127.1785, 0, 0, 0
1681939256.6725104, -3.2, 2.959457e-07, -1.570137e-07, 3.350182e-07, 127.1785, 0, 0, 0
1681939265.6216166, 3.2, -4.352126e-07, -1.570137e-07, 9.887764e-07, 62.71762, 0, 0, 0
1681939275.510741, -3.2, -4.352126e-07, -1.570137e-07, 7.201918e-07, 332.0518, 0, 0, 0
1681939284.4551668, 3.2, 2.959457e-07, -8.878449e-07, 3.350182e-07, 351.3085, 0, 0, 0
1681939293.3200047, -3.2, 2.959457e-07, -1.570137e-07, 3.350182e-07, 332.0518, 0, 0, 0
1681939302.2666008, 3.2, 2.959457e-07, -1.570137e-07, 1.337794e-06, 62.71762, 0, 0, 0
1681939311.19315, -3.2, -4.352126e-07, -1.570137e-07, 6.456394e-07, 127.1785, 0, 0, 0
1681939320.1505704, 3.2, 1.027104e-06, -1.570137e-07, 3.350182e-07, 29.191, 0, 0, 0
1681939329.1184258, -3.2, 2.959457e-07, -1.570137e-07, 3.350182e-07, 199.8382, 0, 0, 0
1681939338.5502577, 3.2, 2.959457e-07, 5.738174e-07, 6.456394e-07, 62.71762, 0, 0, 0
1681939347.5591056, -3.2, -4.352126e-07, -1.570137e-07, 3.350182e-07, 332.0518, 0, 0, 0
1681939356.4929793, 3.2, -4.352126e-07, -1.570137e-07, 6.456394e-07, 319.1594, 0, 0, 0
1681939365.4728496, -3.2, 1.027104e-06, 5.738174e-07, 6.456394e-07, 29.191, 0, 0, 0
1681939374.4216232, 3.2, -4.352126e-07, -1.570137e-07, 3.350182e-07, 62.71762, 0, 0, 0
1681939383.378879, -3.2, 2.959457e-07, 5.738174e-07, 6.456394e-07, 332.0518, 0, 0, 0
1681939392.881743, 3.2, 1.027104e-06, 5.738174e-07, 3.350182e-07, 332.0518, 0, 0, 0
1681939401.8393595, -3.2, 1.027104e-06, 5.738174e-07, 6.456394e-07, 77.21934, 0, 0, 0
1681939410.8025901, 3.2, 2.959457e-07, 5.738174e-07, 6.456394e-07, 127.1785, 0, 0, 0
1681939419.7136917, -3.2, 2.959457e-07, -1.570137e-07, 6.456394e-07, 62.71762, 0, 0, 0
1681939428.6858504, 3.2, 2.959457e-07, -1.570137e-07, 1.375325e-06, 351.3085, 0, 0, 0
1681939437.6287, -3.2, 2.959457e-07, -1.570137e-07, 6.456394e-07, 243.8864, 0, 0, 0
1681939446.6008203, 3.2, 2.959457e-07, 5.738174e-07, 3.350182e-07, 332.0518, 0, 0, 0
1681939456.807098, -3.2, 1.027104e-06, 5.738174e-07, 6.456394e-07, 127.1785, 0, 0, 0
1681939465.8662314, 3.2, 1.758262e-06, -8.878449e-07, 1.357649e-06, 62.71762, 0, 0, 0
1681939474.931758, -3.2, 2.959457e-07, -1.570137e-07, 7.201918e-07, 332.0518, 0, 0, 0
1681939483.9039621, 3.2, 1.027104e-06, 5.738174e-07, 9.358699e-07, 351.3085, 0, 0, 0
1681939492.9306204, -3.2, 2.959457e-07, 5.738174e-07, 7.201918e-07, 127.1785, 0, 0, 0
1681939501.9490752, 3.2, 2.959457e-07, -8.878449e-07, 3.350182e-07, 199.8382, 0, 0, 0
1681939511.0219347, -3.2, -4.352126e-07, -8.878449e-07, 1.337794e-06, 199.8382, 0, 0, 0
1681939520.0214684, 3.2, 1.027104e-06, -1.570137e-07, 7.201918e-07, 62.71762, 0, 0, 0
1681939529.067741, -3.2, 1.027104e-06, -1.570137e-07, 3.350182e-07, 62.71762, 0, 0, 0
1681939538.0706778, 3.2, 2.959457e-07, 5.738174e-07, 3.350182e-07, 332.0518, 0, 0, 0
1681939547.0723004, -3.2, 1.027104e-06, -1.570137e-07, 6.456394e-07, 62.71762, 0, 0, 0
1681939556.3943162, 3.2, 2.959457e-07, 5.738174e-07, 1.039036e-06, 243.8864, 0, 0, 0
1681939565.4049165, -3.2, 2.959457e-07, 5.738174e-07, 1.176524e-06, 351.3085, 0, 0, 0
1681939575.6712294, 3.2, 2.959457e-07, 5.738174e-07, 3.350182e-07, 288.4348, 0, 0, 0
1681939584.699662, -3.2, 2.959457e-07, 5.738174e-07, 6.456394e-07, 243.8864, 0, 0, 0
1681939593.736771, 3.2, -4.352126e-07, 5.738174e-07, 1.176524e-06, 288.4348, 0, 0, 0
1681939602.797636, -3.2, 2.959457e-07, 1.304649e-06, 3.350182e-07, 351.3085, 0, 0, 0
1681939611.8634243, 3.2, 2.959457e-07, 5.738174e-07, 1.375325e-06, 332.0518, 0, 0, 0
1681939620.9085453, -3.2, 1.027104e-06, -1.570137e-07, 9.358699e-07, 288.4348, 0, 0, 0
1681939629.9577668, 3.2, 2.959457e-07, -1.570137e-07, 3.350182e-07, 351.3085, 0, 0, 0
1681939639.2145426, -3.2, 1.027104e-06, -1.570137e-07, 3.350182e-07, 332.0518, 0, 0, 0
1681939648.2389245, 3.2, 1.027104e-06, 5.738174e-07, 6.456394e-07, 29.191, 0, 0, 0
1681939657.3321927, -3.2, 2.959457e-07, 5.738174e-07, 6.456394e-07, 332.0518, 0, 0, 0
1681939666.4291346, 3.2, 2.959457e-07, -1.570137e-07, 3.350182e-07, 332.0518, 0, 0, 0
1681939675.502118, -3.2, 1.027104e-06, -8.878449e-07, 1.176524e-06, 199.8382, 0, 0, 0
1681939684.5888112, 3.2, 2.959457e-07, -1.570137e-07, 3.350182e-07, 332.0518, 0, 0, 0
1681939695.0186515, -3.2, 2.959457e-07, -1.570137e-07, 3.350182e-07, 332.0518, 0, 0, 0
1681939704.1096494, 3.2, 2.959457e-07, -1.570137e-07, 6.456394e-07, 332.0518, 0, 0, 0
1681939713.1421628, -3.2, 2.959457e-07, -1.570137e-07, 1.039036e-06, 62.71762, 0, 0, 0
1681939722.2772496, 3.2, 2.959457e-07, -1.570137e-07, 9.358699e-07, 332.0518, 0, 0, 0
1681939731.3827884, -3.2, 2.959457e-07, -1.570137e-07, 3.350182e-07, 332.0518, 0, 0, 0
1681939740.4719365, 3.2, 2.959457e-07, -1.570137e-07, 7.201918e-07, 199.8382, 0, 0, 0
1681939749.5346715, -3.2, 2.959457e-07, -1.570137e-07, 3.350182e-07, 332.0518, 0, 0, 0
1681939758.660771, 3.2, 1.027104e-06, -1.570137e-07, 7.201918e-07, 332.0518, 0, 0, 0
1681939767.748439, -3.2, 2.959457e-07, 1.304649e-06, 6.456394e-07, 62.71762, 0, 0, 0
1681939776.8708076, 3.2, -4.352126e-07, 1.304649e-06, 1.176524e-06, 332.0518, 0, 0, 0
1681939785.9662015, -3.2, 2.959457e-07, -1.570137e-07, 1.039036e-06, 127.1785, 0, 0, 0
1681939795.0962558, 3.2, 2.959457e-07, 5.738174e-07, 3.350182e-07, 62.71762, 0, 0, 0
1681939804.1947782, -3.2, 1.027104e-06, 1.304649e-06, 7.201918e-07, 332.0518, 0, 0, 0
1681939814.6723623, 3.2, -4.352126e-07, -1.570137e-07, 6.456394e-07, 332.0518, 0, 0, 0
1681939823.787687, -3.2, 2.959457e-07, -1.570137e-07, 6.456394e-07, 280.3611, 0, 0, 0
1681939832.951155, 3.2, 2.959457e-07, -1.570137e-07, 1.176524e-06, 351.3085, 0, 0, 0
1681939842.0865872, -3.2, -4.352126e-07, 5.738174e-07, 3.350182e-07, 332.0518, 0, 0, 0
1681939851.162635, 3.2, 2.959457e-07, -1.570137e-07, 6.456394e-07, 332.0518, 0, 0, 0
1681939860.2936714, -3.2, 2.959457e-07, -1.570137e-07, 1.039036e-06, 351.3085, 0, 0, 0
1681939869.4343352, 3.2, -4.352126e-07, -1.570137e-07, 3.350182e-07, 332.0518, 0, 0, 0
1681939878.6516552, -3.2, 2.959457e-07, 5.738174e-07, 9.358699e-07, 199.8382, 0, 0, 0
1681939887.8516994, 3.2, 2.959457e-07, -8.878449e-07, 9.358699e-07, 332.0518, 0, 0, 0
1681939896.9824607, -3.2, 2.959457e-07, -1.570137e-07, 1.176524e-06, 62.71762, 0, 0, 0
1681939906.1528814, 3.2, 2.959457e-07, -1.570137e-07, 1.176524e-06, 332.0518, 0, 0, 0
1681939915.3495827, -3.2, 2.959457e-07, 5.738174e-07, 7.201918e-07, 332.0518, 0, 0, 0
1681939924.5273583, 3.2, 1.027104e-06, 5.738174e-07, 3.350182e-07, 351.3085, 0, 0, 0
1681939935.074326, -3.2, -4.352126e-07, 5.738174e-07, 1.039036e-06, 62.71762, 0, 0, 0
1681939944.2514505, 3.2, -4.352126e-07, -1.570137e-07, 6.456394e-07, 29.191, 0, 0, 0
1681939953.4122953, -3.2, -4.352126e-07, -1.570137e-07, 1.176524e-06, 199.8382, 0, 0, 0
1681939962.6210668, 3.2, -4.352126e-07, -1.570137e-07, 6.456394e-07, 332.0518, 0, 0, 0
1681939971.8228998, -3.2, 1.027104e-06, -1.570137e-07, 7.201918e-07, 62.71762, 0, 0, 0
1681939980.968322, 3.2, 2.959457e-07, 5.738174e-07, 1.660437e-06, 29.191, 0, 0, 0
1681939990.284335, -3.2, 1.027104e-06, -1.570137e-07, 7.201918e-07, 332.0518, 0, 0, 0
1681939999.4457579, 3.2, -4.352126e-07, -1.570137e-07, 9.358699e-07, 332.0518, 0, 0, 0
1681940008.6186826, -3.2, 2.959457e-07, 5.738174e-07, 3.350182e-07, 332.0518, 0, 0, 0
1681940017.7856836, 3.2, 1.027104e-06, -1.570137e-07, 6.456394e-07, 199.8382, 0, 0, 0
1681940026.952058, -3.2, -4.352126e-07, -1.570137e-07, 1.039036e-06, 62.71762, 0, 0, 0
1681940036.13669, 3.2, 2.959457e-07, 5.738174e-07, 1.176524e-06, 62.71762, 0, 0, 0
1681940045.324123, -3.2, 1.027104e-06, -1.570137e-07, 4.626697e-07, 127.1785, 0, 0, 0
1681940055.8918974, 3.2, 1.027104e-06, -8.878449e-07, 4.626697e-07, 332.0518, 0, 0, 0
1681940065.0863357, -3.2, 2.959457e-07, -1.570137e-07, 4.626697e-07, 199.8382, 0, 0, 0
1681940074.2647216, 3.2, 2.959457e-07, -1.570137e-07, 1.176524e-06, 199.8382, 0, 0, 0
1681940083.441054, -3.2, -4.352126e-07, 5.738174e-07, 1.645508e-06, 351.3085, 0, 0, 0
1681940092.7448325, 3.2, 2.959457e-07, -1.570137e-07, 6.456394e-07, 62.71762, 0, 0, 0
1681940101.8929753, -3.2, -4.352126e-07, -1.570137e-07, 9.358699e-07, 62.71762, 0, 0, 0
1681940111.2287354, 3.2, 1.027104e-06, -1.570137e-07, 1.176524e-06, 29.191, 0, 0, 0
1681940120.4168482, -3.2, 2.959457e-07, -1.570137e-07, 3.350182e-07, 332.0518, 0, 0, 0
1681940129.6160572, 3.2, 2.959457e-07, -1.570137e-07, 4.626697e-07, 29.191, 0, 0, 0
1681940138.888743, -3.2, 2.959457e-07, -1.570137e-07, 6.456394e-07, 127.1785, 0, 0, 0
1681940148.1284943, 3.2, 1.027104e-06, 5.738174e-07, 3.350182e-07, 62.71762, 0, 0, 0
1681940157.403975, -3.2, 2.959457e-07, -8.878449e-07, 3.350182e-07, 199.8382, 0, 0, 0
1681940166.7067919, 3.2, -4.352126e-07, -1.570137e-07, 3.350182e-07, 199.8382, 0, 0, 0
