t,f,x,y,r,theta,xK,tc,therm,dc
1681340486.8258479, 20.0, 0.001167677, 6.523243e-06, 0.001168024, 0.8579274, 0, 0, 0
1681340490.380499, 24.168336673346694, 0.001174989, -1.540169e-05, 0.001178703, 359.7815, 0, 0, 0
1681340493.9560194, 28.336673346693388, 0.001178645, -1.174754e-05, 0.001178703, 359.7842, 0, 0, 0
1681340497.5070434, 32.505010020040075, 0.001164021, 2.113987e-05, 0.001164066, 359.2443, 0, 0, 0
1681340501.0743139, 36.673346693386776, 0.001167677, -7.850687e-07, 0.001167705, 0.6765392, 0, 0, 0
1681340504.6216273, 40.84168336673346, 0.001164021, -1.540169e-05, 0.001164213, 359.7815, 0, 0, 0
1681340508.1695044, 45.01002004008016, 0.001178645, -8.093381e-06, 0.001164571, 359.429, 0, 0, 0
1681340511.7229989, 49.17835671342685, 0.001178645, -1.540169e-05, 0.001171524, 0.1416676, 0, 0, 0
1681340515.2930381, 53.346693386773545, 0.001164021, 3.575649e-05, 0.001160631, 359.9619, 0, 0, 0
1681340518.8400025, 57.51503006012024, 0.001164021, 2.113987e-05, 0.001164464, 359.6066, 0, 0, 0
1681340522.393025, 61.68336673346693, 0.001171333, -1.174754e-05, 0.001182328, 0.8552502, 0, 0, 0
1681340525.9158876, 65.85170340681363, 0.001164021, 1.01774e-05, 0.001167736, 1.391269, 0, 0, 0
1681340529.4840467, 70.02004008016031, 0.001164021, -8.093381e-06, 0.001178648, 0.1412227, 0, 0, 0
1681340533.033944, 74.18837675350701, 0.001167677, -8.093381e-06, 0.001164369, 359.2513, 0, 0, 0
1681340536.5993261, 78.3567134268537, 0.001200579, 2.869087e-06, 0.001204243, 0.1369224, 0, 0, 0
1681340540.1552, 82.52505010020039, 0.001204235, 2.869087e-06, 0.001207899, 0.3103634, 0, 0, 0
1681340543.7076066, 86.69338677354709, 0.001207891, 1.01774e-05, 0.001204239, 0.1365068, 0, 0, 0
1681340547.2506812, 90.86172344689378, 0.001200579, -7.850687e-07, 0.001207891, 0.1365068, 0, 0, 0
1681340550.8102255, 95.03006012024048, 0.001204235, 6.523243e-06, 0.001200597, 359.7888, 0, 0, 0
1681340554.355794, 99.19839679358716, 0.001204235, -7.850687e-07, 0.001204239, 359.9625, 0, 0, 0
1681340557.9234478, 103.36673346693387, 0.001204235, 2.869087e-06, 0.001200623, 359.7888, 0, 0, 0
1681340561.460946, 107.53507014028055, 0.001204235, -4.439225e-06, 0.00120058, 0.3103634, 0, 0, 0
1681340565.025919, 111.70340681362725, 0.001207891, 1.01774e-05, 0.001200583, 359.9626, 0, 0, 0
1681340568.5766006, 115.87174348697394, 0.001207891, -7.850687e-07, 0.001200597, 0.1369224, 0, 0, 0
1681340572.1179876, 120.04008016032063, 0.001200579, 2.869087e-06, 0.001207894, 0.1369224, 0, 0, 0
1681340575.6534286, 124.20841683366733, 0.001204235, -8.093381e-06, 0.001200597, 359.7888, 0, 0, 0
1681340579.2056978, 128.37675350701403, 0.001204235, 1.01774e-05, 0.001196927, 359.9626, 0, 0, 0
1681340582.7405672, 132.54509018036072, 0.001200579, -4.439225e-06, 0.00120058, 0.1365068, 0, 0, 0
1681340586.2762194, 136.7134268537074, 0.001204235, -7.850687e-07, 0.001204253, 359.7888, 0, 0, 0
1681340589.829483, 140.8817635270541, 0.001204235, 6.523243e-06, 0.001204243, 0.1369224, 0, 0, 0
1681340593.3622675, 145.05010020040078, 0.001207891, -7.850687e-07, 0.001207899, 0.4856888, 0, 0, 0
1681340596.9035447, 149.2184368737475, 0.001204235, 1.01774e-05, 0.001204239, 0.1369224, 0, 0, 0
1681340600.438846, 153.38677354709418, 0.001204235, -7.850687e-07, 0.001204278, 0.1369224, 0, 0, 0
1681340603.9860983, 157.55511022044087, 0.001204235, -7.850687e-07, 0.001200588, 359.7888, 0, 0, 0
1681340607.5423386, 161.72344689378755, 0.001204235, 6.523243e-06, 0.001207891, 359.9628, 0, 0, 0
1681340611.0951936, 165.89178356713427, 0.001207891, -7.850687e-07, 0.001204239, 0.1369224, 0, 0, 0
1681340614.6328173, 170.06012024048096, 0.001204235, -7.850687e-07, 0.001200588, 359.9626, 0, 0, 0
1681340618.1825478, 174.22845691382764, 0.001207891, -7.850687e-07, 0.001204243, 0.4856888, 0, 0, 0
1681340621.7314136, 178.39679358717433, 0.001200579, 1.01774e-05, 0.001204278, 359.9626, 0, 0, 0
1681340625.292786, 182.56513026052104, 0.001204235, 2.869087e-06, 0.001204243, 0.4871722, 0, 0, 0
1681340628.8268058, 186.73346693386773, 0.001204235, 6.523243e-06, 0.001207899, 359.7894, 0, 0, 0
1681340632.3793356, 190.90180360721442, 0.001204235, -4.439225e-06, 0.001200583, 0.3113085, 0, 0, 0
1681340635.955356, 195.0701402805611, 0.001204235, 6.523243e-06, 0.001204243, 359.9625, 0, 0, 0
1681340639.502657, 199.2384769539078, 0.001207891, 2.869087e-06, 0.001204253, 0.3113085, 0, 0, 0
1681340643.0524497, 203.4068136272545, 0.001200579, -7.850687e-07, 0.001207891, 0.3103634, 0, 0, 0
1681340646.6017733, 207.5751503006012, 0.001200579, -4.439225e-06, 0.001207894, 359.9626, 0, 0, 0
1681340650.1457326, 211.74348697394788, 0.001204235, 2.869087e-06, 0.001207891, 359.9626, 0, 0, 0
1681340653.700333, 215.91182364729457, 0.001204235, -4.439225e-06, 0.001207894, 359.7888, 0, 0, 0
1681340657.2603447, 220.08016032064126, 0.001204235, 6.523243e-06, 0.001204239, 0.1365068, 0, 0, 0
1681340660.788654, 224.24849699398797, 0.001204235, -7.850687e-07, 0.001207891, 0.3103634, 0, 0, 0
1681340664.3312397, 228.41683366733466, 0.001204235, 6.523243e-06, 0.001204243, 0.3103634, 0, 0, 0
1681340667.869417, 232.58517034068134, 0.001204235, -4.439225e-06, 0.001200597, 0.4856888, 0, 0, 0
1681340671.4138987, 236.75350701402803, 0.001196924, -7.850687e-07, 0.001200583, 359.9626, 0, 0, 0
1681340674.9612057, 240.92184368737475, 0.001200579, -7.850687e-07, 0.001207909, 0.3113085, 0, 0, 0
1681340678.5172265, 245.09018036072143, 0.001200579, 6.523243e-06, 0.001204243, 359.9628, 0, 0, 0
1681340682.0887175, 249.25851703406812, 0.001204235, -7.850687e-07, 0.001200583, 0.4856888, 0, 0, 0
1681340685.6405642, 253.4268537074148, 0.001204235, 2.869087e-06, 0.001200659, 359.9625, 0, 0, 0
1681340689.1945355, 257.5951903807615, 0.001200579, -7.850687e-07, 0.001204243, 0.1365068, 0, 0, 0
1681340692.7460635, 261.7635270541082, 0.001200579, 6.523243e-06, 0.001200597, 0.1365068, 0, 0, 0
1681340696.3062904, 265.9318637274549, 0.001204235, -7.850687e-07, 0.001204243, 359.9626, 0, 0, 0
1681340699.8665404, 270.10020040080155, 0.001204235, 2.869087e-06, 0.001200623, 0.3113085, 0, 0, 0
1681340703.4152236, 274.2685370741483, 0.001204235, 6.523243e-06, 0.001204239, 359.9628, 0, 0, 0
1681340706.9618664, 278.436873747495, 0.001211547, 2.869087e-06, 0.001207891, 359.9629, 0, 0, 0
1681340710.5174518, 282.6052104208417, 0.001211547, -7.850687e-07, 0.001211555, 359.9629, 0, 0, 0
1681340714.0720012, 286.77354709418836, 0.001211547, -7.850687e-07, 0.001207894, 359.9629, 0, 0, 0
1681340717.6380363, 290.94188376753505, 0.001207891, -7.850687e-07, 0.001211547, 0.1356829, 0, 0, 0
1681340721.1703618, 295.11022044088173, 0.001215203, 2.869087e-06, 0.001211547, 359.9629, 0, 0, 0
1681340724.7345011, 299.2785571142284, 0.001211547, 2.869087e-06, 0.00121155, 359.9629, 0, 0, 0
1681340728.284028, 303.4468937875751, 0.001207891, 2.869087e-06, 0.001215206, 359.9629, 0, 0, 0
1681340731.849397, 307.61523046092185, 0.001211547, -7.850687e-07, 0.001207894, 359.9629, 0, 0, 0
1681340735.4178503, 311.78356713426854, 0.001211547, -7.850687e-07, 0.00121155, 359.9629, 0, 0, 0
1681340738.963798, 315.9519038076152, 0.001211547, 2.869087e-06, 0.00121155, 0.1356829, 0, 0, 0
1681340742.518549, 320.1202404809619, 0.001211547, -7.850687e-07, 0.001211547, 0.3084905, 0, 0, 0
1681340746.0807233, 324.2885771543086, 0.001211547, -7.850687e-07, 0.00121155, 0.1360936, 0, 0, 0
1681340749.6419084, 328.4569138276553, 0.001207891, -7.850687e-07, 0.00121155, 0.1356829, 0, 0, 0
1681340753.2027185, 332.625250501002, 0.001211547, -7.850687e-07, 0.001211547, 0.3084905, 0, 0, 0
1681340756.7376878, 336.79358717434866, 0.001211547, -7.850687e-07, 0.001211555, 359.9629, 0, 0, 0
1681340760.284146, 340.96192384769535, 0.001211547, -7.850687e-07, 0.001211547, 359.963, 0, 0, 0
1681340763.815673, 345.1302605210421, 0.001211547, -7.850687e-07, 0.00121155, 359.9629, 0, 0, 0
1681340767.3568783, 349.2985971943888, 0.001211547, 2.869087e-06, 0.001211547, 359.9629, 0, 0, 0
1681340770.9091632, 353.46693386773546, 0.001211547, -4.439225e-06, 0.001215203, 359.9629, 0, 0, 0
1681340774.4634428, 357.63527054108215, 0.001207891, -7.850687e-07, 0.001211547, 359.9629, 0, 0, 0
1681340778.0211465, 361.80360721442884, 0.001215203, 2.869087e-06, 0.00121155, 359.9629, 0, 0, 0
1681340781.560933, 365.9719438877755, 0.001211547, 2.869087e-06, 0.001211547, 359.7901, 0, 0, 0
1681340785.093654, 370.1402805611222, 0.001211547, 2.869087e-06, 0.00121155, 359.963, 0, 0, 0
1681340788.667267, 374.3086172344689, 0.001211547, 2.869087e-06, 0.001211547, 359.9629, 0, 0, 0
1681340792.197054, 378.4769539078156, 0.001211547, 2.869087e-06, 0.001211555, 359.9629, 0, 0, 0
1681340795.7539787, 382.6452905811623, 0.001211547, -7.850687e-07, 0.001207891, 0.1360936, 0, 0, 0
1681340799.2954905, 386.813627254509, 0.001207891, -7.850687e-07, 0.001211564, 359.9629, 0, 0, 0
1681340802.8281708, 390.9819639278557, 0.001211547, 2.869087e-06, 0.001207891, 359.9629, 0, 0, 0
1681340806.3625426, 395.1503006012024, 0.001207891, -7.850687e-07, 0.001211547, 359.963, 0, 0, 0
1681340809.9067001, 399.3186372745491, 0.001211547, 2.869087e-06, 0.001211547, 0.1352748, 0, 0, 0
1681340813.4608676, 403.48697394789576, 0.001211547, 6.523243e-06, 0.001211547, 359.9629, 0, 0, 0
1681340816.988863, 407.65531062124245, 0.001211547, 2.869087e-06, 0.001211555, 0.1360936, 0, 0, 0
1681340820.5460186, 411.82364729458914, 0.001211547, 2.869087e-06, 0.00121155, 359.9629, 0, 0, 0
1681340824.0996225, 415.9919839679358, 0.001207891, 2.869087e-06, 0.001207894, 359.963, 0, 0, 0
1681340827.6530697, 420.1603206412825, 0.001211547, -7.850687e-07, 0.001211547, 359.9629, 0, 0, 0
1681340831.2005458, 424.32865731462925, 0.001211547, 2.869087e-06, 0.001211564, 359.9629, 0, 0, 0
1681340834.744229, 428.49699398797594, 0.001207891, -7.850687e-07, 0.00121155, 0.1356829, 0, 0, 0
1681340838.2761297, 432.6653306613226, 0.001211547, 2.869087e-06, 0.001211555, 359.9629, 0, 0, 0
1681340841.833686, 436.8336673346693, 0.001211547, 2.869087e-06, 0.001211547, 0.1360936, 0, 0, 0
1681340845.3830242, 441.002004008016, 0.001211547, -7.850687e-07, 0.001211547, 359.963, 0, 0, 0
1681340848.9503696, 445.1703406813627, 0.001215203, -4.439225e-06, 0.001211547, 0.3094241, 0, 0, 0
1681340852.500213, 449.3386773547094, 0.001211547, -4.439225e-06, 0.001207894, 359.9629, 0, 0, 0
1681340856.0558805, 453.50701402805606, 0.001211547, 2.869087e-06, 0.001211547, 359.9629, 0, 0, 0
1681340859.5960305, 457.67535070140275, 0.001211547, -7.850687e-07, 0.001211547, 359.9629, 0, 0, 0
1681340863.1422613, 461.8436873747495, 0.001211547, 2.869087e-06, 0.00121155, 359.7901, 0, 0, 0
1681340866.6839452, 466.0120240480962, 0.001211547, 2.869087e-06, 0.001207891, 0.1352748, 0, 0, 0
1681340870.2430549, 470.18036072144287, 0.001211547, 2.869087e-06, 0.001211547, 359.7894, 0, 0, 0
1681340873.8026998, 474.34869739478955, 0.001211547, -7.850687e-07, 0.00121155, 0.1356829, 0, 0, 0
1681340877.3562322, 478.51703406813624, 0.001211547, 2.869087e-06, 0.00121155, 0.1360936, 0, 0, 0
1681340880.928127, 482.6853707414829, 0.001211547, 2.869087e-06, 0.001211547, 0.1356829, 0, 0, 0
1681340884.475659, 486.8537074148296, 0.001211547, 6.523243e-06, 0.001207894, 359.9629, 0, 0, 0
1681340888.0279458, 491.0220440881763, 0.001211547, 2.869087e-06, 0.001215206, 359.9629, 0, 0, 0
1681340891.5807383, 495.190380761523, 0.001211547, -7.850687e-07, 0.001207891, 0.1356829, 0, 0, 0
1681340895.128768, 499.35871743486973, 0.001207891, -7.850687e-07, 0.001207894, 359.9629, 0, 0, 0
1681340898.6833084, 503.5270541082164, 0.001211547, 2.869087e-06, 0.001211547, 0.1356829, 0, 0, 0
1681340902.2389755, 507.6953907815631, 0.001207891, -7.850687e-07, 0.001211547, 359.7901, 0, 0, 0
1681340905.8099058, 511.8637274549098, 0.001211547, -7.850687e-07, 0.001207891, 0.1356829, 0, 0, 0
1681340909.3474736, 516.0320641282565, 0.001211547, -7.850687e-07, 0.00121155, 0.1356829, 0, 0, 0
1681340912.886003, 520.2004008016031, 0.001207891, -7.850687e-07, 0.00121155, 0.1356829, 0, 0, 0
1681340916.4294918, 524.3687374749499, 0.001211547, 2.869087e-06, 0.001211547, 359.9629, 0, 0, 0
1681340919.9944167, 528.5370741482966, 0.001211547, 2.869087e-06, 0.001211555, 0.3084905, 0, 0, 0
1681340923.534739, 532.7054108216432, 0.001215203, -4.439225e-06, 0.001211547, 359.9629, 0, 0, 0
1681340927.085557, 536.87374749499, 0.001211547, 2.869087e-06, 0.001211547, 359.9629, 0, 0, 0
1681340930.6134095, 541.0420841683366, 0.001211547, 2.869087e-06, 0.00121155, 0.1360936, 0, 0, 0
1681340934.1542902, 545.2104208416833, 0.001211547, -7.850687e-07, 0.00121155, 0.1356829, 0, 0, 0
1681340937.6826463, 549.37875751503, 0.001207891, 2.869087e-06, 0.001211547, 359.9629, 0, 0, 0
1681340941.231644, 553.5470941883767, 0.001211547, -7.850687e-07, 0.001211564, 0.1360936, 0, 0, 0
1681340944.7740426, 557.7154308617235, 0.001207891, 2.869087e-06, 0.00121155, 359.9629, 0, 0, 0
1681340948.3466065, 561.8837675350701, 0.001211547, -7.850687e-07, 0.00121155, 359.9629, 0, 0, 0
1681340951.9075196, 566.0521042084168, 0.001211547, -7.850687e-07, 0.001211547, 0.1356829, 0, 0, 0
1681340955.461529, 570.2204408817635, 0.001211547, 2.869087e-06, 0.001211547, 0.1356829, 0, 0, 0
1681340959.0064654, 574.3887775551102, 0.001211547, 2.869087e-06, 0.00121155, 359.9629, 0, 0, 0
1681340962.5606406, 578.5571142284568, 0.001211547, -7.850687e-07, 0.001215203, 0.1356829, 0, 0, 0
1681340966.1312032, 582.7254509018036, 0.001211547, 2.869087e-06, 0.001211547, 359.9628, 0, 0, 0
1681340969.669368, 586.8937875751502, 0.001211547, 2.869087e-06, 0.00121155, 359.9628, 0, 0, 0
1681340973.2231917, 591.062124248497, 0.001211547, -7.850687e-07, 0.001211547, 0.1356829, 0, 0, 0
1681340976.774258, 595.2304609218437, 0.001211547, -7.850687e-07, 0.00121155, 359.9629, 0, 0, 0
1681340980.3315504, 599.3987975951903, 0.001207891, 2.869087e-06, 0.001207894, 0.1356829, 0, 0, 0
1681340983.8781228, 603.5671342685371, 0.001211547, 2.869087e-06, 0.001211547, 359.7894, 0, 0, 0
1681340987.4274294, 607.7354709418837, 0.001211547, -7.850687e-07, 0.001211547, 359.9628, 0, 0, 0
1681340990.9500988, 611.9038076152304, 0.001211547, -7.850687e-07, 0.001211564, 0.1356829, 0, 0, 0
1681340994.5161638, 616.0721442885771, 0.001211547, -7.850687e-07, 0.001211547, 0.1360936, 0, 0, 0
1681340998.0498898, 620.2404809619238, 0.001211547, 2.869087e-06, 0.00121155, 0.1356829, 0, 0, 0
1681341001.6177151, 624.4088176352705, 0.001211547, 2.869087e-06, 0.00121155, 359.9629, 0, 0, 0
1681341005.164535, 628.5771543086172, 0.001211547, -4.439225e-06, 0.001207894, 359.9628, 0, 0, 0
1681341008.723628, 632.7454909819639, 0.001211547, 2.869087e-06, 0.001207891, 359.9629, 0, 0, 0
1681341012.2916782, 636.9138276553106, 0.001211547, -7.850687e-07, 0.001211547, 359.9629, 0, 0, 0
1681341015.8199842, 641.0821643286573, 0.001211547, 2.869087e-06, 0.001207891, 359.9628, 0, 0, 0
1681341019.359029, 645.250501002004, 0.001211547, -7.850687e-07, 0.001211555, 359.9629, 0, 0, 0
1681341022.9159813, 649.4188376753507, 0.001211547, 2.869087e-06, 0.001207909, 359.9628, 0, 0, 0
1681341026.4465065, 653.5871743486973, 0.001211547, -7.850687e-07, 0.00121155, 0.1356829, 0, 0, 0
1681341029.9956806, 657.7555110220441, 0.001207891, -7.850687e-07, 0.00121155, 359.9628, 0, 0, 0
1681341033.5452516, 661.9238476953907, 0.001211547, 2.869087e-06, 0.00121155, 359.7894, 0, 0, 0
1681341037.0840433, 666.0921843687374, 0.001211547, -7.850687e-07, 0.001207891, 0.1356829, 0, 0, 0
1681341040.6358016, 670.2605210420842, 0.001211547, 2.869087e-06, 0.00121155, 359.9629, 0, 0, 0
1681341044.1731548, 674.4288577154308, 0.001207891, 2.869087e-06, 0.00121155, 359.9629, 0, 0, 0
1681341047.7129643, 678.5971943887776, 0.001211547, 2.869087e-06, 0.001211564, 359.9629, 0, 0, 0
1681341051.2380145, 682.7655310621242, 0.001211547, 2.869087e-06, 0.001215206, 0.1356829, 0, 0, 0
1681341054.7809372, 686.9338677354709, 0.001211547, 2.869087e-06, 0.00121155, 359.9629, 0, 0, 0
1681341058.313728, 691.1022044088176, 0.001207891, -7.850687e-07, 0.00121155, 359.9628, 0, 0, 0
1681341061.859892, 695.2705410821643, 0.001211547, -7.850687e-07, 0.001211547, 359.9628, 0, 0, 0
1681341065.423844, 699.4388777555109, 0.001211547, -7.850687e-07, 0.00121155, 0.1356829, 0, 0, 0
1681341068.976451, 703.6072144288577, 0.001207891, -7.850687e-07, 0.001211547, 0.1356829, 0, 0, 0
1681341072.5195596, 707.7755511022044, 0.001211547, 2.869087e-06, 0.001211547, 359.9628, 0, 0, 0
1681341076.0702546, 711.943887775551, 0.001211547, 2.869087e-06, 0.001207894, 0.3084905, 0, 0, 0
1681341079.6283343, 716.1122244488978, 0.001207891, 6.523243e-06, 0.001211547, 359.9629, 0, 0, 0
1681341083.170221, 720.2805611222444, 0.001211547, 2.869087e-06, 0.001207891, 359.9629, 0, 0, 0
1681341086.7063959, 724.4488977955912, 0.001211547, 2.869087e-06, 0.001211547, 0.1356829, 0, 0, 0
1681341090.2456312, 728.6172344689378, 0.001211547, 6.523243e-06, 0.00121155, 0.1360936, 0, 0, 0
1681341093.7886226, 732.7855711422845, 0.001207891, -7.850687e-07, 0.001211547, 359.7901, 0, 0, 0
1681341097.3342068, 736.9539078156312, 0.001211547, -4.439225e-06, 0.001211547, 0.1356829, 0, 0, 0
1681341100.8988082, 741.1222444889779, 0.001211547, 2.869087e-06, 0.00121155, 359.9629, 0, 0, 0
1681341104.4460452, 745.2905811623247, 0.001215203, 2.869087e-06, 0.001207899, 359.9628, 0, 0, 0
1681341108.0217733, 749.4589178356713, 0.001211547, 2.869087e-06, 0.00121155, 359.9628, 0, 0, 0
1681341111.569997, 753.627254509018, 0.001207891, 6.523243e-06, 0.001207894, 0.1356829, 0, 0, 0
1681341115.1202347, 757.7955911823647, 0.001211547, -7.850687e-07, 0.00121155, 0.1360936, 0, 0, 0
1681341118.6640954, 761.9639278557114, 0.001207891, -7.850687e-07, 0.001211547, 0.1356829, 0, 0, 0
1681341122.216005, 766.132264529058, 0.001211547, -7.850687e-07, 0.001211547, 359.7901, 0, 0, 0
1681341125.7873914, 770.3006012024048, 0.001211547, -7.850687e-07, 0.001207894, 0.1356829, 0, 0, 0
1681341129.34817, 774.4689378757514, 0.001211547, 2.869087e-06, 0.001215206, 0.1356829, 0, 0, 0
1681341132.8908043, 778.6372745490982, 0.001211547, -4.439225e-06, 0.00121155, 359.9629, 0, 0, 0
1681341136.4286814, 782.8056112224449, 0.001211547, 2.869087e-06, 0.001207909, 0.1356829, 0, 0, 0
1681341139.9923232, 786.9739478957915, 0.001211547, 2.869087e-06, 0.001215206, 0.1356829, 0, 0, 0
1681341143.5420606, 791.1422845691383, 0.001207891, -7.850687e-07, 0.001211547, 359.9629, 0, 0, 0
1681341147.091601, 795.3106212424849, 0.001211547, 2.869087e-06, 0.001207894, 359.9629, 0, 0, 0
1681341150.6590495, 799.4789579158316, 0.001211547, 2.869087e-06, 0.001215203, 359.7901, 0, 0, 0
1681341154.1950579, 803.6472945891783, 0.001211547, -7.850687e-07, 0.001207894, 359.9629, 0, 0, 0
1681341157.7571044, 807.815631262525, 0.001211547, 2.869087e-06, 0.001211547, 359.9629, 0, 0, 0
1681341161.300655, 811.9839679358716, 0.001207891, 2.869087e-06, 0.001211547, 359.963, 0, 0, 0
1681341164.8490646, 816.1523046092184, 0.001207891, -4.439225e-06, 0.00121155, 0.1360936, 0, 0, 0
1681341168.4111192, 820.320641282565, 0.001211547, -7.850687e-07, 0.001211547, 359.9629, 0, 0, 0
1681341171.9682608, 824.4889779559118, 0.001211547, 2.869087e-06, 0.00121155, 359.7901, 0, 0, 0
1681341175.533723, 828.6573146292585, 0.001207891, -7.850687e-07, 0.001211547, 359.9626, 0, 0, 0
1681341179.0769506, 832.8256513026051, 0.001207891, 2.869087e-06, 0.001215203, 0.1356829, 0, 0, 0
1681341182.6181414, 836.9939879759519, 0.001211547, 2.869087e-06, 0.001211555, 0.3094241, 0, 0, 0
1681341186.1619358, 841.1623246492985, 0.001211547, 2.869087e-06, 0.001211547, 359.963, 0, 0, 0
1681341189.7013378, 845.3306613226453, 0.001211547, -4.439225e-06, 0.001211547, 0.1360936, 0, 0, 0
1681341193.259981, 849.4989979959919, 0.001211547, -7.850687e-07, 0.00121155, 0.3084905, 0, 0, 0
1681341196.816621, 853.6673346693386, 0.001211547, 6.523243e-06, 0.001207891, 0.1360936, 0, 0, 0
1681341200.4060311, 857.8356713426853, 0.001211547, 6.523243e-06, 0.001207891, 359.9629, 0, 0, 0
1681341203.9532876, 862.004008016032, 0.001215203, -7.850687e-07, 0.001215206, 359.9628, 0, 0, 0
1681341207.5113716, 866.1723446893787, 0.001211547, -7.850687e-07, 0.001211547, 359.9628, 0, 0, 0
1681341211.0441267, 870.3406813627254, 0.001211547, -7.850687e-07, 0.00121155, 0.1356829, 0, 0, 0
1681341214.5872283, 874.5090180360721, 0.001211547, 2.869087e-06, 0.001207891, 0.3084905, 0, 0, 0
1681341218.1398232, 878.6773547094188, 0.001207891, -7.850687e-07, 0.001207909, 359.9629, 0, 0, 0
1681341221.6903498, 882.8456913827655, 0.001211547, 2.869087e-06, 0.001207894, 0.1352748, 0, 0, 0
1681341225.230832, 887.0140280561121, 0.001211547, -7.850687e-07, 0.00121155, 0.1356829, 0, 0, 0
1681341228.7798889, 891.1823647294589, 0.001211547, -7.850687e-07, 0.001207894, 0.1356829, 0, 0, 0
1681341232.3299315, 895.3507014028055, 0.001211547, 2.869087e-06, 0.001215203, 359.9629, 0, 0, 0
1681341235.8763127, 899.5190380761522, 0.001211547, 2.869087e-06, 0.001211547, 359.9628, 0, 0, 0
1681341239.405915, 903.687374749499, 0.001211547, 2.869087e-06, 0.001207894, 0.1356829, 0, 0, 0
1681341242.9515643, 907.8557114228456, 0.001211547, 2.869087e-06, 0.00121155, 359.9629, 0, 0, 0
1681341246.50201, 912.0240480961924, 0.001207891, -7.850687e-07, 0.00121155, 0.3094241, 0, 0, 0
1681341250.0505319, 916.192384769539, 0.001207891, -7.850687e-07, 0.001211564, 359.9629, 0, 0, 0
1681341253.5950708, 920.3607214428857, 0.001211547, 2.869087e-06, 0.001207894, 0.1360936, 0, 0, 0
1681341257.162126, 924.5290581162324, 0.001211547, -7.850687e-07, 0.001207894, 0.1360936, 0, 0, 0
1681341260.7131693, 928.6973947895791, 0.001211547, -7.850687e-07, 0.001211555, 0.1360936, 0, 0, 0
1681341264.2605174, 932.8657314629257, 0.001211547, 2.869087e-06, 0.001207899, 359.9628, 0, 0, 0
1681341267.8191204, 937.0340681362725, 0.001211547, 2.869087e-06, 0.001215206, 359.9628, 0, 0, 0
1681341271.3670568, 941.2024048096192, 0.001215203, -7.850687e-07, 0.001207891, 0.3094241, 0, 0, 0
1681341274.9253561, 945.3707414829659, 0.001207891, -7.850687e-07, 0.001207894, 0.1356829, 0, 0, 0
1681341278.4829004, 949.5390781563126, 0.001211547, 6.523243e-06, 0.001215206, 359.9628, 0, 0, 0
1681341282.0230625, 953.7074148296592, 0.001211547, 6.523243e-06, 0.00121155, 0.3084905, 0, 0, 0
1681341285.5710623, 957.875751503006, 0.001211547, 6.523243e-06, 0.00121155, 359.9629, 0, 0, 0
1681341289.1366935, 962.0440881763526, 0.001211547, 2.869087e-06, 0.00121155, 359.9629, 0, 0, 0
1681341292.7031312, 966.2124248496993, 0.001211547, 2.869087e-06, 0.001207894, 0.1356829, 0, 0, 0
1681341296.2471163, 970.380761523046, 0.001207891, 2.869087e-06, 0.001207894, 0.1356829, 0, 0, 0
1681341299.8000736, 974.5490981963927, 0.001207891, 2.869087e-06, 0.001211547, 0.3084905, 0, 0, 0
1681341303.3521109, 978.7174348697395, 0.001211547, 2.869087e-06, 0.001207891, 0.1360936, 0, 0, 0
1681341306.9294453, 982.8857715430861, 0.001207891, 2.869087e-06, 0.00121155, 0.1356829, 0, 0, 0
1681341310.4790826, 987.0541082164328, 0.001211547, 2.869087e-06, 0.001207891, 0.1356829, 0, 0, 0
1681341314.0398214, 991.2224448897795, 0.001211547, 2.869087e-06, 0.001211547, 0.1356829, 0, 0, 0
1681341317.5931277, 995.3907815631262, 0.001211547, -7.850687e-07, 0.001211547, 0.3075624, 0, 0, 0
1681341321.1523612, 999.5591182364728, 0.001211547, -7.850687e-07, 0.00121155, 359.9629, 0, 0, 0
1681341324.6881254, 1003.7274549098196, 0.001207891, -7.850687e-07, 0.001211547, 359.9628, 0, 0, 0
1681341328.2371109, 1007.8957915831662, 0.001211547, -7.850687e-07, 0.001211547, 0.1356829, 0, 0, 0
1681341331.816749, 1012.064128256513, 0.001215203, -7.850687e-07, 0.001207891, 359.9629, 0, 0, 0
1681341335.3524342, 1016.2324649298597, 0.001207891, -7.850687e-07, 0.001211547, 359.9628, 0, 0, 0
1681341338.9070196, 1020.4008016032063, 0.001207891, 2.869087e-06, 0.001207891, 359.9629, 0, 0, 0
1681341342.4611115, 1024.569138276553, 0.001207891, -4.439225e-06, 0.001211555, 0.1360936, 0, 0, 0
1681341346.015052, 1028.7374749498997, 0.001207891, 2.869087e-06, 0.001211555, 0.1356829, 0, 0, 0
1681341349.5519032, 1032.9058116232463, 0.001211547, -4.439225e-06, 0.00121522, 0.1356829, 0, 0, 0
1681341353.10907, 1037.0741482965932, 0.001211547, 6.523243e-06, 0.001211547, 0.1356829, 0, 0, 0
1681341356.6657424, 1041.2424849699398, 0.001211547, 2.869087e-06, 0.00121155, 0.1356829, 0, 0, 0
1681341360.2267249, 1045.4108216432865, 0.001207891, 2.869087e-06, 0.001211547, 0.1365068, 0, 0, 0
1681341363.773306, 1049.5791583166333, 0.001211547, 2.869087e-06, 0.001207891, 0.1356829, 0, 0, 0
1681341367.3293777, 1053.74749498998, 0.001211547, 2.869087e-06, 0.001207894, 0.1356829, 0, 0, 0
1681341370.8851228, 1057.9158316633266, 0.001207891, -7.850687e-07, 0.001207894, 0.1356829, 0, 0, 0
1681341374.4221084, 1062.0841683366732, 0.001207891, 6.523243e-06, 0.001211547, 359.7894, 0, 0, 0
1681341377.984035, 1066.25250501002, 0.001211547, 2.869087e-06, 0.001207891, 359.7901, 0, 0, 0
1681341381.5417082, 1070.4208416833667, 0.001211547, -7.850687e-07, 0.00121155, 359.9629, 0, 0, 0
1681341385.0825145, 1074.5891783567133, 0.001207891, -7.850687e-07, 0.001207894, 0.1360936, 0, 0, 0
1681341388.630784, 1078.75751503006, 0.001211547, 2.869087e-06, 0.001211547, 359.7901, 0, 0, 0
1681341392.1875088, 1082.9258517034068, 0.001207891, 2.869087e-06, 0.00121155, 0.1356829, 0, 0, 0
1681341395.734123, 1087.0941883767534, 0.001207891, 2.869087e-06, 0.001211547, 359.9629, 0, 0, 0
1681341399.2811496, 1091.2625250501, 0.001207891, -7.850687e-07, 0.00121155, 359.9628, 0, 0, 0
1681341402.8461254, 1095.430861723447, 0.001204235, 6.523243e-06, 0.001215206, 359.9628, 0, 0, 0
1681341406.4082751, 1099.5991983967936, 0.001207891, 2.869087e-06, 0.001207909, 0.3084905, 0, 0, 0
1681341409.9569235, 1103.7675350701402, 0.001211547, -7.850687e-07, 0.001211547, 0.1356829, 0, 0, 0
1681341413.4911683, 1107.9358717434868, 0.001211547, -7.850687e-07, 0.001207894, 359.9628, 0, 0, 0
1681341417.042076, 1112.1042084168337, 0.001211547, 2.869087e-06, 0.001207909, 0.1356829, 0, 0, 0
1681341420.5898716, 1116.2725450901803, 0.001207891, -4.439225e-06, 0.001211547, 0.1356829, 0, 0, 0
1681341424.1450572, 1120.440881763527, 0.001207891, -7.850687e-07, 0.00121155, 0.1356829, 0, 0, 0
1681341427.6863759, 1124.6092184368736, 0.001211547, -7.850687e-07, 0.001207894, 359.9629, 0, 0, 0
1681341431.244545, 1128.7775551102204, 0.001211547, 2.869087e-06, 0.001211547, 0.1356829, 0, 0, 0
1681341434.7915683, 1132.945891783567, 0.001211547, 2.869087e-06, 0.001211547, 359.9629, 0, 0, 0
1681341438.3421087, 1137.1142284569137, 0.001207891, -4.439225e-06, 0.001211547, 359.9629, 0, 0, 0
1681341441.910067, 1141.2825651302605, 0.001207891, -7.850687e-07, 0.001207894, 359.9629, 0, 0, 0
1681341445.4713914, 1145.4509018036072, 0.001211547, -7.850687e-07, 0.00121155, 0.1356829, 0, 0, 0
1681341449.015522, 1149.6192384769538, 0.001211547, -7.850687e-07, 0.001207891, 0.1356829, 0, 0, 0
1681341452.5793824, 1153.7875751503004, 0.001211547, 6.523243e-06, 0.001211547, 359.9628, 0, 0, 0
1681341456.126088, 1157.9559118236473, 0.001211547, -4.439225e-06, 0.00121155, 0.1360936, 0, 0, 0
1681341459.6918712, 1162.124248496994, 0.001207891, -7.850687e-07, 0.001207894, 359.7894, 0, 0, 0
1681341463.2574172, 1166.2925851703405, 0.001207891, 2.869087e-06, 0.00121155, 359.9629, 0, 0, 0
1681341466.7950542, 1170.4609218436874, 0.001207891, 2.869087e-06, 0.001207891, 359.9629, 0, 0, 0
1681341470.3501034, 1174.629258517034, 0.001207891, -7.850687e-07, 0.001207891, 0.1360936, 0, 0, 0
1681341473.904059, 1178.7975951903807, 0.001211547, -7.850687e-07, 0.001211547, 359.9628, 0, 0, 0
1681341477.4615285, 1182.9659318637273, 0.001211547, -7.850687e-07, 0.001207891, 0.1356829, 0, 0, 0
1681341480.998085, 1187.1342685370741, 0.001207891, 6.523243e-06, 0.001207894, 0.1356829, 0, 0, 0
1681341484.5511198, 1191.3026052104208, 0.001211547, -7.850687e-07, 0.001207891, 359.9629, 0, 0, 0
1681341488.1114538, 1195.4709418837674, 0.001207891, -7.850687e-07, 0.001207894, 359.9629, 0, 0, 0
1681341491.6674244, 1199.639278557114, 0.001207891, 2.869087e-06, 0.001211547, 0.1356829, 0, 0, 0
1681341495.21545, 1203.807615230461, 0.001211547, 2.869087e-06, 0.001211547, 359.9629, 0, 0, 0
1681341498.7773201, 1207.9759519038075, 0.001211547, -7.850687e-07, 0.001211564, 0.1356829, 0, 0, 0
1681341502.3465214, 1212.1442885771542, 0.001207891, -7.850687e-07, 0.001207899, 0.1360936, 0, 0, 0
1681341505.896123, 1216.312625250501, 0.001207891, 6.523243e-06, 0.001207891, 359.7901, 0, 0, 0
1681341509.4509404, 1220.4809619238476, 0.001211547, -7.850687e-07, 0.001211547, 359.9629, 0, 0, 0
1681341513.0060241, 1224.6492985971943, 0.001207891, -7.850687e-07, 0.001207894, 359.6161, 0, 0, 0
1681341516.5580716, 1228.817635270541, 0.001207891, -7.850687e-07, 0.00121155, 0.1356829, 0, 0, 0
1681341520.0981205, 1232.9859719438878, 0.001211547, 2.869087e-06, 0.001207894, 0.1356829, 0, 0, 0
1681341523.656081, 1237.1543086172344, 0.001207891, 2.869087e-06, 0.00121155, 359.7901, 0, 0, 0
1681341527.2106788, 1241.322645290581, 0.001207891, 2.869087e-06, 0.00121155, 359.9629, 0, 0, 0
1681341530.7790735, 1245.4909819639279, 0.001211547, -7.850687e-07, 0.001211547, 0.1360936, 0, 0, 0
1681341534.3371062, 1249.6593186372745, 0.001211547, 2.869087e-06, 0.001207891, 359.9629, 0, 0, 0
1681341537.8678038, 1253.8276553106211, 0.001211547, 2.869087e-06, 0.001207899, 0.1360936, 0, 0, 0
1681341541.406986, 1257.9959919839678, 0.001211547, 2.869087e-06, 0.00121155, 0.1356829, 0, 0, 0
1681341544.9521248, 1262.1643286573146, 0.001211547, 2.869087e-06, 0.001211547, 359.9629, 0, 0, 0
1681341548.530056, 1266.3326653306613, 0.001211547, 2.869087e-06, 0.001207894, 0.3084905, 0, 0, 0
1681341552.1071234, 1270.501002004008, 0.001211547, -7.850687e-07, 0.001207891, 359.9628, 0, 0, 0
1681341555.6670668, 1274.6693386773545, 0.001211547, -7.850687e-07, 0.001207894, 359.9629, 0, 0, 0
1681341559.2173684, 1278.8376753507014, 0.001207891, 6.523243e-06, 0.001207894, 0.3084905, 0, 0, 0
1681341562.7901154, 1283.006012024048, 0.001207891, -7.850687e-07, 0.001207909, 359.7901, 0, 0, 0
1681341566.3441274, 1287.1743486973946, 0.001207891, -4.439225e-06, 0.001211564, 0.3084905, 0, 0, 0
1681341569.891056, 1291.3426853707415, 0.001211547, 2.869087e-06, 0.001211547, 359.963, 0, 0, 0
1681341573.430416, 1295.5110220440881, 0.001207891, -4.439225e-06, 0.001207894, 0.1356829, 0, 0, 0
1681341576.995407, 1299.6793587174348, 0.001207891, -7.850687e-07, 0.00121155, 0.1356829, 0, 0, 0
1681341580.5451179, 1303.8476953907814, 0.001211547, -7.850687e-07, 0.001207891, 0.1360936, 0, 0, 0
1681341584.0930574, 1308.0160320641282, 0.001211547, 6.523243e-06, 0.001211547, 359.9628, 0, 0, 0
1681341587.6350546, 1312.1843687374749, 0.001211547, 2.869087e-06, 0.001207894, 0.1356829, 0, 0, 0
1681341591.1865134, 1316.3527054108215, 0.001211547, 2.869087e-06, 0.001211547, 359.9629, 0, 0, 0
1681341594.748264, 1320.5210420841684, 0.001211547, -7.850687e-07, 0.00121155, 359.7901, 0, 0, 0
1681341598.2940412, 1324.689378757515, 0.001211547, 2.869087e-06, 0.001211547, 0.1356829, 0, 0, 0
1681341601.8580463, 1328.8577154308616, 0.001207891, 2.869087e-06, 0.00121155, 0.3084905, 0, 0, 0
1681341605.4211435, 1333.0260521042082, 0.001211547, -7.850687e-07, 0.001207894, 359.9629, 0, 0, 0
1681341608.984901, 1337.194388777555, 0.001207891, -4.439225e-06, 0.001211547, 0.1360936, 0, 0, 0
1681341612.5531268, 1341.3627254509017, 0.001211547, 2.869087e-06, 0.00121155, 359.9628, 0, 0, 0
1681341616.1226804, 1345.5310621242484, 0.001207891, 2.869087e-06, 0.001207894, 359.9628, 0, 0, 0
1681341619.6889875, 1349.699398797595, 0.001207891, 2.869087e-06, 0.001211547, 0.1356829, 0, 0, 0
1681341623.2124279, 1353.8677354709419, 0.001211547, 2.869087e-06, 0.001211555, 0.1356829, 0, 0, 0
1681341626.756309, 1358.0360721442885, 0.001207891, 2.869087e-06, 0.001211564, 0.1360936, 0, 0, 0
1681341630.3180778, 1362.204408817635, 0.001211547, -7.850687e-07, 0.00121155, 0.1356829, 0, 0, 0
1681341633.8601403, 1366.372745490982, 0.001211547, -7.850687e-07, 0.001207891, 359.9629, 0, 0, 0
1681341637.4140527, 1370.5410821643286, 0.001211547, -7.850687e-07, 0.001207894, 359.9628, 0, 0, 0
1681341640.956546, 1374.7094188376752, 0.001204235, 2.869087e-06, 0.001207909, 359.7894, 0, 0, 0
1681341644.5023272, 1378.8777555110219, 0.001207891, 2.869087e-06, 0.001207894, 359.9629, 0, 0, 0
1681341648.0361083, 1383.0460921843687, 0.001211547, 2.869087e-06, 0.001211547, 359.9628, 0, 0, 0
1681341651.5789235, 1387.2144288577153, 0.001207891, -7.850687e-07, 0.001211547, 359.9628, 0, 0, 0
1681341655.119382, 1391.382765531062, 0.001207891, 2.869087e-06, 0.001211547, 0.1356829, 0, 0, 0
1681341658.656575, 1395.5511022044088, 0.001207891, 2.869087e-06, 0.001207894, 0.1356829, 0, 0, 0
1681341662.2200675, 1399.7194388777555, 0.001211547, 2.869087e-06, 0.001211547, 0.1360936, 0, 0, 0
1681341665.773473, 1403.887775551102, 0.001211547, 2.869087e-06, 0.001211564, 359.9628, 0, 0, 0
1681341669.351077, 1408.0561122244487, 0.001207891, 2.869087e-06, 0.001207894, 0.1356829, 0, 0, 0
1681341672.8863306, 1412.2244488977956, 0.001207891, 2.869087e-06, 0.001207891, 0.1356829, 0, 0, 0
1681341676.4200594, 1416.3927855711422, 0.001207891, 2.869087e-06, 0.001207894, 359.9629, 0, 0, 0
1681341679.9669018, 1420.5611222444888, 0.001211547, -7.850687e-07, 0.001207894, 359.9628, 0, 0, 0
1681341683.5158236, 1424.7294589178355, 0.001211547, 2.869087e-06, 0.00121155, 359.9629, 0, 0, 0
1681341687.066056, 1428.8977955911823, 0.001211547, 2.869087e-06, 0.001211547, 0.1356829, 0, 0, 0
1681341690.6122773, 1433.066132264529, 0.001207891, -7.850687e-07, 0.00121155, 359.9629, 0, 0, 0
1681341694.1492262, 1437.2344689378756, 0.001211547, -7.850687e-07, 0.001207894, 0.1360936, 0, 0, 0
1681341697.6737583, 1441.4028056112224, 0.001207891, 2.869087e-06, 0.001207891, 0.1360936, 0, 0, 0
1681341701.2205834, 1445.571142284569, 0.001207891, 2.869087e-06, 0.001211555, 0.1356829, 0, 0, 0
1681341704.7791624, 1449.7394789579157, 0.001207891, -4.439225e-06, 0.001207891, 0.1360936, 0, 0, 0
1681341708.343866, 1453.9078156312623, 0.001211547, 6.523243e-06, 0.001211555, 359.9628, 0, 0, 0
1681341711.9019756, 1458.0761523046092, 0.001211547, 2.869087e-06, 0.001211547, 0.1360936, 0, 0, 0
1681341715.469155, 1462.2444889779558, 0.001211547, -7.850687e-07, 0.001207909, 0.1356829, 0, 0, 0
1681341719.0270555, 1466.4128256513025, 0.001211547, 2.869087e-06, 0.001211555, 359.9628, 0, 0, 0
1681341722.5962322, 1470.5811623246493, 0.001207891, -7.850687e-07, 0.001207894, 0.1360936, 0, 0, 0
1681341726.1668553, 1474.749498997996, 0.001211547, 2.869087e-06, 0.001207894, 359.9629, 0, 0, 0
1681341729.7060356, 1478.9178356713426, 0.001211547, -7.850687e-07, 0.001211547, 0.1360936, 0, 0, 0
1681341733.240399, 1483.0861723446892, 0.001211547, -7.850687e-07, 0.001207909, 0.1356829, 0, 0, 0
1681341736.7746449, 1487.254509018036, 0.001211547, -7.850687e-07, 0.001207891, 0.1356829, 0, 0, 0
1681341740.3188224, 1491.4228456913827, 0.001211547, -4.439225e-06, 0.001207894, 359.9629, 0, 0, 0
1681341743.8869166, 1495.5911823647293, 0.001207891, -7.850687e-07, 0.001211547, 0.1356829, 0, 0, 0
1681341747.4357686, 1499.759519038076, 0.001207891, -7.850687e-07, 0.00121155, 359.9629, 0, 0, 0
1681341750.9861057, 1503.9278557114228, 0.001211547, -7.850687e-07, 0.001207899, 359.9629, 0, 0, 0
1681341754.5305204, 1508.0961923847694, 0.001207891, -7.850687e-07, 0.001211564, 0.1356829, 0, 0, 0
1681341758.0839818, 1512.264529058116, 0.001207891, 2.869087e-06, 0.001211547, 0.1356829, 0, 0, 0
1681341761.6526031, 1516.432865731463, 0.001211547, -7.850687e-07, 0.00121155, 359.7894, 0, 0, 0
1681341765.215223, 1520.6012024048096, 0.001207891, -7.850687e-07, 0.00121155, 0.1360936, 0, 0, 0
1681341768.7692597, 1524.7695390781562, 0.001211547, -7.850687e-07, 0.001207891, 359.9628, 0, 0, 0
1681341772.3155868, 1528.9378757515028, 0.001207891, 2.869087e-06, 0.001211547, 0.1360936, 0, 0, 0
1681341775.86791, 1533.1062124248497, 0.001207891, -7.850687e-07, 0.001207891, 0.1356829, 0, 0, 0
1681341779.4299476, 1537.2745490981963, 0.001211547, 2.869087e-06, 0.001207894, 0.1356829, 0, 0, 0
1681341782.9970064, 1541.442885771543, 0.001207891, 2.869087e-06, 0.001207891, 0.3094241, 0, 0, 0
1681341786.5529704, 1545.6112224448898, 0.001211547, -4.439225e-06, 0.00121155, 359.9628, 0, 0, 0
1681341790.134911, 1549.7795591182364, 0.001211547, 2.869087e-06, 0.00121155, 0.1356829, 0, 0, 0
1681341793.686146, 1553.947895791583, 0.001211547, -7.850687e-07, 0.001211547, 0.1356829, 0, 0, 0
1681341797.257987, 1558.1162324649297, 0.001211547, 6.523243e-06, 0.00121155, 359.9629, 0, 0, 0
1681341800.7948985, 1562.2845691382765, 0.001211547, -7.850687e-07, 0.001207894, 359.9629, 0, 0, 0
1681341804.3516183, 1566.4529058116232, 0.001207891, 2.869087e-06, 0.001207891, 359.9628, 0, 0, 0
1681341807.894591, 1570.6212424849698, 0.001211547, 2.869087e-06, 0.00121155, 359.9629, 0, 0, 0
1681341811.4371104, 1574.7895791583164, 0.001207891, -7.850687e-07, 0.001211564, 0.1356829, 0, 0, 0
1681341815.0089679, 1578.9579158316633, 0.001207891, -4.439225e-06, 0.001211547, 0.1360936, 0, 0, 0
1681341818.5689805, 1583.12625250501, 0.001207891, 2.869087e-06, 0.001207894, 0.1360936, 0, 0, 0
1681341822.1273422, 1587.2945891783565, 0.001207891, 2.869087e-06, 0.001207899, 0.1356829, 0, 0, 0
1681341825.6888874, 1591.4629258517034, 0.001207891, -7.850687e-07, 0.001204235, 0.1360936, 0, 0, 0
1681341829.2529628, 1595.63126252505, 0.001207891, 2.869087e-06, 0.001207891, 359.9628, 0, 0, 0
1681341832.8104477, 1599.7995991983967, 0.001207891, 6.523243e-06, 0.001207891, 359.9626, 0, 0, 0
1681341836.354637, 1603.9679358717433, 0.001207891, 2.869087e-06, 0.001204239, 0.1365068, 0, 0, 0
1681341839.901983, 1608.1362725450902, 0.001207891, -7.850687e-07, 0.001211555, 0.1360936, 0, 0, 0
1681341843.4495513, 1612.3046092184368, 0.001207891, 2.869087e-06, 0.001207891, 0.1360936, 0, 0, 0
1681341846.9919682, 1616.4729458917834, 0.001204235, 2.869087e-06, 0.001207891, 0.1360936, 0, 0, 0
1681341850.5363548, 1620.64128256513, 0.001207891, -7.850687e-07, 0.001207894, 359.9628, 0, 0, 0
1681341854.0916343, 1624.809619238477, 0.001207891, 2.869087e-06, 0.001207894, 359.9628, 0, 0, 0
1681341857.6487803, 1628.9779559118235, 0.001207891, 2.869087e-06, 0.001204253, 0.1360936, 0, 0, 0
1681341861.2137268, 1633.1462925851702, 0.001207891, -7.850687e-07, 0.001207894, 359.7901, 0, 0, 0
1681341864.7639217, 1637.314629258517, 0.001207891, 2.869087e-06, 0.001207894, 359.9628, 0, 0, 0
1681341868.312901, 1641.4829659318636, 0.001207891, 2.869087e-06, 0.001207891, 359.9626, 0, 0, 0
1681341871.8546426, 1645.6513026052103, 0.001207891, 2.869087e-06, 0.001207891, 359.9628, 0, 0, 0
1681341875.3989737, 1649.819639278557, 0.001207891, -7.850687e-07, 0.001207894, 359.9628, 0, 0, 0
1681341878.9509037, 1653.9879759519038, 0.001207891, 2.869087e-06, 0.001204239, 0.1365068, 0, 0, 0
1681341882.4889503, 1658.1563126252504, 0.001207891, -7.850687e-07, 0.001207894, 359.9628, 0, 0, 0
1681341886.0299265, 1662.324649298597, 0.001207891, 2.869087e-06, 0.001207894, 0.1360936, 0, 0, 0
1681341889.5714316, 1666.4929859719439, 0.001207891, -7.850687e-07, 0.001207891, 359.9628, 0, 0, 0
1681341893.1193929, 1670.6613226452905, 0.001204235, -7.850687e-07, 0.001207891, 0.1360936, 0, 0, 0
1681341896.68139, 1674.8296593186371, 0.001207891, -4.439225e-06, 0.001204239, 359.9628, 0, 0, 0
1681341900.2392433, 1678.9979959919838, 0.001207891, -4.439225e-06, 0.001207894, 0.1360936, 0, 0, 0
1681341903.8062503, 1683.1663326653306, 0.001207891, -4.439225e-06, 0.001207894, 0.1360936, 0, 0, 0
1681341907.3552263, 1687.3346693386773, 0.001207891, -7.850687e-07, 0.001207894, 0.1360936, 0, 0, 0
1681341910.9074159, 1691.503006012024, 0.001207891, -7.850687e-07, 0.001207891, 359.9628, 0, 0, 0
1681341914.4629016, 1695.6713426853705, 0.001207891, -4.439225e-06, 0.001207894, 0.1360936, 0, 0, 0
1681341918.0295131, 1699.8396793587174, 0.001207891, 2.869087e-06, 0.00121155, 359.9628, 0, 0, 0
1681341921.588575, 1704.008016032064, 0.001207891, -7.850687e-07, 0.001207894, 359.9628, 0, 0, 0
1681341925.1371245, 1708.1763527054106, 0.001207891, -7.850687e-07, 0.001207891, 0.1356829, 0, 0, 0
1681341928.691425, 1712.3446893787575, 0.001207891, -7.850687e-07, 0.001207894, 0.1360936, 0, 0, 0
1681341932.2466507, 1716.5130260521041, 0.001204235, 6.523243e-06, 0.001207894, 359.9629, 0, 0, 0
1681341935.8169641, 1720.6813627254508, 0.001207891, -7.850687e-07, 0.001207891, 359.9628, 0, 0, 0
1681341939.3661883, 1724.8496993987974, 0.001211547, 2.869087e-06, 0.001207891, 0.1360936, 0, 0, 0
1681341942.9169228, 1729.0180360721442, 0.001204235, -7.850687e-07, 0.001207891, 359.9629, 0, 0, 0
1681341946.4668176, 1733.1863727454909, 0.001207891, -7.850687e-07, 0.001207891, 359.9626, 0, 0, 0
1681341950.0119395, 1737.3547094188375, 0.001207891, -4.439225e-06, 0.001207894, 0.1360936, 0, 0, 0
1681341953.5729008, 1741.5230460921844, 0.001207891, -7.850687e-07, 0.00121155, 0.1360936, 0, 0, 0
1681341957.1256597, 1745.691382765531, 0.001211547, -7.850687e-07, 0.001207891, 0.1360936, 0, 0, 0
1681341960.6814673, 1749.8597194388776, 0.001207891, 2.869087e-06, 0.001211547, 359.9628, 0, 0, 0
1681341964.2353852, 1754.0280561122242, 0.001207891, 2.869087e-06, 0.001207891, 359.9628, 0, 0, 0
1681341967.7979133, 1758.196392785571, 0.001207891, 2.869087e-06, 0.001207891, 359.9628, 0, 0, 0
1681341971.3489077, 1762.3647294589177, 0.001207891, -7.850687e-07, 0.001207891, 359.9628, 0, 0, 0
1681341974.9129822, 1766.5330661322644, 0.001211547, 2.869087e-06, 0.00121155, 359.9628, 0, 0, 0
1681341978.4859307, 1770.701402805611, 0.001207891, -7.850687e-07, 0.001207894, 359.9628, 0, 0, 0
1681341982.0414271, 1774.8697394789579, 0.001207891, 1.01774e-05, 0.001207894, 0.1360936, 0, 0, 0
1681341985.5999546, 1779.0380761523045, 0.001204235, -7.850687e-07, 0.001207894, 0.1365068, 0, 0, 0
1681341989.142288, 1783.2064128256511, 0.001207891, 6.523243e-06, 0.001207894, 0.482749, 0, 0, 0
1681341992.7019646, 1787.374749498998, 0.001207891, -7.850687e-07, 0.001204239, 0.1360936, 0, 0, 0
1681341996.257914, 1791.5430861723446, 0.001207891, 2.869087e-06, 0.001207894, 0.1365068, 0, 0, 0
1681341999.8022406, 1795.7114228456912, 0.001207891, 6.523243e-06, 0.001204239, 359.9629, 0, 0, 0
1681342003.3624318, 1799.8797595190379, 0.001204235, -4.439225e-06, 0.001207891, 0.1360936, 0, 0, 0
1681342006.920926, 1804.0480961923847, 0.001204235, -7.850687e-07, 0.001207894, 359.9628, 0, 0, 0
1681342010.4665432, 1808.2164328657313, 0.001204235, 2.869087e-06, 0.001211547, 0.1360936, 0, 0, 0
1681342014.003437, 1812.384769539078, 0.001207891, 2.869087e-06, 0.001207894, 359.9628, 0, 0, 0
1681342017.5640213, 1816.5531062124248, 0.001207891, 6.523243e-06, 0.001207894, 0.1360936, 0, 0, 0
1681342021.11591, 1820.7214428857715, 0.001207891, -7.850687e-07, 0.001207894, 359.9628, 0, 0, 0
1681342024.672845, 1824.889779559118, 0.001211547, -7.850687e-07, 0.001207894, 0.1360936, 0, 0, 0
1681342028.244586, 1829.0581162324647, 0.001207891, 2.869087e-06, 0.001207891, 359.9628, 0, 0, 0
1681342031.811554, 1833.2264529058116, 0.001211547, -7.850687e-07, 0.001204235, 359.9629, 0, 0, 0
1681342035.3665369, 1837.3947895791582, 0.001207891, -7.850687e-07, 0.001207899, 0.1360936, 0, 0, 0
1681342038.9219096, 1841.5631262525048, 0.001211547, 2.869087e-06, 0.001207891, 359.9628, 0, 0, 0
1681342042.4681938, 1845.7314629258515, 0.001207891, 6.523243e-06, 0.001211547, 0.3094241, 0, 0, 0
1681342046.029046, 1849.8997995991983, 0.001211547, -7.850687e-07, 0.001207891, 0.1360936, 0, 0, 0
1681342049.5606365, 1854.068136272545, 0.001207891, -7.850687e-07, 0.001211547, 0.1360936, 0, 0, 0
1681342053.1313777, 1858.2364729458916, 0.001207891, 2.869087e-06, 0.001207891, 0.1356829, 0, 0, 0
1681342056.6856658, 1862.4048096192384, 0.001207891, -7.850687e-07, 0.001207891, 359.9628, 0, 0, 0
1681342060.250403, 1866.573146292585, 0.001211547, 6.523243e-06, 0.00121155, 359.7894, 0, 0, 0
1681342063.814491, 1870.7414829659317, 0.001204235, -7.850687e-07, 0.001207891, 0.1360936, 0, 0, 0
1681342067.3638644, 1874.9098196392783, 0.001204235, 6.523243e-06, 0.001207894, 359.9629, 0, 0, 0
1681342070.9061708, 1879.0781563126252, 0.001207891, 2.869087e-06, 0.001204239, 0.3094241, 0, 0, 0
1681342074.4529228, 1883.2464929859718, 0.001207891, 2.869087e-06, 0.001204239, 359.9629, 0, 0, 0
1681342077.9914274, 1887.4148296593185, 0.001207891, -7.850687e-07, 0.001207894, 359.9628, 0, 0, 0
1681342081.5361938, 1891.5831663326653, 0.001204235, -7.850687e-07, 0.001207894, 0.1360936, 0, 0, 0
1681342085.100307, 1895.751503006012, 0.001207891, -7.850687e-07, 0.001207891, 359.9628, 0, 0, 0
1681342088.639928, 1899.9198396793586, 0.001207891, -7.850687e-07, 0.001207899, 359.9628, 0, 0, 0
1681342092.2066047, 1904.0881763527052, 0.001207891, 2.869087e-06, 0.001207894, 0.1356829, 0, 0, 0
1681342095.747914, 1908.256513026052, 0.001207891, -7.850687e-07, 0.001207891, 359.9626, 0, 0, 0
1681342099.2721448, 1912.4248496993987, 0.001207891, -7.850687e-07, 0.001207894, 0.1365068, 0, 0, 0
1681342102.8366792, 1916.5931863727453, 0.001207891, 2.869087e-06, 0.001207894, 0.1356829, 0, 0, 0
1681342106.3809433, 1920.761523046092, 0.001207891, 2.869087e-06, 0.001207891, 0.1360936, 0, 0, 0
1681342109.9491832, 1924.9298597194388, 0.001211547, -7.850687e-07, 0.001207891, 359.9629, 0, 0, 0
1681342113.4956572, 1929.0981963927854, 0.001207891, -7.850687e-07, 0.001207909, 359.9628, 0, 0, 0
1681342117.0668674, 1933.266533066132, 0.001204235, 2.869087e-06, 0.001207894, 0.1356829, 0, 0, 0
1681342120.641439, 1937.434869739479, 0.001207891, -7.850687e-07, 0.00121155, 359.9628, 0, 0, 0
1681342124.190492, 1941.6032064128256, 0.001207891, -7.850687e-07, 0.001207909, 359.9628, 0, 0, 0
1681342127.7617695, 1945.7715430861722, 0.001211547, -7.850687e-07, 0.001207891, 0.3094241, 0, 0, 0
1681342131.3209455, 1949.9398797595188, 0.001207891, -7.850687e-07, 0.001207891, 0.1365068, 0, 0, 0
1681342134.882126, 1954.1082164328657, 0.001211547, -7.850687e-07, 0.001207891, 0.1360936, 0, 0, 0
1681342138.4433064, 1958.2765531062123, 0.001204235, 2.869087e-06, 0.001207891, 359.9628, 0, 0, 0
1681342142.0028992, 1962.444889779559, 0.001207891, -7.850687e-07, 0.001207894, 359.9626, 0, 0, 0
1681342145.5539196, 1966.6132264529058, 0.001207891, -4.439225e-06, 0.001207894, 0.1356829, 0, 0, 0
1681342149.1077516, 1970.7815631262524, 0.001211547, -7.850687e-07, 0.001207894, 359.9628, 0, 0, 0
1681342152.6448896, 1974.949899799599, 0.001207891, -7.850687e-07, 0.001207894, 0.1360936, 0, 0, 0
1681342156.207913, 1979.1182364729457, 0.001211547, -7.850687e-07, 0.001207891, 359.7894, 0, 0, 0
1681342159.7680445, 1983.2865731462925, 0.001207891, -7.850687e-07, 0.001207894, 359.9628, 0, 0, 0
1681342163.3279405, 1987.4549098196392, 0.001207891, 2.869087e-06, 0.001207909, 0.1360936, 0, 0, 0
1681342166.8839288, 1991.6232464929858, 0.001207891, -7.850687e-07, 0.001207891, 359.7894, 0, 0, 0
1681342170.4581409, 1995.7915831663324, 0.001207891, 6.523243e-06, 0.001207891, 0.1360936, 0, 0, 0
1681342174.0129602, 1999.9599198396793, 0.001207891, 2.869087e-06, 0.001207891, 0.1360936, 0, 0, 0
1681342177.5713787, 2004.128256513026, 0.001207891, 2.869087e-06, 0.001204239, 0.1360936, 0, 0, 0
1681342181.1190808, 2008.2965931863725, 0.001207891, -7.850687e-07, 0.001207909, 359.9626, 0, 0, 0
1681342184.678111, 2012.4649298597194, 0.001207891, -7.850687e-07, 0.001207894, 0.1356829, 0, 0, 0
1681342188.236756, 2016.633266533066, 0.001207891, 2.869087e-06, 0.001204239, 0.1360936, 0, 0, 0
1681342191.7679694, 2020.8016032064127, 0.001207891, 2.869087e-06, 0.001207894, 359.9628, 0, 0, 0
1681342195.3264437, 2024.9699398797593, 0.001207891, 2.869087e-06, 0.001207894, 359.9628, 0, 0, 0
1681342198.884222, 2029.1382765531062, 0.001207891, -7.850687e-07, 0.001207899, 0.1360936, 0, 0, 0
1681342202.4447732, 2033.3066132264528, 0.001207891, -4.439225e-06, 0.001207891, 359.9628, 0, 0, 0
1681342205.9739347, 2037.4749498997994, 0.001207891, 2.869087e-06, 0.001207894, 359.9628, 0, 0, 0
1681342209.536982, 2041.6432865731463, 0.001207891, 6.523243e-06, 0.001207891, 0.1360936, 0, 0, 0
1681342213.1003768, 2045.811623246493, 0.001207891, 2.869087e-06, 0.001207894, 359.9628, 0, 0, 0
1681342216.6421826, 2049.9799599198395, 0.001207891, 6.523243e-06, 0.001204235, 359.9629, 0, 0, 0
1681342220.1936045, 2054.1482965931864, 0.001207891, -7.850687e-07, 0.001207894, 359.9629, 0, 0, 0
1681342223.76138, 2058.3166332665332, 0.001207891, 2.869087e-06, 0.001207909, 0.1360936, 0, 0, 0
1681342227.3116283, 2062.4849699398796, 0.001207891, 2.869087e-06, 0.001207894, 359.9628, 0, 0, 0
1681342230.8795316, 2066.653306613226, 0.001211547, 2.869087e-06, 0.001207894, 359.9626, 0, 0, 0
1681342234.4399114, 2070.821643286573, 0.001207891, -4.439225e-06, 0.001207891, 0.3103634, 0, 0, 0
1681342238.0144482, 2074.9899799599198, 0.001207891, -4.439225e-06, 0.001207894, 359.9629, 0, 0, 0
1681342241.5747278, 2079.1583166332666, 0.001207891, -7.850687e-07, 0.001204239, 0.1360936, 0, 0, 0
1681342245.1362116, 2083.326653306613, 0.001207891, 2.869087e-06, 0.001211547, 0.3094241, 0, 0, 0
1681342248.7046416, 2087.49498997996, 0.001207891, 2.869087e-06, 0.001207891, 359.9626, 0, 0, 0
1681342252.249758, 2091.6633266533063, 0.001204235, 2.869087e-06, 0.001207894, 359.7894, 0, 0, 0
1681342255.7912445, 2095.831663326653, 0.001207891, 6.523243e-06, 0.001204243, 0.1365068, 0, 0, 0
1681342259.3339727, 2100.0, 0.001207891, -4.439225e-06, 0.001204239, 359.9628, 0, 0, 0
