t,i,x,y,r,theta,xK
1680212980.0202327,0.0,-0.001313125,0.0009558186,0.001584513,143.8697,0
1680212983.4687912,0.16842105263157894,-0.001327749,0.0009338937,0.0016258,143.5788,0
1680212986.907169,0.3368421052631579,-0.001313125,0.0009192771,0.001630075,143.8697,0
1680212990.3578012,0.5052631578947369,-0.001232698,0.0008827355,0.001512927,143.4487,0
1680212993.830389,0.6736842105263158,-0.001210763,0.0009265854,0.001539257,143.621,0
1680212997.280776,0.8421052631578947,-0.00119614,0.0008608106,0.001441418,144.2215,0
1680213000.7209127,1.0105263157894737,-0.001218075,0.0008388857,0.001434635,144.3543,0
1680213004.1971898,1.1789473684210525,-0.001152271,0.0008242691,0.001424453,144.5247,0
1680213007.6521826,1.3473684210526315,-0.001188829,0.000846194,0.001481356,144.3241,0
1680213011.1115956,1.5157894736842106,-0.001144959,0.0007877275,0.001402308,145.3776,0
1680213014.5585995,1.6842105263157894,-0.001144959,0.0007804192,0.001373577,144.4911,0
1680213018.0055332,1.8526315789473684,-0.001159582,0.0008315773,0.001470495,143.8445,0
1680213021.4507556,2.0210526315789474,-0.001188829,0.0008169607,0.001402308,144.9059,0
1680213024.927591,2.1894736842105265,-0.001188829,0.0008681189,0.001457549,144.0752,0
1680213028.3796234,2.357894736842105,-0.001123024,0.0007731109,0.001337053,144.6633,0
1680213031.8381326,2.526315789473684,-0.001123024,0.0008023441,0.001378532,144.382,0
1680213035.2993984,2.694736842105263,-0.001152271,0.0008242691,0.001341213,145.6156,0
1680213038.7681196,2.863157894736842,-0.001071843,0.0007000277,0.001249742,145.4863,0
1680213042.2299206,3.031578947368421,-0.001071843,0.0007438776,0.001308523,144.8982,0
1680213045.6906018,3.2,-0.001020662,0.0006707945,0.001264011,146.1215,0
1680213049.1518707,3.2,-0.001086466,0.000729261,0.001223497,147.179,0
1680213052.6195705,3.031578947368421,-0.0009621695,0.0006634862,0.001160518,146.304,0
1680213056.0799665,2.863157894736842,-0.0009329232,0.0006707945,0.001211299,145.0573,0
1680213059.5435982,2.6947368421052635,-0.001020662,0.0007438776,0.001282514,143.9198,0
1680213063.0173197,2.5263157894736845,-0.001079155,0.0007584943,0.001256163,144.6117,0
1680213066.4750316,2.3578947368421055,-0.001086466,0.000729261,0.001288506,144.7147,0
1680213069.9392715,2.1894736842105265,-0.001035285,0.0007219527,0.001254421,144.7597,0
1680213073.3924036,2.0210526315789474,-0.001086466,0.0007658026,0.001309738,144.0821,0
1680213076.8611863,1.8526315789473686,-0.001071843,0.0008096524,0.001381294,144.0323,0
1680213080.3306415,1.6842105263157896,-0.00110109,0.0008096524,0.001369999,144.4561,0
1680213083.7883658,1.5157894736842108,-0.001123024,0.0008315773,0.001407618,143.464,0
1680213087.214228,1.3473684210526318,-0.001181517,0.0008973522,0.001520203,143.2937,0
1680213090.6544144,1.1789473684210527,-0.001159582,0.0009046604,0.001526572,142.1153,0
1680213094.110084,1.0105263157894737,-0.001152271,0.0009046604,0.001457345,142.2146,0
1680213097.5723896,0.8421052631578951,-0.001166894,0.0009119688,0.001496821,143.3472,0
1680213101.0484862,0.6736842105263161,-0.001276568,0.0009777435,0.001586142,142.3262,0
1680213104.5215209,0.5052631578947371,-0.001166894,0.0009046604,0.001492487,142.5868,0
1680213107.9602602,0.33684210526315805,-0.001276568,0.0009704353,0.001666409,143.0721,0
1680213111.4281986,0.16842105263157903,-0.001261944,0.000941202,0.001596251,143.2274,0
1680213114.8938007,0.0,-0.001210763,0.0009485104,0.001624158,143.5887,0
1680213118.345524,0.0,-0.001320437,0.0009558186,0.001562913,144.6845,0
1680213121.7965317,-0.16842105263157894,-0.001327749,0.0009704353,0.001613946,143.6747,0
1680213125.270243,-0.3368421052631579,-0.001342372,0.0009485104,0.001596941,144.895,0
1680213128.7364633,-0.5052631578947369,-0.001356995,0.0009777435,0.001637699,144.7552,0
1680213132.184581,-0.6736842105263158,-0.001400864,0.001028902,0.001805334,143.8313,0
1680213135.6393018,-0.8421052631578947,-0.001415488,0.0009996685,0.001755046,145.1412,0
1680213139.084714,-1.0105263157894737,-0.001437422,0.0009850519,0.001716202,145.183,0
1680213142.5481224,-1.1789473684210525,-0.001525161,0.001043518,0.001751574,144.2905,0
1680213146.0036752,-1.3473684210526315,-0.001430111,0.001028902,0.001713379,144.4595,0
1680213149.452449,-1.5157894736842106,-0.001371618,0.0009923602,0.001726933,144.6611,0
1680213152.9189065,-1.6842105263157894,-0.001408176,0.001006977,0.00177198,144.1597,0
1680213156.378139,-1.8526315789473684,-0.00147398,0.001065443,0.00178982,144.8366,0
1680213159.8288686,-2.0210526315789474,-0.001430111,0.001006977,0.001741373,144.7921,0
1680213163.2896566,-2.1894736842105265,-0.001444734,0.001050827,0.001801001,143.987,0
1680213166.71407,-2.357894736842105,-0.001437422,0.001028902,0.001773667,144.5686,0
1680213170.1712599,-2.526315789473684,-0.001430111,0.00108006,0.001823023,143.9531,0
1680213173.6387722,-2.694736842105263,-0.001393553,0.001028902,0.001735435,144.488,0
1680213177.0879762,-2.863157894736842,-0.00147398,0.001050827,0.001731174,144.3507,0
1680213180.5601585,-3.031578947368421,-0.001422799,0.001087368,0.00184675,144.1705,0
1680213184.0233831,-3.2,-0.001495915,0.001109293,0.001953099,144.0651,0
1680213187.484827,-3.2,-0.001503227,0.001109293,0.001934299,143.8134,0
1680213190.9414887,-3.031578947368421,-0.001627524,0.001160451,0.001883292,144.3588,0
1680213194.4099743,-2.863157894736842,-0.00151785,0.00112391,0.001919835,144.3359,0
1680213197.8760755,-2.6947368421052635,-0.001481292,0.001043518,0.001842515,144.1197,0
1680213201.3155978,-2.5263157894736845,-0.001488603,0.001065443,0.001755846,144.5686,0
1680213204.76296,-2.3578947368421055,-0.001437422,0.001043518,0.001777917,144.4317,0
1680213208.2225256,-2.1894736842105265,-0.001430111,0.001065443,0.001771659,143.6018,0
1680213211.692636,-2.0210526315789474,-0.001400864,0.001058135,0.001742456,143.3136,0
1680213215.174843,-1.8526315789473686,-0.001495915,0.00112391,0.001827333,143.9184,0
1680213218.631754,-1.6842105263157896,-0.001503227,0.001094676,0.001823023,143.9029,0
1680213222.1120892,-1.5157894736842108,-0.001539785,0.001101985,0.001907959,144.461,0
1680213225.5814877,-1.3473684210526318,-0.001605589,0.001109293,0.001946179,144.6656,0
1680213229.0335243,-1.1789473684210527,-0.001466669,0.001043518,0.001747321,144.7921,0
1680213232.4623122,-1.0105263157894737,-0.001481292,0.001065443,0.001836554,143.6809,0
1680213235.932204,-0.8421052631578951,-0.00147398,0.001058135,0.001818732,143.5435,0
1680213239.378666,-0.6736842105263161,-0.001371618,0.0009850519,0.00169889,144.3153,0
1680213242.8327565,-0.5052631578947371,-0.001481292,0.001058135,0.001792393,144.6235,0
1680213246.256973,-0.33684210526315805,-0.001503227,0.001050827,0.001820405,144.8579,0
1680213249.6998377,-0.16842105263157903,-0.001459357,0.001050827,0.001818732,144.2666,0
1680213253.170599,0.0,-0.001444734,0.001058135,0.001862335,143.9372,0
