t,i,x,y,r,theta,xK,tc,therm,dc,i,x2,y2,r2,theta2
1681512490.0341022, 3.2, -3.149813e-05, -3.113883e-06, 3.147341e-05, 185.6852, 0, 0, 0, 0.0, 3.2, 0.985661, 0.0164796, 0.419436, 0.96
1681512495.7432888, -3.2, -2.594132e-05, -3.150424e-06, 2.616821e-05, 186.7692, 0, 0, 0, 0.0, 3.2, 0.985661, 0.0164796, 0.419436, 0.96
1681512501.4280174, 3.2, -3.098632e-05, -3.077341e-06, 3.15354e-05, 185.6983, 0, 0, 0, 0.0, 3.2, 0.985661, 0.0165406, 0.419436, 0.96
1681512507.1692448, -3.2, -2.608756e-05, -3.077341e-06, 2.644997e-05, 186.8163, 0, 0, 0, 0.0, 3.2, 0.985661, 0.0165406, 0.419436, 0.96
1681512512.8830602, 3.2, -3.135189e-05, -3.077341e-06, 3.150256e-05, 185.6716, 0, 0, 0, 0.0, 3.2, 0.985661, 0.0165406, 0.419374, 0.96
1681512518.5648713, -3.2, -2.67456e-05, -3.150424e-06, 2.721678e-05, 186.7045, 0, 0, 0, 0.0, 3.2, 0.985661, 0.0165406, 0.419436, 0.96
1681512524.2737644, 3.2, -3.146157e-05, -3.113883e-06, 3.169166e-05, 185.5608, 0, 0, 0, 0.0, 3.2, 0.985661, 0.0165406, 0.419436, 0.96
1681512529.9673746, -3.2, -2.681871e-05, -3.113883e-06, 2.671268e-05, 186.7824, 0, 0, 0, 0.0, 3.2, 0.985661, 0.0164796, 0.419374, 0.96
1681512535.6767197, 3.2, -3.127878e-05, -3.077341e-06, 3.128427e-05, 185.6311, 0, 0, 0, 0.0, 3.2, 0.985661, 0.0165406, 0.419436, 0.96
1681512541.3815684, -3.2, -2.736708e-05, -3.077341e-06, 2.710365e-05, 186.6229, 0, 0, 0, 0.0, 3.2, 0.985661, 0.0165406, 0.419436, 0.96
1681512547.0773814, 3.2, -3.259486e-05, -3.077341e-06, 3.244865e-05, 185.6338, 0, 0, 0, 0.0, 3.2, 0.985661, 0.0165406, 0.419374, 0.96
1681512552.759447, -3.2, -2.634346e-05, -3.113883e-06, 2.682159e-05, 186.7044, 0, 0, 0, 0.0, 3.2, 0.985661, 0.0165406, 0.419436, 0.96
1681512558.4622574, 3.2, -3.109599e-05, -3.150424e-06, 3.117876e-05, 185.6113, 0, 0, 0, 0.0, 3.2, 0.985661, 0.0165406, 0.419374, 0.96
1681512564.166263, -3.2, -2.648969e-05, -3.077341e-06, 2.638598e-05, 186.732, 0, 0, 0, 0.0, 3.2, 0.985661, 0.0165406, 0.419374, 0.96
1681512569.879405, 3.2, -3.043795e-05, -3.113883e-06, 3.128789e-05, 185.4991, 0, 0, 0, 0.0, 3.2, 0.985661, 0.0165406, 0.419436, 0.966
1681512575.5849411, -3.2, -2.652625e-05, -3.150424e-06, 2.673629e-05, 186.6174, 0, 0, 0, 0.0, 3.2, 0.985661, 0.0165406, 0.419436, 0.966
1681512581.3015523, 3.2, -3.080353e-05, -3.113883e-06, 3.161171e-05, 185.5164, 0, 0, 0, 0.0, 3.2, 0.985661, 0.0165406, 0.419374, 0.96
1681512587.010842, -3.2, -2.681871e-05, -3.113883e-06, 2.682159e-05, 186.5574, 0, 0, 0, 0.0, 3.2, 0.985661, 0.0165406, 0.419436, 0.96
1681512592.7133598, 3.2, -3.296044e-05, -3.150424e-06, 3.274326e-05, 185.5146, 0, 0, 0, 0.0, 3.2, 0.985661, 0.0165406, 0.419374, 0.96
1681512598.4199202, -3.2, -2.81348e-05, -3.004258e-06, 2.804822e-05, 186.4557, 0, 0, 0, 0.0, 3.2, 0.985661, 0.0165406, 0.419374, 0.96
1681512604.0930727, 3.2, -3.266798e-05, -3.077341e-06, 3.267048e-05, 185.3635, 0, 0, 0, 0.0, 3.2, 0.985661, 0.0165406, 0.419374, 0.96
1681512609.797296, -3.2, -2.773266e-05, -3.077341e-06, 2.764855e-05, 186.382, 0, 0, 0, 0.0, 3.2, 0.985661, 0.0165406, 0.419436, 0.96
1681512615.5045536, 3.2, -3.222928e-05, -3.0408e-06, 3.278315e-05, 185.5186, 0, 0, 0, 0.0, 3.2, 0.985661, 0.0165406, 0.419436, 0.96
1681512621.2132533, -3.2, -2.740364e-05, -3.077341e-06, 2.747102e-05, 186.4065, 0, 0, 0, 0.0, 3.2, 0.985661, 0.0165406, 0.419436, 0.96
1681512626.9103036, 3.2, -3.255831e-05, -3.113883e-06, 3.310379e-05, 185.3398, 0, 0, 0, 0.0, 3.2, 0.985661, 0.0165406, 0.419436, 0.966
1681512632.600768, -3.2, -2.784234e-05, -3.0408e-06, 2.794326e-05, 186.3981, 0, 0, 0, 0.0, 3.2, 0.985661, 0.0165406, 0.419436, 0.96
1681512638.3071756, 3.2, -3.211961e-05, -3.077341e-06, 3.131708e-05, 185.4109, 0, 0, 0, 0.0, 3.2, 0.985661, 0.0165406, 0.419436, 0.966
1681512643.991299, -3.2, -2.791545e-05, -3.113883e-06, 2.80364e-05, 186.1925, 0, 0, 0, 0.0, 3.2, 0.985661, 0.0165406, 0.419436, 0.96
1681512649.6751602, 3.2, -3.310668e-05, -3.077341e-06, 3.335859e-05, 185.1624, 0, 0, 0, 0.0, 3.2, 0.985661, 0.0165406, 0.419436, 0.96
1681512655.3766253, -3.2, -2.784234e-05, -3.113883e-06, 2.866604e-05, 186.2353, 0, 0, 0, 0.0, 3.2, 0.985661, 0.0165406, 0.419436, 0.966
1681512661.0896819, 3.2, -3.328946e-05, -3.150424e-06, 3.295819e-05, 185.2661, 0, 0, 0, 0.0, 3.2, 0.985661, 0.0165406, 0.419436, 0.966
1681512666.807255, -3.2, -2.773266e-05, -3.150424e-06, 2.757183e-05, 186.4586, 0, 0, 0, 0.0, 3.2, 0.985661, 0.0165406, 0.419436, 0.966
1681512672.5294447, 3.2, -3.241207e-05, -3.113883e-06, 3.277621e-05, 185.3695, 0, 0, 0, 0.0, 3.2, 0.985661, 0.0165406, 0.419374, 0.96
1681512678.2106457, -3.2, -2.722085e-05, -3.113883e-06, 2.736206e-05, 186.2398, 0, 0, 0, 0.0, 3.2, 0.985661, 0.0165406, 0.419436, 0.966
1681512683.8927438, 3.2, -3.200994e-05, -3.113883e-06, 3.293222e-05, 185.3755, 0, 0, 0, 0.0, 3.2, 0.985661, 0.0165406, 0.419436, 0.96
1681512689.6161966, -3.2, -2.846382e-05, -3.0408e-06, 2.75115e-05, 186.66, 0, 0, 0, 0.0, 3.2, 0.985661, 0.0165406, 0.419374, 0.96
1681512695.317354, 3.2, -3.226584e-05, -3.186966e-06, 3.280583e-05, 185.5269, 0, 0, 0, 0.0, 3.2, 0.985661, 0.0165406, 0.419436, 0.96
1681512701.0072498, -3.2, -2.711118e-05, -3.150424e-06, 2.721262e-05, 186.6073, 0, 0, 0, 0.0, 3.2, 0.985661, 0.0165406, 0.419436, 0.96
1681512706.7213666, 3.2, -3.211961e-05, -3.077341e-06, 3.2518e-05, 185.3315, 0, 0, 0, 0.0, 3.2, 0.985661, 0.0165406, 0.419436, 0.96
1681512712.3892877, -3.2, -2.985302e-05, -3.150424e-06, 2.979683e-05, 186.1534, 0, 0, 0, 0.0, 3.2, 0.985661, 0.0165406, 0.419436, 0.966
1681512718.1053283, 3.2, -3.215617e-05, -3.077341e-06, 3.263409e-05, 185.5436, 0, 0, 0, 0.0, 3.2, 0.985661, 0.0165406, 0.419436, 0.96
1681512723.8123014, -3.2, -2.76961e-05, -3.150424e-06, 2.749916e-05, 186.3825, 0, 0, 0, 0.0, 3.2, 0.985661, 0.0165406, 0.419374, 0.96
1681512729.520621, 3.2, -3.186371e-05, -3.113883e-06, 3.277966e-05, 185.3179, 0, 0, 0, 0.0, 3.2, 0.985661, 0.0165406, 0.419374, 0.96
1681512735.227246, -3.2, -2.736708e-05, -3.113883e-06, 2.721678e-05, 186.3996, 0, 0, 0, 0.0, 3.2, 0.985661, 0.0165406, 0.419374, 0.96
1681512740.9594414, 3.2, -3.190026e-05, -3.0408e-06, 3.219044e-05, 185.4789, 0, 0, 0, 0.0, 3.2, 0.985661, 0.0165406, 0.419374, 0.966
1681512746.6692328, -3.2, -2.722085e-05, -3.113883e-06, 2.707151e-05, 186.5086, 0, 0, 0, 0.0, 3.2, 0.985661, 0.0165406, 0.419374, 0.966
1681512752.390301, 3.2, -3.179059e-05, -3.004258e-06, 3.150256e-05, 185.5334, 0, 0, 0, 0.0, 3.2, 0.985661, 0.0165406, 0.419374, 0.96
1681512758.0972574, -3.2, 5.894616e-05, -3.077341e-06, 5.964898e-05, 357.0955, 0, 0, 0, 0.0, 3.2, 0.985844, 0.0165406, 0.419619, 0.966
1681512763.8006146, 3.2, 5.510758e-05, -3.077341e-06, 5.559294e-05, 356.829, 0, 0, 0, 0.0, 3.2, 0.985844, 0.0165406, 0.419619, 0.96
1681512769.4950562, -3.2, 6.106652e-05, -3.113883e-06, 6.165518e-05, 357.0896, 0, 0, 0, 0.0, 3.2, 0.985905, 0.0166017, 0.41968, 0.966
1681512775.220289, 3.2, 5.576562e-05, -3.077341e-06, 5.599447e-05, 356.8701, 0, 0, 0, 0.0, 3.2, 0.985905, 0.0164796, 0.41968, 0.96
1681512780.933361, -3.2, 6.216325e-05, -3.113883e-06, 6.17246e-05, 357.1797, 0, 0, 0, 0.0, 3.2, 0.985905, 0.0166017, 0.41968, 0.966
1681512786.6196525, 3.2, 5.763007e-05, -3.077341e-06, 5.814833e-05, 357.0439, 0, 0, 0, 0.0, 3.2, 0.985905, 0.0164796, 0.41968, 0.96
1681512792.3198993, -3.2, 6.234604e-05, -3.077341e-06, 6.194728e-05, 357.1576, 0, 0, 0, 0.0, 3.2, 0.985905, 0.0166017, 0.41968, 0.966
1681512798.0045686, 3.2, 6.033536e-05, -3.0408e-06, 6.074055e-05, 357.1563, 0, 0, 0, 0.0, 3.2, 0.985905, 0.0164796, 0.41968, 0.96
1681512803.675479, -3.2, 6.333311e-05, -3.077341e-06, 6.340606e-05, 357.2166, 0, 0, 0, 0.0, 3.2, 0.985905, 0.0166017, 0.41968, 0.966
1681512809.3411667, 3.2, 5.953108e-05, -3.113883e-06, 5.939342e-05, 357.0985, 0, 0, 0, 0.0, 3.2, 0.985905, 0.0164796, 0.41968, 0.96
1681512815.0105028, -3.2, 6.421049e-05, -3.0408e-06, 6.443201e-05, 357.2038, 0, 0, 0, 0.0, 3.2, 0.985905, 0.0166017, 0.41968, 0.966
1681512819.0847692, 3.2, 5.949453e-05, -3.0408e-06, 5.96452e-05, 357.1531, 0, 0, 0, 0.0, 3.2, 0.985905, 0.0164796, 0.41968, 0.96
1681512824.7453878, -3.2, 6.413738e-05, -3.0408e-06, 6.409645e-05, 357.2173, 0, 0, 0, 0.0, 3.2, 0.985844, 0.0166017, 0.419619, 0.966
1681512835.5707, 3.2, 2.281388e-06, -4.21013e-06, 4.802897e-06, 299.4788, 0, 0, 0, 20.0, 3.2, 0.983524, 0.0164796, 0.417299, 0.966
1681512841.2463517, -3.2, 7.180149e-06, -4.100505e-06, 7.928811e-06, 327.8745, 0, 0, 0, 20.0, 3.2, 0.983524, 0.0164796, 0.417299, 0.966
1681512846.9244936, 3.2, 1.513672e-06, -4.173588e-06, 4.077374e-06, 275.8577, 0, 0, 0, 20.0, 3.2, 0.983524, 0.0165406, 0.417299, 0.966
1681512852.6333957, -3.2, 6.997359e-06, -4.21013e-06, 7.99725e-06, 327.8165, 0, 0, 0, 20.0, 3.2, 0.983524, 0.0164796, 0.417299, 0.966
1681512858.3118882, 3.2, 1.330882e-06, -4.137047e-06, 4.471368e-06, 287.5183, 0, 0, 0, 20.0, 3.2, 0.983585, 0.0164796, 0.417299, 0.966
1681512863.980769, -3.2, 8.276887e-06, -4.137047e-06, 9.351446e-06, 334.0424, 0, 0, 0, 20.0, 3.2, 0.983524, 0.0165406, 0.417299, 0.966
1681512869.6428268, 3.2, 1.696461e-06, -4.137047e-06, 4.334207e-06, 284.6899, 0, 0, 0, 20.0, 3.2, 0.983585, 0.0164796, 0.417299, 0.966
1681512875.3171628, -3.2, 7.765076e-06, -4.173588e-06, 8.736725e-06, 332.2738, 0, 0, 0, 20.0, 3.2, 0.983524, 0.0164796, 0.417299, 0.966
1681512880.9752083, 3.2, 1.477114e-06, -4.063963e-06, 4.303319e-06, 286.2515, 0, 0, 0, 20.0, 3.2, 0.983524, 0.0165406, 0.417299, 0.966
1681512886.6506479, -3.2, 7.32638e-06, -4.100505e-06, 8.800863e-06, 331.3822, 0, 0, 0, 20.0, 3.2, 0.983524, 0.0164796, 0.417299, 0.966
1681512892.34817, 3.2, 1.440556e-06, -4.100505e-06, 4.309804e-06, 288.901, 0, 0, 0, 20.0, 3.2, 0.983524, 0.0164796, 0.417299, 0.966
1681512898.0470383, -3.2, 5.608159e-06, -4.100505e-06, 6.910272e-06, 322.0536, 0, 0, 0, 20.0, 3.2, 0.983585, 0.0165406, 0.417299, 0.966
1681512903.7406335, 3.2, 2.500735e-06, -4.173588e-06, 4.660529e-06, 301.0036, 0, 0, 0, 20.0, 3.2, 0.983585, 0.0164796, 0.417299, 0.966
1681512909.396445, -3.2, 7.838192e-06, -4.137047e-06, 8.960117e-06, 332.6095, 0, 0, 0, 20.0, 3.2, 0.983585, 0.0165406, 0.417299, 0.966
1681512915.085294, 3.2, 2.24483e-06, -4.137047e-06, 4.640095e-06, 300.0263, 0, 0, 0, 20.0, 3.2, 0.983585, 0.0165406, 0.417299, 0.966
1681512920.7568798, -3.2, 7.545728e-06, -4.137047e-06, 8.992562e-06, 332.3839, 0, 0, 0, 20.0, 3.2, 0.983585, 0.0164796, 0.417299, 0.966
1681512926.4298015, 3.2, 1.659904e-06, -4.173588e-06, 4.672419e-06, 293.7719, 0, 0, 0, 20.0, 3.2, 0.983585, 0.0164796, 0.417299, 0.966
1681512932.1193788, -3.2, 7.765076e-06, -4.027422e-06, 9.138791e-06, 332.7097, 0, 0, 0, 20.0, 3.2, 0.983585, 0.0165406, 0.417299, 0.966
1681512937.7910287, 3.2, 2.24483e-06, -4.137047e-06, 4.623098e-06, 295.44, 0, 0, 0, 20.0, 3.2, 0.983585, 0.0165406, 0.417299, 0.966
1681512943.4829986, -3.2, 8.094097e-06, -4.137047e-06, 9.009431e-06, 331.2657, 0, 0, 0, 20.0, 3.2, 0.983585, 0.0165406, 0.417299, 0.966
1681512949.1687622, 3.2, 2.208272e-06, -4.027422e-06, 4.573829e-06, 298.3041, 0, 0, 0, 20.0, 3.2, 0.983585, 0.0165406, 0.417299, 0.966
1681512954.878317, -3.2, 8.898371e-06, -4.100505e-06, 9.731354e-06, 336.1908, 0, 0, 0, 20.0, 3.2, 0.983585, 0.0164796, 0.417299, 0.966
1681512960.5397563, 3.2, 2.975988e-06, -4.100505e-06, 4.903422e-06, 301.0036, 0, 0, 0, 20.0, 3.2, 0.983585, 0.0164796, 0.417299, 0.966
1681512966.2220047, -3.2, 8.496234e-06, -4.173588e-06, 1.001991e-05, 336.1029, 0, 0, 0, 20.0, 3.2, 0.983585, 0.0164796, 0.417299, 0.966
1681512971.9004781, 3.2, 3.81682e-06, -4.100505e-06, 5.601987e-06, 308.3752, 0, 0, 0, 20.0, 3.2, 0.983585, 0.0165406, 0.417299, 0.966
1681512977.59247, -3.2, 9.410182e-06, -4.063963e-06, 1.07624e-05, 337.6941, 0, 0, 0, 20.0, 3.2, 0.983585, 0.0165406, 0.417299, 0.966
1681512983.2741685, 3.2, 3.780263e-06, -4.063963e-06, 5.506482e-06, 309.1197, 0, 0, 0, 20.0, 3.2, 0.983585, 0.0164796, 0.41736, 0.966
1681512988.9378066, -3.2, 9.44674e-06, -4.173588e-06, 9.997346e-06, 335.7662, 0, 0, 0, 20.0, 3.2, 0.983585, 0.0165406, 0.41736, 0.966
1681512994.6135821, 3.2, 3.524357e-06, -4.100505e-06, 5.19039e-06, 308.3103, 0, 0, 0, 20.0, 3.2, 0.983585, 0.0165406, 0.41736, 0.966
1681513000.2880187, -3.2, 8.788697e-06, -4.100505e-06, 9.716014e-06, 335.4368, 0, 0, 0, 20.0, 3.2, 0.983585, 0.0165406, 0.41736, 0.966
1681513005.9809344, 3.2, 2.902873e-06, -4.100505e-06, 5.308094e-06, 311.8631, 0, 0, 0, 20.0, 3.2, 0.983585, 0.0165406, 0.41736, 0.966
1681513011.66339, -3.2, 9.44674e-06, -4.137047e-06, 1.072202e-05, 336.8558, 0, 0, 0, 20.0, 3.2, 0.983585, 0.0165406, 0.41736, 0.966
1681513017.3471568, 3.2, 4.109284e-06, -4.100505e-06, 5.500794e-06, 311.4821, 0, 0, 0, 20.0, 3.2, 0.983585, 0.0164796, 0.41736, 0.966
1681513023.0459423, -3.2, 9.556414e-06, -4.027422e-06, 1.044702e-05, 337.0622, 0, 0, 0, 20.0, 3.2, 0.983585, 0.0164796, 0.41736, 0.966
1681513028.7164505, 3.2, 3.853379e-06, -4.063963e-06, 5.753511e-06, 311.0468, 0, 0, 0, 20.0, 3.2, 0.983585, 0.0165406, 0.41736, 0.966
1681513034.407079, -3.2, 9.373623e-06, -4.173588e-06, 1.02274e-05, 336.91, 0, 0, 0, 20.0, 3.2, 0.983585, 0.0165406, 0.41736, 0.966
1681513040.0944295, 3.2, 3.743705e-06, -4.063963e-06, 5.476223e-06, 311.5157, 0, 0, 0, 20.0, 3.2, 0.983585, 0.0165406, 0.41736, 0.966
1681513045.78673, -3.2, 9.812318e-06, -4.063963e-06, 1.053908e-05, 336.536, 0, 0, 0, 20.0, 3.2, 0.983585, 0.0164796, 0.41736, 0.96
1681513051.4456007, 3.2, 3.99961e-06, -4.173588e-06, 5.859141e-06, 315.8157, 0, 0, 0, 20.0, 3.2, 0.983585, 0.0164796, 0.41736, 0.966
1681513057.1506944, -3.2, 1.028757e-05, -4.063963e-06, 1.070215e-05, 337.5774, 0, 0, 0, 20.0, 3.2, 0.983585, 0.0165406, 0.41736, 0.966
1681513062.8666003, 3.2, 3.158778e-06, -4.137047e-06, 4.97134e-06, 300.6974, 0, 0, 0, 20.0, 3.2, 0.983585, 0.0165406, 0.41736, 0.966
1681513068.528189, -3.2, 7.911307e-06, -4.137047e-06, 8.943304e-06, 333.3402, 0, 0, 0, 20.0, 3.2, 0.983585, 0.0165406, 0.41736, 0.966
1681513074.2267888, 3.2, 2.720083e-06, -4.027422e-06, 4.810458e-06, 301.5212, 0, 0, 0, 20.0, 3.2, 0.983585, 0.0165406, 0.41736, 0.966
1681513079.8998888, -3.2, 5.242579e-06, -4.063963e-06, 6.604427e-06, 322.2177, 0, 0, 0, 20.0, 3.2, 0.983585, 0.0165406, 0.417299, 0.966
1681513085.5980823, 3.2, 1.988925e-06, -4.063963e-06, 4.451685e-06, 294.5858, 0, 0, 0, 20.0, 3.2, 0.983585, 0.0165406, 0.417299, 0.966
1681513091.2613316, -3.2, 8.20377e-06, -4.173588e-06, 8.977048e-06, 334.1586, 0, 0, 0, 20.0, 3.2, 0.983585, 0.0165406, 0.41736, 0.966
1681513096.956446, 3.2, 2.500735e-06, -4.100505e-06, 4.640095e-06, 297.5063, 0, 0, 0, 20.0, 3.2, 0.983585, 0.0165406, 0.41736, 0.966
1681513102.6258147, -3.2, 8.423118e-06, -4.100505e-06, 9.352257e-06, 334.5233, 0, 0, 0, 20.0, 3.2, 0.983585, 0.0165406, 0.41736, 0.966
1681513108.3011625, 3.2, 2.646967e-06, -4.100505e-06, 4.799413e-06, 300.2471, 0, 0, 0, 20.0, 3.2, 0.983585, 0.0165406, 0.41736, 0.966
1681513113.983585, -3.2, 8.898371e-06, -4.100505e-06, 9.353782e-06, 334.722, 0, 0, 0, 20.0, 3.2, 0.983585, 0.0165406, 0.41736, 0.966
1681513119.7111228, 3.2, 2.793199e-06, -4.027422e-06, 4.910689e-06, 305.0221, 0, 0, 0, 20.0, 3.2, 0.983585, 0.0165406, 0.41736, 0.966
1681513125.3945627, -3.2, 8.350002e-06, -4.137047e-06, 9.204193e-06, 334.2508, 0, 0, 0, 20.0, 3.2, 0.983646, 0.0165406, 0.41736, 0.966
1681513131.073529, 3.2, 2.829757e-06, -4.063963e-06, 4.870021e-06, 302.4471, 0, 0, 0, 20.0, 3.2, 0.983646, 0.0165406, 0.41736, 0.966
1681513136.768992, -3.2, 8.350002e-06, -3.99088e-06, 9.795436e-06, 335.0927, 0, 0, 0, 20.0, 3.2, 0.983646, 0.0165406, 0.41736, 0.966
1681513142.4603791, 3.2, 3.30501e-06, -4.063963e-06, 5.238214e-06, 308.8081, 0, 0, 0, 20.0, 3.2, 0.983646, 0.0165406, 0.41736, 0.966
1681513148.1528008, -3.2, 9.337065e-06, -4.027422e-06, 1.05053e-05, 337.3807, 0, 0, 0, 20.0, 3.2, 0.983646, 0.0165406, 0.41736, 0.966
1681513153.842469, 3.2, 3.341567e-06, -4.100505e-06, 5.163842e-06, 307.8567, 0, 0, 0, 20.0, 3.2, 0.983646, 0.0165406, 0.41736, 0.966
1681513159.5346026, -3.2, 9.008045e-06, -4.063963e-06, 9.982414e-06, 335.7176, 0, 0, 0, 20.0, 3.2, 0.983646, 0.0164796, 0.41736, 0.96
1681513165.1990044, 3.2, 3.012546e-06, -4.063963e-06, 4.859936e-06, 303.0773, 0, 0, 0, 20.0, 3.2, 0.983646, 0.0165406, 0.41736, 0.966
1681513170.8622127, -3.2, 9.154276e-06, -4.100505e-06, 9.919405e-06, 336.2078, 0, 0, 0, 20.0, 3.2, 0.983646, 0.0164796, 0.417421, 0.96
1681513196.6758628, 3.2, -2.288351e-06, -6.000666e-06, 6.516667e-06, 250.8679, 0, 0, 0, 40.0, 3.2, 0.979679, 0.0164186, 0.413454, 0.96
1681513202.3350985, -3.2, 7.362939e-06, -6.11029e-06, 9.313784e-06, 319.8515, 0, 0, 0, 40.0, 3.2, 0.979679, 0.0164796, 0.413454, 0.966
1681513208.0176654, 3.2, -9.487647e-08, -6.073749e-06, 6.111703e-06, 267.3667, 0, 0, 0, 40.0, 3.2, 0.979679, 0.0164796, 0.413454, 0.966
1681513213.7118149, -3.2, 8.423118e-06, -6.037207e-06, 1.043152e-05, 324.9322, 0, 0, 0, 40.0, 3.2, 0.979679, 0.0164796, 0.413454, 0.966
1681513219.4194548, 3.2, 1.879251e-06, -6.073749e-06, 6.198313e-06, 284.4853, 0, 0, 0, 40.0, 3.2, 0.97974, 0.0164796, 0.413515, 0.966
1681513225.1098182, -3.2, 1.04338e-05, -6.037207e-06, 1.243295e-05, 331.5075, 0, 0, 0, 40.0, 3.2, 0.97974, 0.0164796, 0.413515, 0.966
1681513230.783029, 3.2, 3.560915e-06, -6.037207e-06, 7.065486e-06, 300.1249, 0, 0, 0, 40.0, 3.2, 0.97974, 0.0164796, 0.413515, 0.966
1681513236.4610634, -3.2, 1.1823e-05, -6.073749e-06, 1.325864e-05, 332.597, 0, 0, 0, 40.0, 3.2, 0.97974, 0.0164796, 0.413515, 0.966
1681513242.16747, 3.2, 4.1824e-06, -6.037207e-06, 7.428656e-06, 306.9379, 0, 0, 0, 40.0, 3.2, 0.97974, 0.0164796, 0.413515, 0.966
1681513247.871002, -3.2, 1.281007e-05, -5.964124e-06, 1.422573e-05, 333.7841, 0, 0, 0, 40.0, 3.2, 0.97974, 0.0164796, 0.413515, 0.966
1681513253.567081, 3.2, 4.547979e-06, -5.891041e-06, 7.601426e-06, 309.762, 0, 0, 0, 40.0, 3.2, 0.97974, 0.0164796, 0.413515, 0.966
1681513259.2588186, -3.2, 1.222514e-05, -6.000666e-06, 1.447502e-05, 335.2927, 0, 0, 0, 40.0, 3.2, 0.97974, 0.0164796, 0.413515, 0.966
1681513264.9520168, 3.2, 5.75439e-06, -6.073749e-06, 8.116804e-06, 312.4671, 0, 0, 0, 40.0, 3.2, 0.97974, 0.0164796, 0.413515, 0.966
1681513270.638833, -3.2, 1.306597e-05, -5.891041e-06, 1.489289e-05, 336.4391, 0, 0, 0, 40.0, 3.2, 0.97974, 0.0164796, 0.413515, 0.966
1681513276.3550365, 3.2, 6.229643e-06, -5.817958e-06, 8.60056e-06, 317.0745, 0, 0, 0, 40.0, 3.2, 0.97974, 0.0164796, 0.413515, 0.966
1681513282.0690114, -3.2, 1.489387e-05, -6.000666e-06, 1.626091e-05, 338.3446, 0, 0, 0, 40.0, 3.2, 0.979801, 0.0164796, 0.413576, 0.966
1681513287.7609797, 3.2, 6.81457e-06, -5.927583e-06, 8.754131e-06, 316.0919, 0, 0, 0, 40.0, 3.2, 0.979801, 0.0164796, 0.413576, 0.966
1681513293.452033, -3.2, 1.555191e-05, -5.927583e-06, 1.673767e-05, 339.8489, 0, 0, 0, 40.0, 3.2, 0.979801, 0.0164796, 0.413576, 0.966
1681513299.1688354, 3.2, 7.399497e-06, -6.000666e-06, 9.166435e-06, 320.6808, 0, 0, 0, 40.0, 3.2, 0.979801, 0.0164796, 0.413576, 0.966
1681513304.872077, -3.2, 1.482075e-05, -5.927583e-06, 1.64517e-05, 338.6103, 0, 0, 0, 40.0, 3.2, 0.979801, 0.0164796, 0.413576, 0.966
1681513310.5572646, 3.2, 8.130654e-06, -5.8545e-06, 9.435449e-06, 320.3446, 0, 0, 0, 40.0, 3.2, 0.979801, 0.0164796, 0.413576, 0.966
1681513316.269741, -3.2, 1.076282e-05, -5.891041e-06, 1.270554e-05, 333.6551, 0, 0, 0, 40.0, 3.2, 0.979862, 0.0164796, 0.413576, 0.966
1681513321.9461133, 3.2, 8.240328e-06, -5.891041e-06, 1.00247e-05, 324.7965, 0, 0, 0, 40.0, 3.2, 0.979862, 0.0164796, 0.413576, 0.966
1681513327.6230848, -3.2, 1.551535e-05, -5.8545e-06, 1.727233e-05, 340.56, 0, 0, 0, 40.0, 3.2, 0.979862, 0.0164796, 0.413576, 0.966
1681513333.31879, 3.2, 8.788697e-06, -5.891041e-06, 1.037829e-05, 326.3853, 0, 0, 0, 40.0, 3.2, 0.979862, 0.0164796, 0.413576, 0.966
1681513338.9960673, -3.2, 1.71239e-05, -5.817958e-06, 1.80414e-05, 340.9063, 0, 0, 0, 40.0, 3.2, 0.979862, 0.0164796, 0.413637, 0.966
1681513344.6678395, 3.2, 8.38656e-06, -5.891041e-06, 1.012953e-05, 325.3149, 0, 0, 0, 40.0, 3.2, 0.979862, 0.0164796, 0.413637, 0.966
1681513350.3977158, -3.2, 1.71239e-05, -5.891041e-06, 1.787771e-05, 340.5208, 0, 0, 0, 40.0, 3.2, 0.979862, 0.0164796, 0.413637, 0.966
1681513356.0690773, 3.2, 9.995108e-06, -5.927583e-06, 1.130081e-05, 328.1898, 0, 0, 0, 40.0, 3.2, 0.979862, 0.0164796, 0.413637, 0.966
1681513361.7967796, -3.2, 1.906147e-05, -5.964124e-06, 1.940576e-05, 342.1167, 0, 0, 0, 40.0, 3.2, 0.979862, 0.0164796, 0.413637, 0.966
1681513367.5019262, 3.2, 1.109185e-05, -5.817958e-06, 1.252508e-05, 332.4061, 0, 0, 0, 40.0, 3.2, 0.979862, 0.0164796, 0.413637, 0.966
1681513373.2037282, -3.2, 1.96464e-05, -5.8545e-06, 2.076627e-05, 343.5685, 0, 0, 0, 40.0, 3.2, 0.979923, 0.0164796, 0.413637, 0.966
1681513378.9137022, 3.2, 1.306597e-05, -5.964124e-06, 1.393633e-05, 334.8054, 0, 0, 0, 40.0, 3.2, 0.979862, 0.0164796, 0.413637, 0.966
1681513384.5685587, -3.2, 1.99023e-05, -5.891041e-06, 2.122218e-05, 344.1064, 0, 0, 0, 40.0, 3.2, 0.979923, 0.0164796, 0.413637, 0.966
1681513390.275487, 3.2, 1.204235e-05, -5.927583e-06, 1.396956e-05, 335.0077, 0, 0, 0, 40.0, 3.2, 0.979862, 0.0164186, 0.413637, 0.96
1681513395.9528723, -3.2, 2.019477e-05, -5.781416e-06, 2.100137e-05, 343.6481, 0, 0, 0, 40.0, 3.2, 0.979923, 0.0164796, 0.413637, 0.966
1681513401.6526937, 3.2, 1.215203e-05, -5.891041e-06, 1.365367e-05, 335.2095, 0, 0, 0, 40.0, 3.2, 0.979923, 0.0164796, 0.413637, 0.966
1681513407.3754056, -3.2, 2.037756e-05, -5.927583e-06, 2.071046e-05, 343.5006, 0, 0, 0, 40.0, 3.2, 0.979923, 0.0164796, 0.413637, 0.966
1681513413.0933728, 3.2, 1.196924e-05, -5.927583e-06, 1.319348e-05, 333.2273, 0, 0, 0, 40.0, 3.2, 0.979923, 0.0164796, 0.413637, 0.966
1681513418.7982252, -3.2, 1.950017e-05, -5.891041e-06, 1.997523e-05, 342.8333, 0, 0, 0, 40.0, 3.2, 0.979923, 0.0164796, 0.413637, 0.966
1681513424.4985301, 3.2, 1.185956e-05, -5.781416e-06, 1.29805e-05, 333.2273, 0, 0, 0, 40.0, 3.2, 0.979923, 0.0164796, 0.413637, 0.966
1681513430.2129493, -3.2, 1.975607e-05, -5.817958e-06, 2.017142e-05, 342.7707, 0, 0, 0, 40.0, 3.2, 0.979923, 0.0164796, 0.413637, 0.966
1681513435.9185078, 3.2, 1.218858e-05, -5.8545e-06, 1.33095e-05, 333.9354, 0, 0, 0, 40.0, 3.2, 0.979923, 0.0164796, 0.413637, 0.966
1681513441.633726, -3.2, 1.993886e-05, -5.891041e-06, 2.041616e-05, 343.5621, 0, 0, 0, 40.0, 3.2, 0.979923, 0.0164796, 0.413637, 0.966
1681513447.3263965, 3.2, 1.178645e-05, -5.781416e-06, 1.291573e-05, 332.8634, 0, 0, 0, 40.0, 3.2, 0.979923, 0.0164796, 0.413637, 0.966
1681513453.0383346, -3.2, 1.917114e-05, -5.927583e-06, 2.020949e-05, 343.0706, 0, 0, 0, 40.0, 3.2, 0.979923, 0.0164796, 0.413698, 0.966
1681513458.7643206, 3.2, 1.489387e-05, -5.781416e-06, 1.590797e-05, 338.2009, 0, 0, 0, 40.0, 3.2, 0.979923, 0.0164796, 0.413637, 0.966
1681513464.4757373, -3.2, 1.843999e-05, -5.891041e-06, 1.86283e-05, 341.8847, 0, 0, 0, 40.0, 3.2, 0.979923, 0.0164796, 0.413698, 0.966
1681513470.1837072, 3.2, 9.95855e-06, -5.8545e-06, 1.145193e-05, 329.7971, 0, 0, 0, 40.0, 3.2, 0.979923, 0.0164796, 0.413698, 0.966
1681513475.8797357, -3.2, 1.752604e-05, -5.891041e-06, 1.916178e-05, 342.1501, 0, 0, 0, 40.0, 3.2, 0.979923, 0.0164796, 0.413698, 0.966
1681513481.6105134, 3.2, 1.15671e-05, -5.8545e-06, 1.231636e-05, 331.6873, 0, 0, 0, 40.0, 3.2, 0.979923, 0.0164796, 0.413698, 0.966
1681513487.334721, -3.2, 1.858622e-05, -5.891041e-06, 1.947373e-05, 342.3763, 0, 0, 0, 40.0, 3.2, 0.979923, 0.0164186, 0.413698, 0.96
1681513493.046951, 3.2, 1.134775e-05, -5.744875e-06, 1.337549e-05, 333.5875, 0, 0, 0, 40.0, 3.2, 0.979984, 0.0164796, 0.413698, 0.966
1681513498.7537236, -3.2, 1.873245e-05, -5.817958e-06, 2.010448e-05, 342.7707, 0, 0, 0, 40.0, 3.2, 0.979923, 0.0164796, 0.413698, 0.966
1681513504.4619184, 3.2, 1.120152e-05, -5.891041e-06, 1.288437e-05, 332.2518, 0, 0, 0, 40.0, 3.2, 0.979984, 0.0164796, 0.413698, 0.966
1681513510.18773, -3.2, 1.960984e-05, -5.8545e-06, 2.054563e-05, 343.2496, 0, 0, 0, 40.0, 3.2, 0.979984, 0.0164796, 0.413698, 0.966
1681513515.881354, 3.2, 1.496698e-05, -5.817958e-06, 1.650186e-05, 339.6242, 0, 0, 0, 40.0, 3.2, 0.979984, 0.0164796, 0.413698, 0.966
1681513521.5856864, -3.2, 1.876901e-05, -5.781416e-06, 2.015007e-05, 343.5332, 0, 0, 0, 40.0, 3.2, 0.979984, 0.0164186, 0.413698, 0.96
1681513527.2987475, 3.2, 1.131119e-05, -5.8545e-06, 1.275226e-05, 332.9172, 0, 0, 0, 40.0, 3.2, 0.979984, 0.0164796, 0.413698, 0.966
1681513533.0364237, -3.2, 1.898836e-05, -5.781416e-06, 2.029003e-05, 343.4188, 0, 0, 0, 40.0, 3.2, 0.979984, 0.0164796, 0.413698, 0.966
1681513543.8969269, 3.2, -6.67034e-05, -1.038565e-05, 6.825467e-05, 188.7113, 0, 0, 0, 60.0, 3.2, 0.972965, 0.0164186, 0.40674, 0.966
1681513549.6168642, -3.2, -5.767359e-05, -1.034911e-05, 5.911145e-05, 190.0299, 0, 0, 0, 60.0, 3.2, 0.973026, 0.0163575, 0.406801, 0.966
1681513555.3429272, 3.2, -6.94818e-05, -1.034911e-05, 7.100774e-05, 188.3987, 0, 0, 0, 60.0, 3.2, 0.973087, 0.0164186, 0.406801, 0.966
1681513561.0443807, -3.2, -6.056167e-05, -1.034911e-05, 6.154767e-05, 189.6744, 0, 0, 0, 60.0, 3.2, 0.973087, 0.0163575, 0.406862, 0.966
1681513566.7529163, 3.2, -7.116346e-05, -1.027603e-05, 1.020339e-05, 265.9838, 0, 0, 0, 60.0, 3.2, 0.973148, 0.0163575, 0.406862, 0.966
1681513572.4679909, -3.2, 8.898371e-06, -1.023949e-05, 1.405966e-05, 311.4544, 0, 0, 0, 60.0, 3.2, 0.973148, 0.0163575, 0.406923, 0.966
1681513578.1946628, 3.2, -2.069004e-06, -1.027603e-05, 1.044066e-05, 256.9684, 0, 0, 0, 60.0, 3.2, 0.973209, 0.0163575, 0.406984, 0.966
1681513583.9029121, -3.2, 7.874749e-06, -1.031257e-05, 1.291738e-05, 308.7506, 0, 0, 0, 60.0, 3.2, 0.973209, 0.0163575, 0.406984, 0.966
1681513589.606893, 3.2, -1.849656e-06, -1.01664e-05, 1.042885e-05, 257.2954, 0, 0, 0, 60.0, 3.2, 0.97327, 0.0163575, 0.407045, 0.966
1681513595.3133206, -3.2, 5.827506e-06, -1.01664e-05, 1.191783e-05, 299.9532, 0, 0, 0, 60.0, 3.2, 0.97327, 0.0163575, 0.407045, 0.966
1681513601.0314224, 3.2, -5.395774e-06, -1.020294e-05, 1.185109e-05, 238.3234, 0, 0, 0, 60.0, 3.2, 0.97327, 0.0163575, 0.407045, 0.966
1681513606.7385597, -3.2, 3.780263e-06, -1.005678e-05, 1.166031e-05, 299.6206, 0, 0, 0, 60.0, 3.2, 0.973331, 0.0164186, 0.407045, 0.966
1681513612.466468, 3.2, -4.993637e-06, -1.002024e-05, 1.147547e-05, 240.2371, 0, 0, 0, 60.0, 3.2, 0.973331, 0.0164186, 0.407045, 0.966
1681513618.184107, -3.2, 3.451241e-06, -1.020294e-05, 1.102605e-05, 292.6847, 0, 0, 0, 60.0, 3.2, 0.973331, 0.0163575, 0.407106, 0.966
1681513623.883687, 3.2, -5.066753e-06, -1.009332e-05, 1.146235e-05, 240.3961, 0, 0, 0, 60.0, 3.2, 0.973392, 0.0163575, 0.407106, 0.966
1681513629.6199126, -3.2, 4.401747e-06, -1.01664e-05, 1.098743e-05, 294.273, 0, 0, 0, 60.0, 3.2, 0.973392, 0.0164186, 0.407106, 0.966
1681513635.3374562, 3.2, -5.761353e-06, -1.002024e-05, 1.154513e-05, 240.8419, 0, 0, 0, 60.0, 3.2, 0.973392, 0.0164186, 0.407106, 0.966
1681513641.0532222, -3.2, 3.12222e-06, -1.009332e-05, 1.065886e-05, 289.5638, 0, 0, 0, 60.0, 3.2, 0.973392, 0.0164186, 0.407106, 0.966
1681513646.7675335, 3.2, -1.703425e-06, -1.002024e-05, 1.023161e-05, 260.3521, 0, 0, 0, 60.0, 3.2, 0.973392, 0.0164186, 0.407167, 0.966
1681513652.4172456, -3.2, 2.829757e-06, -1.002024e-05, 1.056273e-05, 289.6172, 0, 0, 0, 60.0, 3.2, 0.973392, 0.0164186, 0.407167, 0.966
1681513658.1299555, 3.2, -7.22367e-06, -1.002024e-05, 1.242472e-05, 231.479, 0, 0, 0, 60.0, 3.2, 0.973392, 0.0164186, 0.407167, 0.966
1681513663.837063, -3.2, 3.889937e-06, -9.983696e-06, 1.054334e-05, 292.4036, 0, 0, 0, 60.0, 3.2, 0.973454, 0.0163575, 0.407167, 0.966
1681513669.5467775, 3.2, -6.273164e-06, -9.910612e-06, 1.249836e-05, 232.5562, 0, 0, 0, 60.0, 3.2, 0.973454, 0.0164186, 0.407167, 0.966
1681513675.263506, -3.2, 2.354504e-06, -9.983696e-06, 1.044966e-05, 286.9831, 0, 0, 0, 60.0, 3.2, 0.973454, 0.0164186, 0.407228, 0.966
1681513680.9656427, 3.2, -8.28385e-06, -9.947154e-06, 1.317826e-05, 228.1754, 0, 0, 0, 60.0, 3.2, 0.973454, 0.0164186, 0.407228, 0.966
1681513686.6777701, -3.2, -3.970016e-06, -9.983696e-06, 1.060959e-05, 248.4244, 0, 0, 0, 60.0, 3.2, 0.973454, 0.0164186, 0.407228, 0.966
1681513692.395604, 3.2, -1.062356e-05, -9.874071e-06, 1.442356e-05, 222.9133, 0, 0, 0, 60.0, 3.2, 0.973515, 0.0164186, 0.407228, 0.966
1681513698.0848613, -3.2, 2.707027e-07, -1.002024e-05, 9.911393e-06, 268.8044, 0, 0, 0, 60.0, 3.2, 0.973515, 0.0164186, 0.40729, 0.966
1681513703.7853355, 3.2, -1.087946e-05, -9.874071e-06, 1.45595e-05, 222.7019, 0, 0, 0, 60.0, 3.2, 0.973515, 0.0164186, 0.40729, 0.966
1681513709.5046716, -3.2, -7.163611e-07, -9.947154e-06, 9.947178e-06, 271.3584, 0, 0, 0, 60.0, 3.2, 0.973515, 0.0164186, 0.40729, 0.966
1681513715.2198122, 3.2, -9.234355e-06, -9.764446e-06, 1.347145e-05, 227.392, 0, 0, 0, 60.0, 3.2, 0.973576, 0.0164186, 0.407351, 0.966
1681513720.946838, -3.2, -9.357085e-07, -9.837529e-06, 9.798868e-06, 260.212, 0, 0, 0, 60.0, 3.2, 0.973576, 0.0164186, 0.407351, 0.966
1681513726.6712823, 3.2, -9.965514e-06, -9.764446e-06, 1.450569e-05, 223.5025, 0, 0, 0, 60.0, 3.2, 0.973576, 0.0164186, 0.407351, 0.966
1681513732.3533564, -3.2, -2.251793e-06, -9.837529e-06, 9.892917e-06, 262.1332, 0, 0, 0, 60.0, 3.2, 0.973576, 0.0164186, 0.407351, 0.966
1681513738.0478003, 3.2, -1.245145e-05, -9.764446e-06, 1.610589e-05, 217.8367, 0, 0, 0, 60.0, 3.2, 0.973576, 0.0164186, 0.407351, 0.966
1681513743.7407463, -3.2, -2.544257e-06, -9.764446e-06, 1.000455e-05, 258.0365, 0, 0, 0, 60.0, 3.2, 0.973576, 0.0164186, 0.407351, 0.966
1681513749.4584131, 3.2, -1.135471e-05, -9.800988e-06, 1.469478e-05, 222.3036, 0, 0, 0, 60.0, 3.2, 0.973576, 0.0164186, 0.407351, 0.966
1681513755.1593704, -3.2, -5.831854e-08, -9.764446e-06, 9.909436e-06, 263.3523, 0, 0, 0, 60.0, 3.2, 0.973637, 0.0163575, 0.407412, 0.966
1681513760.8898368, 3.2, -9.453704e-06, -9.654822e-06, 1.377041e-05, 226.2752, 0, 0, 0, 60.0, 3.2, 0.973637, 0.0164186, 0.407412, 0.966
1681513766.608805, -3.2, 3.438185e-07, -9.764446e-06, 9.800999e-06, 268.5855, 0, 0, 0, 60.0, 3.2, 0.973637, 0.0164186, 0.407412, 0.966
1681513772.3243978, 3.2, -1.22321e-05, -9.764446e-06, 1.684886e-05, 216.1122, 0, 0, 0, 60.0, 3.2, 0.973637, 0.0164186, 0.407412, 0.966
1681513778.04914, -3.2, -9.234355e-06, -9.764446e-06, 1.27156e-05, 231.1441, 0, 0, 0, 60.0, 3.2, 0.973698, 0.0164186, 0.407412, 0.966
1681513783.7810707, 3.2, -1.994582e-05, -9.691363e-06, 2.27188e-05, 205.1956, 0, 0, 0, 60.0, 3.2, 0.973698, 0.0164186, 0.407412, 0.966
1681513789.4853818, -3.2, -1.230522e-05, -9.837529e-06, 1.584607e-05, 217.7663, 0, 0, 0, 60.0, 3.2, 0.973698, 0.0164186, 0.407412, 0.966
1681513795.219983, 3.2, -2.181028e-05, -9.800988e-06, 2.398159e-05, 203.5965, 0, 0, 0, 60.0, 3.2, 0.973698, 0.0164186, 0.407473, 0.966
1681513800.9185574, -3.2, -1.208587e-05, -9.800988e-06, 1.561731e-05, 219.0859, 0, 0, 0, 60.0, 3.2, 0.973698, 0.0164186, 0.407473, 0.966
1681513806.62784, 3.2, -2.265111e-05, -9.61828e-06, 2.485854e-05, 203.0754, 0, 0, 0, 60.0, 3.2, 0.973698, 0.0163575, 0.407473, 0.966
1681513812.323253, -3.2, -1.574166e-05, -9.727904e-06, 1.873541e-05, 210.2643, 0, 0, 0, 60.0, 3.2, 0.973698, 0.0163575, 0.407473, 0.966
1681513818.0537748, 3.2, -2.564886e-05, -9.691363e-06, 2.726083e-05, 200.6626, 0, 0, 0, 60.0, 3.2, 0.973698, 0.0164186, 0.407473, 0.966
1681513823.7926905, -3.2, -1.51933e-05, -9.764446e-06, 1.935155e-05, 210.5081, 0, 0, 0, 60.0, 3.2, 0.973698, 0.0164186, 0.407473, 0.966
1681513829.4842043, 3.2, -2.740364e-05, -9.691363e-06, 2.9065e-05, 199.7991, 0, 0, 0, 60.0, 3.2, 0.973759, 0.0163575, 0.407473, 0.966
1681513835.1726565, -3.2, -1.599757e-05, -9.654822e-06, 1.819495e-05, 212.4961, 0, 0, 0, 60.0, 3.2, 0.973759, 0.0163575, 0.407473, 0.966
1681513840.8833745, 3.2, -2.590476e-05, -9.581738e-06, 2.780803e-05, 200.2723, 0, 0, 0, 60.0, 3.2, 0.973759, 0.0163575, 0.407473, 0.966
1681513846.6107354, -3.2, -1.650938e-05, -9.764446e-06, 1.85412e-05, 210.5809, 0, 0, 0, 60.0, 3.2, 0.973759, 0.0163575, 0.407473, 0.966
1681513852.3158083, 3.2, -2.689183e-05, -9.727904e-06, 2.807876e-05, 200.1866, 0, 0, 0, 60.0, 3.2, 0.973759, 0.0163575, 0.407534, 0.966
1681513858.0221102, -3.2, -1.468148e-05, -9.764446e-06, 1.799901e-05, 211.9908, 0, 0, 0, 60.0, 3.2, 0.973759, 0.0163575, 0.407534, 0.966
1681513863.741089, 3.2, -2.641658e-05, -9.691363e-06, 2.900808e-05, 199.0207, 0, 0, 0, 60.0, 3.2, 0.97382, 0.0164186, 0.407534, 0.966
1681513869.4510663, -3.2, -1.86663e-05, -9.764446e-06, 2.038365e-05, 208.3432, 0, 0, 0, 60.0, 3.2, 0.97382, 0.0163575, 0.407534, 0.966
1681513875.139799, 3.2, -2.831759e-05, -9.61828e-06, 2.972165e-05, 198.7657, 0, 0, 0, 60.0, 3.2, 0.97382, 0.0164186, 0.407534, 0.966
1681513880.8365042, -3.2, -1.636315e-05, -9.654822e-06, 1.897528e-05, 210.3035, 0, 0, 0, 60.0, 3.2, 0.97382, 0.0163575, 0.407534, 0.966
1681513906.7047923, 3.2, -1.870286e-05, -1.988646e-05, 2.745034e-05, 225.3378, 0, 0, 0, 80.0, 3.2, 0.96558, 0.0162965, 0.399294, 0.972
