t,i,x,y,r,theta,xK,tc,therm,dc,i,x2,y2,r2,theta2
1681585742.904837, 3.2, 2.107216e-05, -1.944553e-06, 2.124131e-05, 354.5117, 0, 0, 0, 0.0, 3.2, 0.985783, 0.0165406, 0.419497, 0.96
1681585748.5972846, -3.2, 2.626338e-05, -1.981095e-06, 2.667162e-05, 355.8333, 0, 0, 0, 0.0, 3.2, 0.985783, 0.0165406, 0.419497, 0.96
1681585754.299722, 3.2, 2.0341e-05, -2.017636e-06, 2.011713e-05, 354.3258, 0, 0, 0, 0.0, 3.2, 0.985783, 0.0165406, 0.419497, 0.96
1681585759.9957898, -3.2, 2.567845e-05, -2.054178e-06, 2.589779e-05, 355.4068, 0, 0, 0, 0.0, 3.2, 0.985783, 0.0165406, 0.419497, 0.966
1681585765.6910262, 3.2, 2.0341e-05, -2.017636e-06, 1.988792e-05, 354.3051, 0, 0, 0, 0.0, 3.2, 0.985783, 0.0165406, 0.419497, 0.96
1681585771.3857582, -3.2, 2.560534e-05, -1.981095e-06, 2.612492e-05, 355.4359, 0, 0, 0, 0.0, 3.2, 0.985783, 0.0165406, 0.419497, 0.96
1681585777.101558, 3.2, 2.107216e-05, -2.017636e-06, 2.08446e-05, 354.4322, 0, 0, 0, 0.0, 3.2, 0.985783, 0.0165406, 0.419497, 0.96
1681585782.804326, -3.2, 2.644617e-05, -2.054178e-06, 2.699968e-05, 355.9073, 0, 0, 0, 0.0, 3.2, 0.985783, 0.0165406, 0.419497, 0.96
1681585788.5059013, 3.2, 2.048723e-05, -2.017636e-06, 2.091736e-05, 354.4347, 0, 0, 0, 0.0, 3.2, 0.985783, 0.0165406, 0.419497, 0.96
1681585794.2049353, -3.2, 2.619026e-05, -2.090719e-06, 2.655948e-05, 355.3435, 0, 0, 0, 0.0, 3.2, 0.985783, 0.0165406, 0.419497, 0.96
1681585799.9309204, 3.2, 2.081625e-05, -2.163802e-06, 2.09831e-05, 354.4735, 0, 0, 0, 0.0, 3.2, 0.985783, 0.0165406, 0.419497, 0.966
1681585805.625312, -3.2, 2.65924e-05, -2.090719e-06, 2.660447e-05, 355.4575, 0, 0, 0, 0.0, 3.2, 0.985783, 0.0165406, 0.419497, 0.96
1681585811.3218985, 3.2, 2.081625e-05, -2.017636e-06, 2.109927e-05, 354.4609, 0, 0, 0, 0.0, 3.2, 0.985783, 0.0165406, 0.419497, 0.96
1681585817.0325751, -3.2, 2.571501e-05, -1.944553e-06, 2.639182e-05, 355.6009, 0, 0, 0, 0.0, 3.2, 0.985783, 0.0165406, 0.419497, 0.966
1681585822.7404873, 3.2, 2.147429e-05, -2.127261e-06, 2.124482e-05, 354.2846, 0, 0, 0, 0.0, 3.2, 0.985783, 0.0165406, 0.419497, 0.966
1681585828.4515603, -3.2, 2.677519e-05, -2.090719e-06, 2.689033e-05, 355.5533, 0, 0, 0, 0.0, 3.2, 0.985783, 0.0165406, 0.419497, 0.966
1681585834.171647, 3.2, 2.125495e-05, -1.981095e-06, 2.109927e-05, 354.3331, 0, 0, 0, 0.0, 3.2, 0.985783, 0.0165406, 0.419497, 0.966
1681585839.8576016, -3.2, 2.70311e-05, -2.017636e-06, 2.737266e-05, 355.5482, 0, 0, 0, 0.0, 3.2, 0.985783, 0.0165406, 0.419497, 0.96
1681585845.5668597, 3.2, 2.118183e-05, -2.017636e-06, 2.150306e-05, 354.4204, 0, 0, 0, 0.0, 3.2, 0.985783, 0.0165406, 0.419497, 0.96
1681585851.259659, -3.2, 2.768914e-05, -2.127261e-06, 2.717129e-05, 355.4721, 0, 0, 0, 0.0, 3.2, 0.985783, 0.0164796, 0.419497, 0.96
1681585856.952449, 3.2, 2.121839e-05, -2.090719e-06, 2.063e-05, 353.9709, 0, 0, 0, 0.0, 3.2, 0.985783, 0.0165406, 0.419497, 0.96
1681585862.6345203, -3.2, 2.432581e-05, -2.090719e-06, 2.372676e-05, 354.9032, 0, 0, 0, 0.0, 3.2, 0.985783, 0.0165406, 0.419497, 0.96
1681585868.3176239, 3.2, 2.12915e-05, -2.127261e-06, 2.131759e-05, 354.2454, 0, 0, 0, 0.0, 3.2, 0.985783, 0.0165406, 0.419497, 0.96
1681585874.0075557, -3.2, 2.626338e-05, -2.017636e-06, 2.64558e-05, 355.4575, 0, 0, 0, 0.0, 3.2, 0.985783, 0.0165406, 0.419497, 0.96
1681585879.7042372, 3.2, 2.143774e-05, -2.090719e-06, 2.118672e-05, 354.0593, 0, 0, 0, 0.0, 3.2, 0.985783, 0.0165406, 0.419497, 0.96
1681585885.4100678, -3.2, 2.699454e-05, -2.090719e-06, 2.751844e-05, 355.4021, 0, 0, 0, 0.0, 3.2, 0.985783, 0.0165406, 0.419497, 0.96
1681585891.1166108, 3.2, 2.176676e-05, -2.163802e-06, 2.186347e-05, 354.4766, 0, 0, 0, 0.0, 3.2, 0.985783, 0.0165406, 0.419497, 0.96
1681585896.80254, -3.2, 2.717733e-05, -2.127261e-06, 2.759133e-05, 355.7347, 0, 0, 0, 0.0, 3.2, 0.985783, 0.0165406, 0.419497, 0.96
1681585902.4812307, 3.2, 2.183987e-05, -1.944553e-06, 2.146668e-05, 354.5226, 0, 0, 0, 0.0, 3.2, 0.985783, 0.0165406, 0.419497, 0.96
1681585908.178693, -3.2, 2.651929e-05, -2.054178e-06, 2.721566e-05, 355.5653, 0, 0, 0, 0.0, 3.2, 0.985783, 0.0165406, 0.419497, 0.96
1681585913.8785532, 3.2, 5.061095e-05, -2.054178e-06, 4.922807e-05, 357.596, 0, 0, 0, 0.0, 3.2, 0.985844, 0.0164796, 0.419619, 0.96
1681585919.556763, -3.2, 4.860027e-05, -2.090719e-06, 4.813231e-05, 357.478, 0, 0, 0, 0.0, 3.2, 0.985844, 0.0165406, 0.419619, 0.96
1681585925.253686, 3.2, 4.183705e-05, -2.090719e-06, 4.184916e-05, 357.1618, 0, 0, 0, 0.0, 3.2, 0.985844, 0.0165406, 0.419619, 0.96
1681585930.9662757, -3.2, 4.658958e-05, -2.054178e-06, 4.696516e-05, 357.3697, 0, 0, 0, 0.0, 3.2, 0.985844, 0.0165406, 0.419619, 0.96
1681585936.647473, 3.2, 4.084999e-05, -1.981095e-06, 4.1086e-05, 357.313, 0, 0, 0, 0.0, 3.2, 0.985844, 0.0165406, 0.419619, 0.96
1681585942.340786, -3.2, 4.55294e-05, -1.981095e-06, 4.525041e-05, 357.3708, 0, 0, 0, 0.0, 3.2, 0.985844, 0.0165406, 0.419619, 0.96
1681585948.0254705, 3.2, 4.026507e-05, -2.054178e-06, 3.976791e-05, 357.1392, 0, 0, 0, 0.0, 3.2, 0.985844, 0.0165406, 0.419619, 0.96
1681585953.7317824, -3.2, 4.560252e-05, -2.090719e-06, 4.604888e-05, 357.3651, 0, 0, 0, 0.0, 3.2, 0.985844, 0.0165406, 0.419619, 0.96
1681585959.4414272, 3.2, 3.982637e-05, -2.017636e-06, 3.972775e-05, 357.0567, 0, 0, 0, 0.0, 3.2, 0.985844, 0.0165406, 0.419619, 0.96
1681585965.1408813, -3.2, 4.545629e-05, -1.944553e-06, 4.57567e-05, 357.312, 0, 0, 0, 0.0, 3.2, 0.985844, 0.0164796, 0.419619, 0.96
1681585970.8357704, 3.2, 3.993604e-05, -1.944553e-06, 4.009837e-05, 356.9811, 0, 0, 0, 0.0, 3.2, 0.985844, 0.0165406, 0.419619, 0.96
1681585976.5375504, -3.2, 4.512727e-05, -2.054178e-06, 4.520725e-05, 357.4944, 0, 0, 0, 0.0, 3.2, 0.985844, 0.0165406, 0.419619, 0.96
1681585982.2182748, 3.2, 4.004571e-05, -2.017636e-06, 4.031558e-05, 357.0953, 0, 0, 0, 0.0, 3.2, 0.985844, 0.0165406, 0.419619, 0.96
1681585987.9088495, -3.2, 4.611433e-05, -2.017636e-06, 4.575511e-05, 357.4788, 0, 0, 0, 0.0, 3.2, 0.985844, 0.0165406, 0.419619, 0.96
1681585993.609677, 3.2, 4.103278e-05, -1.944553e-06, 4.049998e-05, 357.1417, 0, 0, 0, 0.0, 3.2, 0.985844, 0.0165406, 0.419619, 0.96
1681585999.2728422, -3.2, 4.578531e-05, -1.944553e-06, 4.564713e-05, 357.5465, 0, 0, 0, 0.0, 3.2, 0.985844, 0.0165406, 0.419619, 0.96
1681586005.003336, 3.2, 3.989948e-05, -2.090719e-06, 3.998698e-05, 357.1209, 0, 0, 0, 0.0, 3.2, 0.985905, 0.0165406, 0.41968, 0.96
1681586010.720723, -3.2, 4.432299e-05, -2.054178e-06, 4.52803e-05, 357.3495, 0, 0, 0, 0.0, 3.2, 0.985844, 0.0165406, 0.419619, 0.96
1681586016.413461, 3.2, 3.949735e-05, -1.981095e-06, 3.936818e-05, 357.0703, 0, 0, 0, 0.0, 3.2, 0.985905, 0.0164796, 0.41968, 0.96
1681586022.1151116, -3.2, 4.582187e-05, -2.017636e-06, 4.517567e-05, 357.4741, 0, 0, 0, 0.0, 3.2, 0.985844, 0.0165406, 0.419619, 0.96
1681586027.8075478, 3.2, 4.033818e-05, -1.981095e-06, 4.071366e-05, 357.1131, 0, 0, 0, 0.0, 3.2, 0.985844, 0.0165406, 0.419619, 0.966
1681586033.5269144, -3.2, 4.607777e-05, -2.090719e-06, 4.655558e-05, 357.5066, 0, 0, 0, 0.0, 3.2, 0.985844, 0.0165406, 0.419619, 0.96
1681586039.2081666, 3.2, 4.074031e-05, -1.944553e-06, 4.111887e-05, 357.3839, 0, 0, 0, 0.0, 3.2, 0.985844, 0.0165406, 0.419619, 0.96
1681586044.8936443, -3.2, 4.629712e-05, -1.944553e-06, 4.640947e-05, 357.5594, 0, 0, 0, 0.0, 3.2, 0.985844, 0.0165406, 0.419619, 0.96
1681586050.5961688, 3.2, 4.099622e-05, -2.054178e-06, 4.10495e-05, 357.1673, 0, 0, 0, 0.0, 3.2, 0.985844, 0.0165406, 0.419619, 0.96
1681586056.2949982, -3.2, 4.739386e-05, -1.981095e-06, 4.714459e-05, 357.6451, 0, 0, 0, 0.0, 3.2, 0.985844, 0.0165406, 0.419619, 0.96
1681586061.9897165, 3.2, 4.468857e-05, -1.944553e-06, 4.414978e-05, 357.3763, 0, 0, 0, 0.0, 3.2, 0.985844, 0.0165406, 0.419619, 0.96
1681586067.692032, -3.2, 4.669926e-05, -2.090719e-06, 4.706846e-05, 357.5415, 0, 0, 0, 0.0, 3.2, 0.985844, 0.0165406, 0.419619, 0.96
1681586073.3713138, 3.2, 4.13618e-05, -1.908012e-06, 4.148763e-05, 357.2795, 0, 0, 0, 0.0, 3.2, 0.985844, 0.0165406, 0.419619, 0.96
1681586079.0616822, -3.2, 4.549284e-05, -2.127261e-06, 4.568048e-05, 357.3666, 0, 0, 0, 0.0, 3.2, 0.985844, 0.0165406, 0.419619, 0.96
1681586100.9099643, 3.2, 1.401648e-05, -2.200344e-06, 1.353844e-05, 350.1774, 0, 0, 0, 4.166666666666667, 3.2, 0.985355, 0.0164796, 0.41913, 0.96
1681586106.6069589, -3.2, 1.606372e-05, -2.200344e-06, 1.650353e-05, 352.3382, 0, 0, 0, 4.166666666666667, 3.2, 0.985355, 0.0165406, 0.41913, 0.966
1681586112.3205192, 3.2, 1.401648e-05, -2.273427e-06, 1.415202e-05, 351.2242, 0, 0, 0, 4.166666666666667, 3.2, 0.985355, 0.0165406, 0.41913, 0.966
1681586118.0234377, -3.2, 2.026788e-05, -2.200344e-06, 2.019743e-05, 353.9062, 0, 0, 0, 4.166666666666667, 3.2, 0.985355, 0.0165406, 0.41913, 0.966
1681586123.7402823, 3.2, 1.525945e-05, -2.127261e-06, 1.486409e-05, 351.7081, 0, 0, 0, 4.166666666666667, 3.2, 0.985355, 0.0165406, 0.41913, 0.966
1681586129.4788172, -3.2, 2.088937e-05, -2.236886e-06, 2.074661e-05, 353.9023, 0, 0, 0, 4.166666666666667, 3.2, 0.985355, 0.0165406, 0.41913, 0.966
1681586135.1691012, 3.2, 1.482075e-05, -2.163802e-06, 1.490027e-05, 352.1472, 0, 0, 0, 4.166666666666667, 3.2, 0.985416, 0.0165406, 0.41913, 0.966
1681586140.8737206, -3.2, 2.169364e-05, -2.127261e-06, 2.208529e-05, 354.6562, 0, 0, 0, 4.166666666666667, 3.2, 0.985416, 0.0165406, 0.41913, 0.966
1681586146.5724657, 3.2, 1.650242e-05, -2.163802e-06, 1.5919e-05, 352.1606, 0, 0, 0, 4.166666666666667, 3.2, 0.985416, 0.0165406, 0.41913, 0.966
1681586152.247975, -3.2, 2.10356e-05, -2.163802e-06, 2.154302e-05, 354.3822, 0, 0, 0, 4.166666666666667, 3.2, 0.985355, 0.0165406, 0.41913, 0.966
1681586157.9431994, 3.2, 1.558847e-05, -2.127261e-06, 1.547943e-05, 352.4564, 0, 0, 0, 4.166666666666667, 3.2, 0.985355, 0.0165406, 0.41913, 0.966
1681586163.659719, -3.2, 2.24248e-05, -2.163802e-06, 2.165578e-05, 354.7306, 0, 0, 0, 4.166666666666667, 3.2, 0.985355, 0.0165406, 0.41913, 0.966
1681586169.3692353, 3.2, 1.628307e-05, -2.054178e-06, 1.64076e-05, 352.4223, 0, 0, 0, 4.166666666666667, 3.2, 0.985355, 0.0165406, 0.41913, 0.966
1681586175.0769775, -3.2, 2.158397e-05, -2.054178e-06, 2.200906e-05, 354.4275, 0, 0, 0, 4.166666666666667, 3.2, 0.985355, 0.0165406, 0.41913, 0.966
1681586180.786256, 3.2, 1.562503e-05, -2.054178e-06, 1.534658e-05, 352.3611, 0, 0, 0, 4.166666666666667, 3.2, 0.985355, 0.0165406, 0.41913, 0.966
1681586186.5159519, -3.2, 2.224201e-05, -2.127261e-06, 2.262791e-05, 354.8082, 0, 0, 0, 4.166666666666667, 3.2, 0.985416, 0.0165406, 0.41913, 0.966
1681586192.2011616, 3.2, 1.759916e-05, -2.054178e-06, 1.713344e-05, 352.7813, 0, 0, 0, 4.166666666666667, 3.2, 0.985355, 0.0166017, 0.41913, 0.966
1681586197.9016786, -3.2, 2.001198e-05, -2.163802e-06, 2.007706e-05, 354.2946, 0, 0, 0, 4.166666666666667, 3.2, 0.985416, 0.0166017, 0.41913, 0.966
1681586203.602719, 3.2, 1.75626e-05, -2.236886e-06, 1.769096e-05, 353.6048, 0, 0, 0, 4.166666666666667, 3.2, 0.985355, 0.0165406, 0.41913, 0.966
1681586209.287569, -3.2, 2.308284e-05, -2.090719e-06, 2.42212e-05, 354.9518, 0, 0, 0, 4.166666666666667, 3.2, 0.985355, 0.0166017, 0.41913, 0.966
1681586214.9826624, 3.2, 1.752604e-05, -2.090719e-06, 1.730661e-05, 353.0095, 0, 0, 0, 4.166666666666667, 3.2, 0.985355, 0.0166017, 0.41913, 0.966
1681586220.694943, -3.2, 2.352154e-05, -2.017636e-06, 2.324055e-05, 354.9808, 0, 0, 0, 4.166666666666667, 3.2, 0.985355, 0.0165406, 0.41913, 0.966
1681586226.41171, 3.2, 1.697767e-05, -1.981095e-06, 1.709714e-05, 353.1644, 0, 0, 0, 4.166666666666667, 3.2, 0.985355, 0.0165406, 0.41913, 0.966
1681586232.118809, -3.2, 2.319252e-05, -2.090719e-06, 2.316157e-05, 355.2067, 0, 0, 0, 4.166666666666667, 3.2, 0.985355, 0.0165406, 0.41913, 0.966
1681586237.8240705, 3.2, 1.745292e-05, -1.944553e-06, 1.753284e-05, 353.6557, 0, 0, 0, 4.166666666666667, 3.2, 0.985355, 0.0165406, 0.41913, 0.966
1681586243.510731, -3.2, 2.304628e-05, -2.054178e-06, 2.302518e-05, 355.032, 0, 0, 0, 4.166666666666667, 3.2, 0.985355, 0.0166017, 0.41913, 0.966
1681586249.222145, 3.2, 1.679488e-05, -2.017636e-06, 1.697557e-05, 353.7868, 0, 0, 0, 4.166666666666667, 3.2, 0.985416, 0.0165406, 0.41913, 0.966
1681586254.9283419, -3.2, 2.253447e-05, -1.981095e-06, 2.273713e-05, 355.1075, 0, 0, 0, 4.166666666666667, 3.2, 0.985355, 0.0166017, 0.41913, 0.966
1681586260.640671, 3.2, 1.705079e-05, -1.908012e-06, 1.657604e-05, 353.0294, 0, 0, 0, 4.166666666666667, 3.2, 0.985355, 0.0166017, 0.41913, 0.966
1681586266.3217242, -3.2, 1.928082e-05, -2.017636e-06, 1.967328e-05, 354.1901, 0, 0, 0, 4.166666666666667, 3.2, 0.985355, 0.0165406, 0.41913, 0.966
1681586272.0407274, 3.2, 1.664865e-05, -1.981095e-06, 1.664867e-05, 352.8732, 0, 0, 0, 4.166666666666667, 3.2, 0.985355, 0.0166017, 0.41913, 0.966
1681586277.7359338, -3.2, 2.209578e-05, -2.090719e-06, 2.207193e-05, 354.885, 0, 0, 0, 4.166666666666667, 3.2, 0.985355, 0.0166017, 0.41913, 0.966
1681586283.4355018, 3.2, 1.620995e-05, -1.834929e-06, 1.596325e-05, 352.6761, 0, 0, 0, 4.166666666666667, 3.2, 0.985355, 0.0165406, 0.41913, 0.966
1681586289.1132452, -3.2, 2.194955e-05, -1.981095e-06, 2.203551e-05, 354.7826, 0, 0, 0, 4.166666666666667, 3.2, 0.985355, 0.0166017, 0.41913, 0.966
1681586294.8016658, 3.2, 1.566159e-05, -1.944553e-06, 1.575012e-05, 352.5386, 0, 0, 0, 4.166666666666667, 3.2, 0.985355, 0.0166017, 0.41913, 0.966
1681586300.4997346, -3.2, 2.147429e-05, -2.090719e-06, 2.18138e-05, 354.8433, 0, 0, 0, 4.166666666666667, 3.2, 0.985355, 0.0166017, 0.41913, 0.966
1681586306.2085829, 3.2, 1.569814e-05, -1.87147e-06, 1.599954e-05, 352.9376, 0, 0, 0, 4.166666666666667, 3.2, 0.985355, 0.0165406, 0.419069, 0.966
1681586311.8886628, -3.2, 2.224201e-05, -1.981095e-06, 2.277354e-05, 354.9677, 0, 0, 0, 4.166666666666667, 3.2, 0.985355, 0.0166017, 0.419069, 0.966
1681586317.5681221, 3.2, 1.591749e-05, -1.944553e-06, 1.584996e-05, 352.8895, 0, 0, 0, 4.166666666666667, 3.2, 0.985355, 0.0166017, 0.419069, 0.966
1681586323.243241, -3.2, 2.162053e-05, -1.908012e-06, 2.191991e-05, 354.8255, 0, 0, 0, 4.166666666666667, 3.2, 0.985355, 0.0166017, 0.419069, 0.966
1681586328.921162, 3.2, 1.610028e-05, -1.944553e-06, 1.578639e-05, 353.1222, 0, 0, 0, 4.166666666666667, 3.2, 0.985355, 0.0165406, 0.419069, 0.966
1681586334.6262064, -3.2, 2.165708e-05, -1.834929e-06, 2.200236e-05, 355.0969, 0, 0, 0, 4.166666666666667, 3.2, 0.985355, 0.0165406, 0.419069, 0.966
1681586340.3220787, 3.2, 1.646586e-05, -1.908012e-06, 1.627715e-05, 353.2718, 0, 0, 0, 4.166666666666667, 3.2, 0.985355, 0.0165406, 0.419069, 0.966
1681586346.0216424, -3.2, 2.24248e-05, -1.908012e-06, 2.207193e-05, 355.0565, 0, 0, 0, 4.166666666666667, 3.2, 0.985355, 0.0165406, 0.419069, 0.966
1681586351.7234857, 3.2, 1.595405e-05, -1.87147e-06, 1.599082e-05, 353.1956, 0, 0, 0, 4.166666666666667, 3.2, 0.985355, 0.0165406, 0.419069, 0.966
1681586357.4351304, -3.2, 2.205922e-05, -1.908012e-06, 2.203232e-05, 354.9988, 0, 0, 0, 4.166666666666667, 3.2, 0.985355, 0.0165406, 0.419069, 0.966
1681586363.1372888, 3.2, 1.61734e-05, -1.834929e-06, 1.6245e-05, 353.3995, 0, 0, 0, 4.166666666666667, 3.2, 0.985355, 0.0165406, 0.41913, 0.966
1681586368.8280177, -3.2, 2.176676e-05, -1.944553e-06, 2.184706e-05, 355.0071, 0, 0, 0, 4.166666666666667, 3.2, 0.985355, 0.0165406, 0.419069, 0.966
1681586374.5281463, 3.2, 1.588093e-05, -1.87147e-06, 1.558718e-05, 353.2709, 0, 0, 0, 4.166666666666667, 3.2, 0.985355, 0.0166017, 0.419069, 0.966
1681586380.242143, -3.2, 2.249792e-05, -1.798387e-06, 2.290961e-05, 355.4115, 0, 0, 0, 4.166666666666667, 3.2, 0.985355, 0.0165406, 0.41913, 0.966
1681586385.9436975, 3.2, 1.664865e-05, -1.87147e-06, 1.657604e-05, 353.4726, 0, 0, 0, 4.166666666666667, 3.2, 0.985355, 0.0165406, 0.41913, 0.966
1681586391.6217058, -3.2, 2.300973e-05, -1.834929e-06, 2.279422e-05, 355.3131, 0, 0, 0, 4.166666666666667, 3.2, 0.985355, 0.0165406, 0.419069, 0.966
1681586397.3145359, 3.2, 1.646586e-05, -1.834929e-06, 1.637422e-05, 353.53, 0, 0, 0, 4.166666666666667, 3.2, 0.985355, 0.0165406, 0.419069, 0.966
1681586402.9951007, -3.2, 2.19861e-05, -1.834929e-06, 2.257562e-05, 355.6846, 0, 0, 0, 4.166666666666667, 3.2, 0.985355, 0.0166017, 0.419069, 0.966
1681586408.67816, 3.2, 1.657553e-05, -1.798387e-06, 1.689482e-05, 353.6421, 0, 0, 0, 4.166666666666667, 3.2, 0.985355, 0.0165406, 0.419069, 0.966
1681586414.3544476, -3.2, 2.293661e-05, -1.908012e-06, 2.260324e-05, 355.4809, 0, 0, 0, 4.166666666666667, 3.2, 0.985355, 0.0165406, 0.419069, 0.966
1681586420.0516772, 3.2, 1.694111e-05, -1.87147e-06, 1.630542e-05, 353.7712, 0, 0, 0, 4.166666666666667, 3.2, 0.985355, 0.0165406, 0.419069, 0.966
1681586425.755218, -3.2, 2.220545e-05, -1.761845e-06, 2.216884e-05, 355.3469, 0, 0, 0, 4.166666666666667, 3.2, 0.985355, 0.0165406, 0.419069, 0.966
1681586431.469673, 3.2, 1.606372e-05, -1.761845e-06, 1.65962e-05, 353.7783, 0, 0, 0, 4.166666666666667, 3.2, 0.985355, 0.0165406, 0.419069, 0.966
1681586437.1871812, -3.2, 2.282694e-05, -1.798387e-06, 2.279422e-05, 355.7957, 0, 0, 0, 4.166666666666667, 3.2, 0.985355, 0.0165406, 0.419069, 0.966
1681586459.0534892, 3.2, -1.310949e-05, -1.981095e-06, 1.278301e-05, 188.921, 0, 0, 0, 8.333333333333334, 3.2, 0.984745, 0.0165406, 0.41852, 0.966
1681586464.7376606, -3.2, -6.638743e-06, -1.944553e-06, 7.138497e-06, 196.5608, 0, 0, 0, 8.333333333333334, 3.2, 0.984745, 0.0165406, 0.41852, 0.966
1681586470.4596784, 3.2, -1.01483e-05, -2.017636e-06, 1.053333e-05, 191.2457, 0, 0, 0, 8.333333333333334, 3.2, 0.984806, 0.0165406, 0.418581, 0.966
1681586476.1516676, -3.2, -7.698923e-06, -1.981095e-06, 7.686044e-06, 194.5629, 0, 0, 0, 8.333333333333334, 3.2, 0.984806, 0.0165406, 0.418581, 0.966
1681586481.8387775, 3.2, -1.347507e-05, -2.017636e-06, 1.387316e-05, 188.7496, 0, 0, 0, 8.333333333333334, 3.2, 0.984745, 0.0165406, 0.41852, 0.966
1681586487.5296233, -3.2, -7.187112e-06, -1.944553e-06, 7.022992e-06, 196.2646, 0, 0, 0, 8.333333333333334, 3.2, 0.984745, 0.0165406, 0.41852, 0.966
1681586493.2297308, 3.2, -1.427935e-05, -1.981095e-06, 1.424022e-05, 188.1663, 0, 0, 0, 8.333333333333334, 3.2, 0.984745, 0.0165406, 0.41852, 0.966
1681586498.9278238, -3.2, -6.894649e-06, -2.054178e-06, 7.419917e-06, 193.113, 0, 0, 0, 8.333333333333334, 3.2, 0.984745, 0.0165406, 0.41852, 0.966
1681586504.632358, 3.2, -1.281703e-05, -2.017636e-06, 1.322772e-05, 188.6869, 0, 0, 0, 8.333333333333334, 3.2, 0.984806, 0.0165406, 0.418581, 0.966
1681586510.3259358, -3.2, -5.505448e-06, -1.981095e-06, 6.16209e-06, 198.6463, 0, 0, 0, 8.333333333333334, 3.2, 0.984806, 0.0165406, 0.418581, 0.966
1681586516.0246744, 3.2, -1.19762e-05, -1.981095e-06, 1.28498e-05, 189.0992, 0, 0, 0, 8.333333333333334, 3.2, 0.984806, 0.0165406, 0.418581, 0.966
1681586521.7371845, -3.2, -6.455954e-06, -1.944553e-06, 7.058128e-06, 196.2901, 0, 0, 0, 8.333333333333334, 3.2, 0.984806, 0.0165406, 0.418581, 0.966
1681586527.429246, 3.2, -8.905335e-06, -1.981095e-06, 9.23012e-06, 192.6932, 0, 0, 0, 8.333333333333334, 3.2, 0.984745, 0.0165406, 0.41852, 0.966
1681586533.1349812, -3.2, -5.944143e-06, -1.87147e-06, 6.057889e-06, 199.3347, 0, 0, 0, 8.333333333333334, 3.2, 0.984745, 0.0165406, 0.41852, 0.966
1681586538.8332648, 3.2, -1.190308e-05, -2.054178e-06, 1.263293e-05, 188.6371, 0, 0, 0, 8.333333333333334, 3.2, 0.984745, 0.0166017, 0.41852, 0.966
1681586544.5399845, -3.2, -5.65168e-06, -1.944553e-06, 5.999713e-06, 199.5513, 0, 0, 0, 8.333333333333334, 3.2, 0.984745, 0.0165406, 0.41852, 0.966
1681586550.2385983, 3.2, -1.109881e-05, -1.87147e-06, 1.143112e-05, 189.7977, 0, 0, 0, 8.333333333333334, 3.2, 0.984745, 0.0165406, 0.41852, 0.966
1681586555.9596643, -3.2, -5.103311e-06, -1.981095e-06, 5.623927e-06, 199.847, 0, 0, 0, 8.333333333333334, 3.2, 0.984745, 0.0165406, 0.41852, 0.966
1681586561.6522245, 3.2, -1.157406e-05, -1.944553e-06, 1.177842e-05, 189.3298, 0, 0, 0, 8.333333333333334, 3.2, 0.984745, 0.0165406, 0.41852, 0.966
1681586567.3549938, -3.2, -5.615122e-06, -1.981095e-06, 6.104429e-06, 198.8733, 0, 0, 0, 8.333333333333334, 3.2, 0.984745, 0.0165406, 0.41852, 0.966
1681586573.0561616, 3.2, -1.08429e-05, -1.908012e-06, 1.139971e-05, 189.0367, 0, 0, 0, 8.333333333333334, 3.2, 0.984745, 0.0165406, 0.41852, 0.966
1681586578.7512565, -3.2, -4.810848e-06, -1.87147e-06, 4.900154e-06, 202.3817, 0, 0, 0, 8.333333333333334, 3.2, 0.984745, 0.0165406, 0.41852, 0.966
1681586584.4755685, 3.2, -1.182997e-05, -1.87147e-06, 1.239149e-05, 189.1132, 0, 0, 0, 8.333333333333334, 3.2, 0.984745, 0.0165406, 0.41852, 0.966
1681586590.1952677, -3.2, -5.871027e-06, -1.944553e-06, 6.161637e-06, 198.9977, 0, 0, 0, 8.333333333333334, 3.2, 0.984745, 0.0165406, 0.41852, 0.966
1681586595.8836603, 3.2, -1.241489e-05, -1.944553e-06, 1.226052e-05, 189.1132, 0, 0, 0, 8.333333333333334, 3.2, 0.984745, 0.0165406, 0.41852, 0.966
1681586601.6120062, -3.2, -6.748417e-06, -1.87147e-06, 6.441352e-06, 197.7842, 0, 0, 0, 8.333333333333334, 3.2, 0.984745, 0.0165406, 0.41852, 0.966
