t,f2,bias,v2,x2,y2,r2,theta2,x8,y8,r8,theta8
1681331473.0584915,442.3,0.0,0.1,0.001204235,6.523243e-06,0.001200583,359.9625,-0.0986714,-0.00166322,-0.0145951,-179.034
1681331477.1311548,442.3,0.05,0.1,0.001204235,-7.850687e-07,0.001204235,0.3113085,-0.0986714,-0.00165559,-0.0145951,-179.04
1681331481.1734202,442.3,0.1,0.1,0.001200579,-7.850687e-07,0.001204253,0.1369224,-0.0986714,-0.00164796,-0.0145951,-179.046
1681331485.2445884,442.3,0.15,0.1,0.001207891,2.869087e-06,0.001204253,0.1365068,-0.0986638,-0.00164796,-0.0146027,-179.046
1681331489.3147888,442.3,0.2,0.1,0.001200579,-7.850687e-07,0.001204239,359.9625,-0.0986638,-0.00164796,-0.0146027,-179.046
1681331493.3710496,442.3,0.25,0.1,0.001200579,2.869087e-06,0.001204235,359.9625,-0.0986714,-0.00164796,-0.0145951,-179.046
1681331497.4236777,442.3,0.3,0.1,0.001204235,-4.439225e-06,0.001200583,0.1369224,-0.0986638,-0.00164796,-0.0146027,-179.046
1681331501.4932983,442.3,0.35,0.1,0.001204235,2.869087e-06,0.00120058,359.9626,-0.0986638,-0.00164796,-0.0146027,-179.046
1681331505.5614161,442.3,0.4,0.1,0.001204235,2.869087e-06,0.001204235,359.9625,-0.0986638,-0.00164796,-0.0146027,-179.046
1681331509.5913837,442.3,0.45,0.1,0.001204235,-7.850687e-07,0.001204239,0.1369224,-0.0986714,-0.00164796,-0.0145951,-179.046
1681331513.6679115,442.3,0.5,0.1,0.001204235,6.523243e-06,0.001204239,0.1365068,-0.0986714,-0.00164796,-0.0145951,-179.046
1681331517.7198179,442.3,0.55,0.1,0.001204235,2.869087e-06,0.001200583,359.9626,-0.0986714,-0.00164796,-0.0145951,-179.046
1681331521.789613,442.3,0.6,0.1,0.001204235,2.869087e-06,0.00120058,0.1365068,-0.0986714,-0.00164796,-0.0145951,-179.046
1681331525.8512542,442.3,0.65,0.1,0.001204235,2.869087e-06,0.001207894,0.1365068,-0.0986714,-0.00164796,-0.0145951,-179.046
1681331529.9117887,442.3,0.7,0.1,0.001207891,2.869087e-06,0.001204239,0.1360936,-0.0986714,-0.00164796,-0.0145951,-179.046
1681331533.9810834,442.3,0.75,0.1,0.001200579,-7.850687e-07,0.001200583,359.9625,-0.0986714,-0.00164796,-0.0145951,-179.046
1681331538.046341,442.3,0.8,0.1,0.001204235,6.523243e-06,0.00120058,359.9626,-0.0986714,-0.00164796,-0.0145951,-179.046
1681331542.0983884,442.3,0.85,0.1,0.001200579,6.523243e-06,0.001204239,359.9625,-0.0986638,-0.00164796,-0.0146027,-179.046
1681331546.162047,442.3,0.9,0.1,0.001204235,-7.850687e-07,0.001204239,0.4842144,-0.0986714,-0.00165559,-0.0145951,-179.04
1681331550.230436,442.3,0.95,0.1,0.001204235,2.869087e-06,0.00120058,0.1360936,-0.0986714,-0.00165559,-0.0145951,-179.04
1681331554.2814243,442.3,1.01,0.1,0.001204235,2.869087e-06,0.001204235,0.3103634,-0.0986714,-0.00165559,-0.0145951,-179.04
1681331558.3803222,442.3,1.06,0.1,0.001204235,2.869087e-06,0.001204235,359.9625,-0.0986638,-0.00164796,-0.0146027,-179.046
1681331562.471058,442.3,1.11,0.1,0.001200579,2.869087e-06,0.001200583,359.9626,-0.0986714,-0.00164796,-0.0145951,-179.046
1681331566.5596628,442.3,1.16,0.1,0.001200579,-7.850687e-07,0.001204235,0.1365068,-0.0986638,-0.00164796,-0.0146027,-179.046
1681331570.6379576,442.3,1.21,0.1,0.001204235,2.869087e-06,0.001207891,0.1365068,-0.0986638,-0.00164796,-0.0146027,-179.046
1681331574.7082589,442.3,1.26,0.1,0.001204235,2.869087e-06,0.001204239,0.1365068,-0.0986638,-0.00164796,-0.0146027,-179.046
1681331578.7757206,442.3,1.31,0.1,0.001204235,-7.850687e-07,0.001204253,0.3103634,-0.0986638,-0.00164796,-0.0146027,-179.046
1681331582.8649683,442.3,1.36,0.1,0.001204235,-7.850687e-07,0.001200583,359.9626,-0.0986638,-0.00164796,-0.0146027,-179.046
1681331586.9406576,442.3,1.41,0.1,0.001200579,2.869087e-06,0.00120058,0.1365068,-0.0986714,-0.00164796,-0.0145951,-179.046
1681331591.0193925,442.3,1.46,0.1,0.001204235,-7.850687e-07,0.001200583,0.3103634,-0.0986638,-0.00164796,-0.0146027,-179.046
1681331595.08901,442.3,1.51,0.1,0.001204235,6.523243e-06,0.00120058,0.1360936,-0.0986638,-0.00164796,-0.0146027,-179.046
1681331599.1508992,442.3,1.56,0.1,0.001204235,-7.850687e-07,0.001200583,0.1365068,-0.0986714,-0.00164033,-0.0145951,-179.046
1681331603.2086115,442.3,1.61,0.1,0.001204235,-7.850687e-07,0.001204235,0.1365068,-0.0986638,-0.00164796,-0.0146027,-179.046
1681331607.2866006,442.3,1.66,0.1,0.001204235,2.869087e-06,0.001204235,0.1369224,-0.0986638,-0.00164796,-0.0146027,-179.046
1681331611.35395,442.3,1.71,0.1,0.001204235,2.869087e-06,0.001204243,359.9625,-0.0986714,-0.00164796,-0.0145951,-179.046
1681331615.435487,442.3,1.76,0.1,0.001200579,2.869087e-06,0.001204239,0.3103634,-0.0986714,-0.00164796,-0.0145951,-179.046
1681331619.5174582,442.3,1.81,0.1,0.001200579,-7.850687e-07,0.001207894,359.9626,-0.0986714,-0.00164033,-0.0145951,-179.046
1681331623.5975225,442.3,1.86,0.1,0.001204235,-7.850687e-07,0.001204239,359.9625,-0.0986714,-0.00165559,-0.0145951,-179.04
1681331627.6592522,442.3,1.91,0.1,0.001200579,2.869087e-06,0.001204239,0.1365068,-0.0986714,-0.00164796,-0.0145951,-179.046
1681331631.7257245,442.3,1.96,0.1,0.001204235,2.869087e-06,0.001204235,0.3113085,-0.0986638,-0.00164796,-0.0146027,-179.046
1681331635.7771282,442.3,2.01,0.1,0.001204235,-7.850687e-07,0.001204235,0.1365068,-0.0986714,-0.00164796,-0.0145951,-179.046
1681331639.8271537,442.3,2.06,0.1,0.001204235,2.869087e-06,0.001200597,0.1365068,-0.0986638,-0.00164796,-0.0146027,-179.046
1681331643.8903506,442.3,2.11,0.1,0.001200579,2.869087e-06,0.001204235,359.9626,-0.0986638,-0.00164796,-0.0146027,-179.046
1681331647.9791217,442.3,2.16,0.1,0.001200579,2.869087e-06,0.001204235,0.1365068,-0.0986638,-0.00164796,-0.0146027,-179.046
1681331652.0274925,442.3,2.21,0.1,0.001200579,2.869087e-06,0.001204239,359.9625,-0.0986638,-0.00164796,-0.0146027,-179.046
1681331656.05829,442.3,2.26,0.1,0.001204235,6.523243e-06,0.001204239,0.1365068,-0.0986714,-0.00164796,-0.0145951,-179.046
1681331660.1199083,442.3,2.31,0.1,0.001200579,-7.850687e-07,0.001200583,0.1365068,-0.0986638,-0.00164796,-0.0146027,-179.046
1681331664.184672,442.3,2.36,0.1,0.001200579,2.869087e-06,0.001204239,0.1365068,-0.0986714,-0.00164796,-0.0145951,-179.046
1681331668.2524154,442.3,2.41,0.1,0.001204235,2.869087e-06,0.001200583,0.1365068,-0.0986638,-0.00164796,-0.0146027,-179.046
1681331672.316092,442.3,2.46,0.1,0.001200579,2.869087e-06,0.001204239,359.9626,-0.0986714,-0.00164796,-0.0145951,-179.046
1681331676.3714314,442.3,2.51,0.1,0.001204235,2.869087e-06,0.001204253,0.1365068,-0.0986714,-0.00164796,-0.0145951,-179.046
1681331680.438729,442.3,2.56,0.1,0.001204235,2.869087e-06,0.001204253,359.9625,-0.0986714,-0.00164796,-0.0145951,-179.046
1681331684.511158,442.3,2.61,0.1,0.001204235,2.869087e-06,0.001204235,359.9626,-0.0986638,-0.00164796,-0.0146027,-179.046
1681331688.5944095,442.3,2.66,0.1,0.001200579,-7.850687e-07,0.001204239,0.1365068,-0.0986638,-0.00164796,-0.0146027,-179.046
1681331692.6384008,442.3,2.71,0.1,0.001204235,1.01774e-05,0.001204235,359.9625,-0.0986638,-0.00164796,-0.0146027,-179.046
1681331696.7120922,442.3,2.76,0.1,0.001200579,-7.850687e-07,0.001204239,0.1365068,-0.0986638,-0.00164033,-0.0146027,-179.046
1681331700.7808883,442.3,2.81,0.1,0.001204235,2.869087e-06,0.001204253,359.9625,-0.0986638,-0.00164796,-0.0146027,-179.046
1681331704.8599927,442.3,2.86,0.1,0.001204235,-7.850687e-07,0.001204239,0.1365068,-0.0986714,-0.00164796,-0.0145951,-179.046
1681331708.9416776,442.3,2.91,0.1,0.001204235,2.869087e-06,0.001204253,0.1365068,-0.0986638,-0.00164796,-0.0146027,-179.046
1681331712.9996767,442.3,2.96,0.1,0.001204235,2.869087e-06,0.001204239,359.9626,-0.0986638,-0.00164796,-0.0146027,-179.046
1681331717.0766382,442.3,3.02,0.1,0.001204235,-7.850687e-07,0.001204239,359.9625,-0.0986714,-0.00164796,-0.0145951,-179.046
1681331721.1276917,442.3,3.07,0.1,0.001200579,-7.850687e-07,0.001204243,0.1360936,-0.0986638,-0.00164796,-0.0146027,-179.046
1681331725.1702986,442.3,3.12,0.1,0.001207891,2.869087e-06,0.001204239,0.1365068,-0.0986638,-0.00164796,-0.0146027,-179.046
1681331729.222448,442.3,3.17,0.1,0.001207891,2.869087e-06,0.00120058,359.7881,-0.0986714,-0.00164796,-0.0145951,-179.046
1681331733.2779753,442.3,3.22,0.1,0.001204235,-7.850687e-07,0.001200583,0.3094241,-0.0986638,-0.00164796,-0.0146027,-179.046
1681331737.3310096,442.3,3.27,0.1,0.001200579,2.869087e-06,0.001204239,0.3103634,-0.0986638,-0.00164796,-0.0146027,-179.046
1681331741.4096804,442.3,3.32,0.1,0.001204235,2.869087e-06,0.001204239,0.1365068,-0.0986714,-0.00164796,-0.0145951,-179.046
1681331745.4579272,442.3,3.37,0.1,0.001200579,6.523243e-06,0.001204235,0.3103634,-0.0986638,-0.00164796,-0.0146027,-179.046
1681331749.5127347,442.3,3.42,0.1,0.001200579,2.869087e-06,0.001204235,0.1365068,-0.0986714,-0.00164033,-0.0145951,-179.046
1681331753.5865533,442.3,3.47,0.1,0.001204235,-7.850687e-07,0.001207894,0.3113085,-0.0986638,-0.00164796,-0.0146027,-179.046
1681331757.6616657,442.3,3.52,0.1,0.001204235,-7.850687e-07,0.001204239,359.9625,-0.0986638,-0.00164796,-0.0146027,-179.046
1681331761.7220988,442.3,3.57,0.1,0.001200579,6.523243e-06,0.001204239,0.1369224,-0.0986638,-0.00164796,-0.0146027,-179.046
1681331765.7796202,442.3,3.62,0.1,0.001204235,-7.850687e-07,0.001200597,0.1365068,-0.0986638,-0.00164796,-0.0146027,-179.046
1681331769.8326917,442.3,3.67,0.1,0.001204235,6.523243e-06,0.001204253,0.3103634,-0.0986638,-0.00164796,-0.0146027,-179.046
1681331773.8819952,442.3,3.72,0.1,0.001200579,2.869087e-06,0.001204239,0.1369224,-0.0986638,-0.00164796,-0.0146027,-179.046
1681331777.9481063,442.3,3.77,0.1,0.001204235,-7.850687e-07,0.001204235,0.3094241,-0.0986638,-0.00164796,-0.0146027,-179.046
1681331781.9886723,442.3,3.82,0.1,0.001204235,-7.850687e-07,0.001204253,0.1365068,-0.0986638,-0.00164796,-0.0146027,-179.046
1681331786.0661235,442.3,3.87,0.1,0.001207891,2.869087e-06,0.001204239,0.1365068,-0.0986714,-0.00164796,-0.0145951,-179.046
1681331790.137682,442.3,3.92,0.1,0.001200579,-7.850687e-07,0.001196941,0.1369224,-0.0986714,-0.00164796,-0.0145951,-179.046
1681331794.1969273,442.3,3.97,0.1,0.001204235,2.869087e-06,0.001204239,359.9626,-0.0986714,-0.00164796,-0.0145951,-179.046
1681331798.2731383,442.3,4.02,0.1,0.001204235,2.869087e-06,0.001204235,359.9628,-0.0986638,-0.00164796,-0.0146027,-179.046
1681331802.344559,442.3,4.07,0.1,0.001204235,-4.439225e-06,0.001204235,359.9626,-0.0986638,-0.00164796,-0.0146027,-179.046
1681331806.4080007,442.3,4.12,0.1,0.001204235,2.869087e-06,0.001204239,359.9626,-0.0986638,-0.00165559,-0.0146027,-179.04
1681331810.465942,442.3,4.17,0.1,0.001200579,-7.850687e-07,0.001204235,359.9626,-0.0986714,-0.00165559,-0.0145951,-179.04
1681331814.5196836,442.3,4.22,0.1,0.001200579,-7.850687e-07,0.001204239,0.3103634,-0.0986638,-0.00164796,-0.0146027,-179.046
1681331818.5966241,442.3,4.27,0.1,0.001204235,2.869087e-06,0.001204239,359.9625,-0.0986638,-0.00164796,-0.0146027,-179.046
1681331822.6621888,442.3,4.32,0.1,0.001207891,-7.850687e-07,0.001200583,359.9626,-0.0986638,-0.00165559,-0.0146027,-179.04
1681331826.7306676,442.3,4.37,0.1,0.001196924,2.869087e-06,0.001200583,359.9626,-0.0986638,-0.00164796,-0.0146027,-179.046
1681331830.7866664,442.3,4.42,0.1,0.001204235,-7.850687e-07,0.001204235,0.1369224,-0.0986714,-0.00164033,-0.0145951,-179.046
1681331834.8366802,442.3,4.47,0.1,0.001200579,2.869087e-06,0.001204239,359.9626,-0.0986714,-0.00164796,-0.0145951,-179.046
1681331838.9174008,442.3,4.52,0.1,0.001200579,-7.850687e-07,0.001200583,359.9625,-0.0986638,-0.00164796,-0.0146027,-179.046
1681331842.9651973,442.3,4.57,0.1,0.001204235,2.869087e-06,0.00120058,359.7888,-0.0986714,-0.00164796,-0.0145951,-179.046
1681331847.0212786,442.3,4.62,0.1,0.001204235,2.869087e-06,0.001204278,0.3103634,-0.0986638,-0.00164796,-0.0146027,-179.046
1681331851.0926862,442.3,4.67,0.1,0.001204235,2.869087e-06,0.001204239,0.1365068,-0.0986714,-0.00164796,-0.0145951,-179.046
1681331855.1625514,442.3,4.72,0.1,0.001204235,-7.850687e-07,0.001200583,0.3113085,-0.0986714,-0.00164796,-0.0145951,-179.046
1681331859.2267754,442.3,4.77,0.1,0.001204235,2.869087e-06,0.001204253,0.1365068,-0.0986714,-0.00164796,-0.0145951,-179.046
1681331863.2779272,442.3,4.82,0.1,0.001204235,-7.850687e-07,0.001204239,0.1369224,-0.0986714,-0.00164796,-0.0145951,-179.046
1681331867.3502066,442.3,4.87,0.1,0.001204235,2.869087e-06,0.001204235,0.1365068,-0.0986714,-0.00164796,-0.0145951,-179.046
1681331871.4159532,442.3,4.92,0.1,0.001204235,-7.850687e-07,0.001204253,359.9626,-0.0986714,-0.00164796,-0.0145951,-179.046
1681331875.484755,442.3,4.97,0.1,0.001204235,2.869087e-06,0.001204239,359.9626,-0.0986714,-0.00164796,-0.0145951,-179.046
1681331879.5622683,442.3,5.03,0.1,0.001204235,-7.850687e-07,0.001204239,359.9626,-0.0986714,-0.00164796,-0.0145951,-179.046
1681331883.6356766,442.3,5.08,0.1,0.001204235,2.869087e-06,0.001204239,359.9626,-0.0986714,-0.00164033,-0.0145951,-179.046
1681331887.7137759,442.3,5.13,0.1,0.001204235,2.869087e-06,0.001204235,359.9628,-0.0986714,-0.00164033,-0.0145951,-179.046
1681331891.7681398,442.3,5.18,0.1,0.001204235,-7.850687e-07,0.001204253,0.1365068,-0.0986714,-0.00164033,-0.0145951,-179.046
1681331895.8210588,442.3,5.23,0.1,0.001196924,-7.850687e-07,0.001204243,0.1365068,-0.0986714,-0.00164796,-0.0145951,-179.046
1681331899.864615,442.3,5.28,0.1,0.001200579,-7.850687e-07,0.001204239,0.3103634,-0.0986714,-0.00164796,-0.0145951,-179.046
1681331903.9082358,442.3,5.33,0.1,0.001204235,2.869087e-06,0.001200583,0.3103634,-0.0986714,-0.00164033,-0.0145951,-179.046
1681331907.9934163,442.3,5.38,0.1,0.001200579,-7.850687e-07,0.001200583,0.1365068,-0.0986714,-0.00164796,-0.0145951,-179.046
1681331912.0595489,442.3,5.43,0.1,0.001200579,-7.850687e-07,0.001204239,359.9628,-0.0986714,-0.00164796,-0.0145951,-179.046
1681331916.1006572,442.3,5.48,0.1,0.001204235,2.869087e-06,0.001204239,359.7888,-0.0986714,-0.00165559,-0.0145951,-179.04
1681331920.193248,442.3,5.53,0.1,0.001204235,-7.850687e-07,0.001204243,0.3103634,-0.0986714,-0.00164796,-0.0145951,-179.046
1681331924.2877123,442.3,5.58,0.1,0.001204235,2.869087e-06,0.001204239,0.3103634,-0.0986638,-0.00164796,-0.0146027,-179.046
1681331928.3406436,442.3,5.63,0.1,0.001200579,-7.850687e-07,0.001200583,359.9625,-0.0986638,-0.00164796,-0.0146027,-179.046
1681331932.3801856,442.3,5.68,0.1,0.001204235,-7.850687e-07,0.001204239,359.9625,-0.0986714,-0.00164796,-0.0145951,-179.046
1681331936.4566367,442.3,5.73,0.1,0.001200579,6.523243e-06,0.001200583,359.9626,-0.0986714,-0.00164796,-0.0145951,-179.046
1681331940.5323572,442.3,5.78,0.1,0.001200579,6.523243e-06,0.001204239,359.9625,-0.0986714,-0.00165559,-0.0145951,-179.04
1681331944.5914903,442.3,5.83,0.1,0.001204235,-7.850687e-07,0.00120058,359.9625,-0.0986714,-0.00164796,-0.0145951,-179.046
1681331948.636215,442.3,5.88,0.1,0.001204235,-7.850687e-07,0.001204239,0.3094241,-0.0986714,-0.00164796,-0.0145951,-179.046
1681331952.6991804,442.3,5.93,0.1,0.001204235,2.869087e-06,0.001207891,0.1365068,-0.0986714,-0.00164796,-0.0145951,-179.046
1681331956.77132,442.3,5.98,0.1,0.001200579,6.523243e-06,0.001204243,0.1365068,-0.0986714,-0.00164796,-0.0145951,-179.046
1681331960.8241649,442.3,6.03,0.1,0.001204235,2.869087e-06,0.00120058,359.9626,-0.0986714,-0.00164796,-0.0145951,-179.046
1681331964.9046109,442.3,6.08,0.1,0.001204235,-7.850687e-07,0.001204239,0.1365068,-0.0986638,-0.00164796,-0.0146027,-179.046
1681331968.971343,442.3,6.13,0.1,0.001204235,-7.850687e-07,0.001204239,0.1369224,-0.0986638,-0.00165559,-0.0146027,-179.04
1681331973.051087,442.3,6.18,0.1,0.001204235,2.869087e-06,0.001204235,0.1365068,-0.0986714,-0.00165559,-0.0145951,-179.04
1681331977.1171932,442.3,6.23,0.1,0.001204235,2.869087e-06,0.001200583,0.1360936,-0.0986714,-0.00165559,-0.0145951,-179.04
1681331981.181105,442.3,6.28,0.1,0.001204235,2.869087e-06,0.001204235,0.1360936,-0.0986714,-0.00164796,-0.0145951,-179.046
1681331985.2551706,442.3,6.33,0.1,0.001200579,-7.850687e-07,0.001204235,0.1369224,-0.0986714,-0.00164796,-0.0145951,-179.046
1681331989.3322299,442.3,6.38,0.1,0.001204235,2.869087e-06,0.001204253,0.1365068,-0.0986638,-0.00164796,-0.0146027,-179.046
1681331993.401189,442.3,6.43,0.1,0.001204235,-7.850687e-07,0.001204239,0.1365068,-0.0986714,-0.00164796,-0.0145951,-179.046
1681331997.465181,442.3,6.48,0.1,0.001207891,2.869087e-06,0.001204235,0.1360936,-0.0986638,-0.00164796,-0.0146027,-179.046
1681332001.5317962,442.3,6.53,0.1,0.001204235,2.869087e-06,0.001207891,0.1360936,-0.0986714,-0.00164796,-0.0145951,-179.046
1681332005.5819738,442.3,6.58,0.1,0.001204235,-7.850687e-07,0.001204239,359.9626,-0.0986714,-0.00164796,-0.0145951,-179.046
1681332009.6402087,442.3,6.63,0.1,0.001204235,2.869087e-06,0.001204239,359.9625,-0.0986638,-0.00164796,-0.0146027,-179.046
1681332013.7073336,442.3,6.68,0.1,0.001204235,6.523243e-06,0.001204235,0.1365068,-0.0986638,-0.00164796,-0.0146027,-179.046
1681332017.7960186,442.3,6.73,0.1,0.001204235,2.869087e-06,0.001204239,359.9628,-0.0986714,-0.00164796,-0.0145951,-179.046
1681332021.866776,442.3,6.78,0.1,0.001204235,6.523243e-06,0.001204239,359.9625,-0.0986638,-0.00164796,-0.0146027,-179.046
1681332025.9411662,442.3,6.83,0.1,0.001204235,-7.850687e-07,0.001200583,0.3103634,-0.0986638,-0.00164796,-0.0146027,-179.046
1681332030.013771,442.3,6.88,0.1,0.001207891,2.869087e-06,0.001207891,0.1369224,-0.0986714,-0.00164796,-0.0145951,-179.046
1681332034.0915577,442.3,6.93,0.1,0.001204235,-7.850687e-07,0.001204239,359.9626,-0.0986638,-0.00164796,-0.0146027,-179.046
1681332038.1491337,442.3,6.98,0.1,0.001204235,1.01774e-05,0.001207894,0.1365068,-0.0986714,-0.00164796,-0.0145951,-179.046
1681332042.227678,442.3,7.04,0.1,0.001200579,-4.439225e-06,0.001204239,0.1365068,-0.0986714,-0.00164796,-0.0145951,-179.046
1681332046.288161,442.3,7.09,0.1,0.001204235,2.869087e-06,0.001204239,0.1365068,-0.0986638,-0.00164796,-0.0146027,-179.046
1681332050.356557,442.3,7.14,0.1,0.001204235,2.869087e-06,0.001200583,359.9626,-0.0986638,-0.00164796,-0.0146027,-179.046
1681332054.4041786,442.3,7.19,0.1,0.001204235,-7.850687e-07,0.00120058,0.1360936,-0.0986714,-0.00164796,-0.0145951,-179.046
1681332058.4833565,442.3,7.24,0.1,0.001200579,-7.850687e-07,0.001204239,0.1360936,-0.0986714,-0.00165559,-0.0145951,-179.04
1681332062.541256,442.3,7.29,0.1,0.001200579,-7.850687e-07,0.001204235,0.1365068,-0.0986638,-0.00164796,-0.0146027,-179.046
1681332066.6081786,442.3,7.34,0.1,0.001204235,-7.850687e-07,0.001204235,0.1365068,-0.0986638,-0.00164796,-0.0146027,-179.046
1681332070.674182,442.3,7.39,0.1,0.001200579,2.869087e-06,0.001204235,359.9626,-0.0986638,-0.00164796,-0.0146027,-179.046
1681332074.751366,442.3,7.44,0.1,0.001204235,-7.850687e-07,0.001204235,359.9626,-0.0986638,-0.00164796,-0.0146027,-179.046
1681332078.8211627,442.3,7.49,0.1,0.001207891,6.523243e-06,0.001204253,0.1369224,-0.0986638,-0.00164796,-0.0146027,-179.046
1681332082.895911,442.3,7.54,0.1,0.001204235,2.869087e-06,0.00120058,359.9626,-0.0986638,-0.00164796,-0.0146027,-179.046
1681332086.968184,442.3,7.59,0.1,0.001207891,2.869087e-06,0.001204239,359.9626,-0.0986638,-0.00164796,-0.0146027,-179.046
1681332091.0152273,442.3,7.64,0.1,0.001204235,2.869087e-06,0.001204243,359.9626,-0.0986638,-0.00164796,-0.0146027,-179.046
1681332095.108865,442.3,7.69,0.1,0.001200579,2.869087e-06,0.00120058,359.9625,-0.0986638,-0.00164796,-0.0146027,-179.046
1681332099.1816773,442.3,7.74,0.1,0.001204235,-7.850687e-07,0.001204239,0.1360936,-0.0986714,-0.00164796,-0.0145951,-179.046
1681332103.260862,442.3,7.79,0.1,0.001204235,2.869087e-06,0.001204239,0.1365068,-0.0986714,-0.00164796,-0.0145951,-179.046
1681332107.3299208,442.3,7.84,0.1,0.001204235,2.869087e-06,0.001204239,0.1369224,-0.0986638,-0.00164796,-0.0146027,-179.046
1681332111.3981655,442.3,7.89,0.1,0.001204235,-7.850687e-07,0.001204235,359.9626,-0.0986638,-0.00164796,-0.0146027,-179.046
1681332115.4714549,442.3,7.94,0.1,0.001204235,6.523243e-06,0.001200583,0.1365068,-0.0986714,-0.00164796,-0.0145951,-179.046
1681332119.5451746,442.3,7.99,0.1,0.001200579,-7.850687e-07,0.001204239,0.1365068,-0.0986638,-0.00164796,-0.0146027,-179.046
1681332123.6058688,442.3,8.04,0.1,0.001204235,2.869087e-06,0.001200583,0.1365068,-0.0986714,-0.00164796,-0.0145951,-179.046
1681332127.6734602,442.3,8.09,0.1,0.001204235,-7.850687e-07,0.001204239,0.1365068,-0.0986714,-0.00164796,-0.0145951,-179.046
1681332131.7381587,442.3,8.14,0.1,0.001204235,-7.850687e-07,0.001204239,0.1365068,-0.0986638,-0.00164796,-0.0146027,-179.046
1681332135.8129566,442.3,8.19,0.1,0.001204235,2.869087e-06,0.001204235,359.9626,-0.0986714,-0.00164796,-0.0145951,-179.046
1681332139.8841605,442.3,8.24,0.1,0.001200579,2.869087e-06,0.001204235,0.1365068,-0.0986714,-0.00164796,-0.0145951,-179.046
1681332143.9476314,442.3,8.29,0.1,0.001204235,2.869087e-06,0.001204239,359.9626,-0.0986638,-0.00164796,-0.0146027,-179.046
1681332148.0102708,442.3,8.34,0.1,0.001204235,2.869087e-06,0.001200583,0.3103634,-0.0986638,-0.00164796,-0.0146027,-179.046
1681332152.0666997,442.3,8.39,0.1,0.001204235,6.523243e-06,0.001204235,0.3103634,-0.0986638,-0.00164796,-0.0146027,-179.046
1681332156.1430733,442.3,8.44,0.1,0.001204235,-7.850687e-07,0.001204239,0.1365068,-0.0986714,-0.00164796,-0.0145951,-179.046
1681332160.2057412,442.3,8.49,0.1,0.001200579,-7.850687e-07,0.001207894,359.9626,-0.0986638,-0.00164796,-0.0146027,-179.046
1681332164.2581577,442.3,8.54,0.1,0.001207891,-7.850687e-07,0.001204235,0.3103634,-0.0986714,-0.00164796,-0.0145951,-179.046
1681332168.3380723,442.3,8.59,0.1,0.001207891,2.869087e-06,0.001204253,0.1365068,-0.0986714,-0.00164796,-0.0145951,-179.046
1681332172.4131722,442.3,8.64,0.1,0.001204235,6.523243e-06,0.001204239,0.1365068,-0.0986638,-0.00164796,-0.0146027,-179.046
1681332176.4703972,442.3,8.69,0.1,0.001204235,2.869087e-06,0.001204239,359.9626,-0.0986714,-0.00164796,-0.0145951,-179.046
1681332180.519521,442.3,8.74,0.1,0.001204235,-7.850687e-07,0.001204253,0.1365068,-0.0986638,-0.00164796,-0.0146027,-179.046
1681332184.5778024,442.3,8.79,0.1,0.001204235,-7.850687e-07,0.001200583,0.1369224,-0.0986714,-0.00164796,-0.0145951,-179.046
1681332188.6279402,442.3,8.84,0.1,0.001204235,-7.850687e-07,0.001204239,359.9626,-0.0986638,-0.00164796,-0.0146027,-179.046
1681332192.6941657,442.3,8.89,0.1,0.001200579,2.869087e-06,0.001207894,0.1365068,-0.0986714,-0.00164796,-0.0145951,-179.046
1681332196.7548985,442.3,8.94,0.1,0.001204235,-7.850687e-07,0.001204239,359.7888,-0.0986714,-0.00164796,-0.0145951,-179.046
1681332200.8263037,442.3,8.99,0.1,0.001204235,2.869087e-06,0.001207891,0.1365068,-0.0986714,-0.00164033,-0.0145951,-179.046
1681332204.8811677,442.3,9.05,0.1,0.001204235,-7.850687e-07,0.001204239,359.9625,-0.0986714,-0.00164796,-0.0145951,-179.046
1681332208.9398506,442.3,9.1,0.1,0.001204235,-7.850687e-07,0.001200597,0.1369224,-0.0986714,-0.00164796,-0.0145951,-179.046
1681332212.9971428,442.3,9.15,0.1,0.001204235,-7.850687e-07,0.001204253,359.9626,-0.0986714,-0.00164796,-0.0145951,-179.046
1681332217.0674524,442.3,9.2,0.1,0.001207891,-4.439225e-06,0.001204239,0.1365068,-0.0986714,-0.00164796,-0.0145951,-179.046
1681332221.129477,442.3,9.25,0.1,0.001204235,6.523243e-06,0.001204235,0.1365068,-0.0986638,-0.00164796,-0.0146027,-179.046
1681332225.2011564,442.3,9.3,0.1,0.001200579,2.869087e-06,0.001204243,0.1365068,-0.0986638,-0.00164796,-0.0146027,-179.046
1681332229.2542086,442.3,9.35,0.1,0.001200579,2.869087e-06,0.001204239,359.9625,-0.0986638,-0.00164796,-0.0146027,-179.046
1681332233.3123305,442.3,9.4,0.1,0.001204235,2.869087e-06,0.001204253,0.1360936,-0.0986714,-0.00164796,-0.0145951,-179.046
1681332237.3825011,442.3,9.45,0.1,0.001204235,6.523243e-06,0.001207891,0.1369224,-0.0986714,-0.00164796,-0.0145951,-179.046
1681332241.433701,442.3,9.5,0.1,0.001204235,2.869087e-06,0.001200597,0.1365068,-0.0986638,-0.00164796,-0.0146027,-179.046
1681332245.5111313,442.3,9.55,0.1,0.001200579,-7.850687e-07,0.001204239,0.1365068,-0.0986638,-0.00164796,-0.0146027,-179.046
1681332249.5782778,442.3,9.6,0.1,0.001204235,2.869087e-06,0.001204239,0.1365068,-0.0986638,-0.00164796,-0.0146027,-179.046
1681332253.6459541,442.3,9.65,0.1,0.001207891,-7.850687e-07,0.001204239,0.3103634,-0.0986638,-0.00164796,-0.0146027,-179.046
1681332257.725786,442.3,9.7,0.1,0.001204235,2.869087e-06,0.001204239,359.9626,-0.0986638,-0.00164796,-0.0146027,-179.046
1681332261.776653,442.3,9.75,0.1,0.001204235,2.869087e-06,0.001200583,359.9626,-0.0986638,-0.00164796,-0.0146027,-179.046
1681332265.8315747,442.3,9.8,0.1,0.001204235,2.869087e-06,0.001204235,359.9626,-0.0986638,-0.00164796,-0.0146027,-179.046
1681332269.9061668,442.3,9.85,0.1,0.001204235,-7.850687e-07,0.001204239,359.9626,-0.0986714,-0.00164796,-0.0145951,-179.046
1681332273.9527087,442.3,9.9,0.1,0.001204235,2.869087e-06,0.001204239,0.1365068,-0.0986638,-0.00164796,-0.0146027,-179.046
1681332278.0147085,442.3,9.95,0.1,0.001204235,6.523243e-06,0.001204235,0.1365068,-0.0986714,-0.00164796,-0.0145951,-179.046
1681332282.0921733,442.3,10.0,0.1,0.001207891,2.869087e-06,0.001204235,359.9626,-0.0986714,-0.00164796,-0.0145951,-179.046
1681332286.1581833,442.3,10.0,0.1,0.001204235,-7.850687e-07,0.001204239,359.9626,-0.0986638,-0.00164796,-0.0146027,-179.046
1681332290.227203,442.3,9.95,0.1,0.001204235,-7.850687e-07,0.001204235,0.3103634,-0.0986638,-0.00164796,-0.0146027,-179.046
1681332294.2782474,442.3,9.9,0.1,0.001204235,2.869087e-06,0.001204239,0.1360936,-0.0986638,-0.00164796,-0.0146027,-179.046
1681332298.3477464,442.3,9.85,0.1,0.001200579,2.869087e-06,0.00120058,0.1365068,-0.0986638,-0.00164796,-0.0146027,-179.046
1681332302.4040992,442.3,9.8,0.1,0.001200579,-7.850687e-07,0.001204235,0.3103634,-0.0986638,-0.00164796,-0.0146027,-179.046
1681332306.4701443,442.3,9.75,0.1,0.001204235,2.869087e-06,0.001204239,0.1365068,-0.0986638,-0.00164796,-0.0146027,-179.046
1681332310.5464478,442.3,9.7,0.1,0.001200579,2.869087e-06,0.001204239,0.1365068,-0.0986638,-0.00164796,-0.0146027,-179.046
1681332314.6318133,442.3,9.65,0.1,0.001204235,-7.850687e-07,0.001204235,0.1365068,-0.0986638,-0.00164796,-0.0146027,-179.046
1681332318.6757932,442.3,9.6,0.1,0.001204235,2.869087e-06,0.001200597,0.3103634,-0.0986638,-0.00164796,-0.0146027,-179.046
1681332322.7404077,442.3,9.55,0.1,0.001204235,2.869087e-06,0.001204235,0.1369224,-0.0986638,-0.00164796,-0.0146027,-179.046
1681332326.8230934,442.3,9.5,0.1,0.001204235,6.523243e-06,0.00120058,0.3103634,-0.0986714,-0.00164796,-0.0145951,-179.046
1681332330.905462,442.3,9.45,0.1,0.001200579,2.869087e-06,0.001204239,0.1369224,-0.0986638,-0.00164796,-0.0146027,-179.046
1681332334.9866772,442.3,9.4,0.1,0.001204235,2.869087e-06,0.001204239,359.9626,-0.0986638,-0.00164796,-0.0146027,-179.046
1681332339.045609,442.3,9.35,0.1,0.001204235,-7.850687e-07,0.001204239,359.9625,-0.0986638,-0.00164796,-0.0146027,-179.046
1681332343.1251972,442.3,9.3,0.1,0.001204235,2.869087e-06,0.001204239,359.9625,-0.0986714,-0.00164796,-0.0145951,-179.046
1681332347.2034385,442.3,9.25,0.1,0.001204235,6.523243e-06,0.001204235,0.1365068,-0.0986714,-0.00164796,-0.0145951,-179.046
1681332351.2553484,442.3,9.2,0.1,0.001204235,-7.850687e-07,0.001204239,0.1369224,-0.0986638,-0.00164796,-0.0146027,-179.046
1681332355.3166974,442.3,9.15,0.1,0.001204235,2.869087e-06,0.001204235,359.9626,-0.0986638,-0.00164796,-0.0146027,-179.046
1681332359.377473,442.3,9.1,0.1,0.001200579,2.869087e-06,0.001204235,0.1365068,-0.0986714,-0.00164796,-0.0145951,-179.046
1681332363.4324238,442.3,9.05,0.1,0.001204235,-7.850687e-07,0.001200583,359.7881,-0.0986638,-0.00164033,-0.0146027,-179.046
1681332367.4855099,442.3,8.99,0.1,0.001204235,6.523243e-06,0.001204243,0.1365068,-0.0986714,-0.00164796,-0.0145951,-179.046
1681332371.5613296,442.3,8.94,0.1,0.001200579,2.869087e-06,0.001204235,0.1365068,-0.0986638,-0.00164033,-0.0146027,-179.046
1681332375.6269875,442.3,8.89,0.1,0.001204235,-7.850687e-07,0.001204235,0.3103634,-0.0986638,-0.00164796,-0.0146027,-179.046
1681332379.6876843,442.3,8.84,0.1,0.001204235,-7.850687e-07,0.001200583,0.3113085,-0.0986638,-0.00164796,-0.0146027,-179.046
1681332383.7410629,442.3,8.79,0.1,0.001204235,6.523243e-06,0.001200597,359.9626,-0.0986638,-0.00164796,-0.0146027,-179.046
1681332387.8041644,442.3,8.74,0.1,0.001204235,-7.850687e-07,0.001200583,0.1369224,-0.0986638,-0.00164796,-0.0146027,-179.046
1681332391.8923993,442.3,8.69,0.1,0.001204235,2.869087e-06,0.001204239,0.3113085,-0.0986638,-0.00164796,-0.0146027,-179.046
1681332395.9644015,442.3,8.64,0.1,0.001204235,-4.439225e-06,0.001204235,359.9626,-0.0986714,-0.00164796,-0.0145951,-179.046
1681332400.037875,442.3,8.59,0.1,0.001204235,6.523243e-06,0.001204235,359.9628,-0.0986714,-0.00164796,-0.0145951,-179.046
1681332404.1231594,442.3,8.54,0.1,0.001204235,2.869087e-06,0.001204239,0.1369224,-0.0986714,-0.00164796,-0.0145951,-179.046
1681332408.194623,442.3,8.49,0.1,0.001204235,2.869087e-06,0.001207891,359.9625,-0.0986638,-0.00164796,-0.0146027,-179.046
1681332412.2861843,442.3,8.44,0.1,0.001204235,2.869087e-06,0.001204239,0.1365068,-0.0986638,-0.00164033,-0.0146027,-179.046
1681332416.3412132,442.3,8.39,0.1,0.001204235,6.523243e-06,0.001200597,0.3103634,-0.0986638,-0.00164796,-0.0146027,-179.046
1681332420.4157135,442.3,8.34,0.1,0.001204235,-7.850687e-07,0.001204253,0.3113085,-0.0986638,-0.00164796,-0.0146027,-179.046
1681332424.477515,442.3,8.29,0.1,0.001207891,-7.850687e-07,0.001204235,359.7888,-0.0986638,-0.00164796,-0.0146027,-179.046
1681332428.5471702,442.3,8.24,0.1,0.001204235,-7.850687e-07,0.001204239,0.1369224,-0.0986638,-0.00164796,-0.0146027,-179.046
1681332432.614164,442.3,8.19,0.1,0.001207891,6.523243e-06,0.001204239,359.7888,-0.0986638,-0.00164796,-0.0146027,-179.046
1681332436.6802673,442.3,8.14,0.1,0.001207891,2.869087e-06,0.001204235,0.1365068,-0.0986714,-0.00164796,-0.0145951,-179.046
1681332440.7602715,442.3,8.09,0.1,0.001204235,6.523243e-06,0.001200583,359.9625,-0.0986638,-0.00164796,-0.0146027,-179.046
1681332444.8366308,442.3,8.04,0.1,0.001207891,2.869087e-06,0.001204253,0.1365068,-0.0986714,-0.00164796,-0.0145951,-179.046
1681332448.8876514,442.3,7.99,0.1,0.001204235,6.523243e-06,0.001204239,0.1365068,-0.0986638,-0.00164796,-0.0146027,-179.046
1681332452.9521685,442.3,7.94,0.1,0.001204235,2.869087e-06,0.001200583,359.9626,-0.0986638,-0.00164033,-0.0146027,-179.046
1681332457.026159,442.3,7.89,0.1,0.001207891,6.523243e-06,0.001204243,0.3103634,-0.0986714,-0.00164796,-0.0145951,-179.046
1681332461.0895908,442.3,7.84,0.1,0.001200579,2.869087e-06,0.001204253,359.9626,-0.0986638,-0.00164796,-0.0146027,-179.046
1681332465.1450455,442.3,7.79,0.1,0.001204235,2.869087e-06,0.001207891,359.9625,-0.0986638,-0.00164796,-0.0146027,-179.046
1681332469.2136564,442.3,7.74,0.1,0.001204235,6.523243e-06,0.001204239,359.9626,-0.0986638,-0.00164796,-0.0146027,-179.046
1681332473.2934656,442.3,7.69,0.1,0.001204235,-7.850687e-07,0.001200597,359.9625,-0.0986714,-0.00164796,-0.0145951,-179.046
1681332477.3439853,442.3,7.64,0.1,0.001204235,-7.850687e-07,0.001204239,0.3113085,-0.0986638,-0.00164796,-0.0146027,-179.046
1681332481.4101605,442.3,7.59,0.1,0.001204235,2.869087e-06,0.001204253,0.3094241,-0.0986638,-0.00164796,-0.0146027,-179.046
1681332485.4651773,442.3,7.54,0.1,0.001204235,2.869087e-06,0.001204239,0.1360936,-0.0986638,-0.00164796,-0.0146027,-179.046
1681332489.546945,442.3,7.49,0.1,0.001204235,-7.850687e-07,0.001200597,0.1369224,-0.0986638,-0.00164796,-0.0146027,-179.046
1681332493.6045418,442.3,7.44,0.1,0.001200579,6.523243e-06,0.001204239,359.9626,-0.0986638,-0.00164796,-0.0146027,-179.046
1681332497.649678,442.3,7.39,0.1,0.001204235,-7.850687e-07,0.001204253,359.9625,-0.0986714,-0.00164796,-0.0145951,-179.046
1681332501.725155,442.3,7.34,0.1,0.001200579,6.523243e-06,0.001204235,0.1369224,-0.0986638,-0.00164796,-0.0146027,-179.046
1681332505.7942424,442.3,7.29,0.1,0.001204235,-7.850687e-07,0.001204239,359.9628,-0.0986638,-0.00164796,-0.0146027,-179.046
1681332509.8484535,442.3,7.24,0.1,0.001200579,-7.850687e-07,0.001204239,0.1365068,-0.0986638,-0.00164796,-0.0146027,-179.046
1681332513.9314966,442.3,7.19,0.1,0.001204235,2.869087e-06,0.001204239,0.1365068,-0.0986638,-0.00164796,-0.0146027,-179.046
1681332518.0186186,442.3,7.14,0.1,0.001207891,2.869087e-06,0.001204235,0.1365068,-0.0986638,-0.00164796,-0.0146027,-179.046
1681332522.1013465,442.3,7.09,0.1,0.001204235,2.869087e-06,0.001204235,359.9626,-0.0986638,-0.00164796,-0.0146027,-179.046
1681332526.1788993,442.3,7.04,0.1,0.001204235,-7.850687e-07,0.001204235,0.1369224,-0.0986638,-0.00165559,-0.0146027,-179.04
1681332530.2710097,442.3,6.98,0.1,0.001200579,-7.850687e-07,0.001204253,0.1365068,-0.0986638,-0.00165559,-0.0146027,-179.04
1681332534.3402457,442.3,6.93,0.1,0.001200579,2.869087e-06,0.00120058,0.1365068,-0.0986638,-0.00164796,-0.0146027,-179.046
1681332538.4021661,442.3,6.88,0.1,0.001204235,2.869087e-06,0.001200583,0.1365068,-0.0986638,-0.00164796,-0.0146027,-179.046
1681332542.484925,442.3,6.83,0.1,0.001204235,-7.850687e-07,0.001196924,0.1365068,-0.0986638,-0.00165559,-0.0146027,-179.04
1681332546.5361726,442.3,6.78,0.1,0.001204235,-4.439225e-06,0.001204235,0.1369224,-0.0986714,-0.00165559,-0.0145951,-179.04
1681332550.6047552,442.3,6.73,0.1,0.001204235,-7.850687e-07,0.001204235,359.9626,-0.0986638,-0.00164796,-0.0146027,-179.046
1681332554.6826081,442.3,6.68,0.1,0.001204235,2.869087e-06,0.001204235,359.9626,-0.0986638,-0.00165559,-0.0146027,-179.04
1681332558.7295096,442.3,6.63,0.1,0.001204235,-7.850687e-07,0.001200583,0.1365068,-0.0986638,-0.00164796,-0.0146027,-179.046
1681332562.782452,442.3,6.58,0.1,0.001207891,6.523243e-06,0.001207899,0.3113085,-0.0986638,-0.00164796,-0.0146027,-179.046
1681332566.8489966,442.3,6.53,0.1,0.001204235,2.869087e-06,0.001200583,359.9626,-0.0986714,-0.00165559,-0.0145951,-179.04
1681332570.908484,442.3,6.48,0.1,0.001200579,2.869087e-06,0.001204239,0.1360936,-0.0986638,-0.00164796,-0.0146027,-179.046
1681332574.996831,442.3,6.43,0.1,0.001204235,-7.850687e-07,0.001204235,0.1365068,-0.0986638,-0.00165559,-0.0146027,-179.04
1681332579.053169,442.3,6.38,0.1,0.001200579,-7.850687e-07,0.001200583,0.1365068,-0.0986638,-0.00164796,-0.0146027,-179.046
1681332583.113167,442.3,6.33,0.1,0.001204235,-7.850687e-07,0.001204239,0.1365068,-0.0986638,-0.00164796,-0.0146027,-179.046
1681332587.1941662,442.3,6.28,0.1,0.001200579,2.869087e-06,0.001204239,0.1365068,-0.0986638,-0.00165559,-0.0146027,-179.04
1681332591.2480745,442.3,6.23,0.1,0.001200579,2.869087e-06,0.001204235,359.9625,-0.0986638,-0.00165559,-0.0146027,-179.04
1681332595.3009963,442.3,6.18,0.1,0.001200579,2.869087e-06,0.001204239,359.9625,-0.0986638,-0.00164796,-0.0146027,-179.046
1681332599.3620026,442.3,6.13,0.1,0.001204235,2.869087e-06,0.00120058,359.9626,-0.0986714,-0.00164796,-0.0145951,-179.046
1681332603.4081774,442.3,6.08,0.1,0.001200579,2.869087e-06,0.00120058,359.7881,-0.0986714,-0.00164796,-0.0145951,-179.046
1681332607.4965959,442.3,6.03,0.1,0.001204235,-7.850687e-07,0.001204239,0.1365068,-0.0986638,-0.00164796,-0.0146027,-179.046
1681332611.561659,442.3,5.98,0.1,0.001204235,2.869087e-06,0.001204235,0.3103634,-0.0986714,-0.00164796,-0.0145951,-179.046
1681332615.6500435,442.3,5.93,0.1,0.001204235,2.869087e-06,0.001200583,359.9625,-0.0986638,-0.00164796,-0.0146027,-179.046
1681332619.7001002,442.3,5.88,0.1,0.001204235,6.523243e-06,0.001200597,359.9628,-0.0986638,-0.00164796,-0.0146027,-179.046
1681332623.776593,442.3,5.83,0.1,0.001204235,2.869087e-06,0.001204253,0.1369224,-0.0986714,-0.00164796,-0.0145951,-179.046
1681332627.8408422,442.3,5.78,0.1,0.001204235,2.869087e-06,0.001200583,359.9626,-0.0986638,-0.00164796,-0.0146027,-179.046
1681332631.891459,442.3,5.73,0.1,0.001204235,2.869087e-06,0.001204239,0.1365068,-0.0986638,-0.00164796,-0.0146027,-179.046
1681332635.9476433,442.3,5.68,0.1,0.001204235,2.869087e-06,0.001204239,359.9625,-0.0986638,-0.00164796,-0.0146027,-179.046
1681332640.026626,442.3,5.63,0.1,0.001204235,-7.850687e-07,0.001204239,0.3103634,-0.0986638,-0.00164796,-0.0146027,-179.046
1681332644.0918257,442.3,5.58,0.1,0.001204235,2.869087e-06,0.001204235,0.3103634,-0.0986638,-0.00164796,-0.0146027,-179.046
1681332648.170944,442.3,5.53,0.1,0.001204235,2.869087e-06,0.001204253,359.9626,-0.0986638,-0.00164796,-0.0146027,-179.046
1681332652.2512646,442.3,5.48,0.1,0.001200579,2.869087e-06,0.001204239,0.1365068,-0.0986638,-0.00164796,-0.0146027,-179.046
1681332656.3004518,442.3,5.43,0.1,0.001204235,6.523243e-06,0.001204239,0.3113085,-0.0986638,-0.00164796,-0.0146027,-179.046
1681332660.377065,442.3,5.38,0.1,0.001204235,6.523243e-06,0.001204239,359.9626,-0.0986638,-0.00164796,-0.0146027,-179.046
1681332664.4474099,442.3,5.33,0.1,0.001204235,2.869087e-06,0.001207894,0.3103634,-0.0986638,-0.00164796,-0.0146027,-179.046
1681332668.4899657,442.3,5.28,0.1,0.001204235,6.523243e-06,0.001204235,0.1360936,-0.0986638,-0.00164796,-0.0146027,-179.046
1681332672.5761771,442.3,5.23,0.1,0.001204235,6.523243e-06,0.00120058,0.1369224,-0.0986638,-0.00164796,-0.0146027,-179.046
1681332676.6547341,442.3,5.18,0.1,0.001200579,2.869087e-06,0.001200583,0.3103634,-0.0986638,-0.00164033,-0.0146027,-179.046
1681332680.7434087,442.3,5.13,0.1,0.001204235,2.869087e-06,0.001204243,359.7888,-0.0986638,-0.00164796,-0.0146027,-179.046
1681332684.8132956,442.3,5.08,0.1,0.001207891,6.523243e-06,0.001204253,0.1365068,-0.0986638,-0.00164033,-0.0146027,-179.046
1681332688.8950105,442.3,5.03,0.1,0.001204235,-7.850687e-07,0.001200597,0.1365068,-0.0986638,-0.00164796,-0.0146027,-179.046
1681332692.9434726,442.3,4.97,0.1,0.001204235,2.869087e-06,0.001204253,0.3113085,-0.0986714,-0.00164796,-0.0145951,-179.046
1681332697.0034854,442.3,4.92,0.1,0.001204235,2.869087e-06,0.001204239,0.1365068,-0.0986638,-0.00164796,-0.0146027,-179.046
1681332701.0671606,442.3,4.87,0.1,0.001204235,-7.850687e-07,0.001200583,0.1360936,-0.0986638,-0.00164796,-0.0146027,-179.046
1681332705.145145,442.3,4.82,0.1,0.001204235,-7.850687e-07,0.001204239,359.9625,-0.0986714,-0.00164796,-0.0145951,-179.046
1681332709.231414,442.3,4.77,0.1,0.001204235,-7.850687e-07,0.001204239,0.1360936,-0.0986714,-0.00164796,-0.0145951,-179.046
1681332713.2846198,442.3,4.72,0.1,0.001204235,2.869087e-06,0.00120058,0.1369224,-0.0986714,-0.00164796,-0.0145951,-179.046
1681332717.3587878,442.3,4.67,0.1,0.001200579,2.869087e-06,0.001204239,0.1365068,-0.0986638,-0.00164796,-0.0146027,-179.046
1681332721.4477,442.3,4.62,0.1,0.001200579,-7.850687e-07,0.001204239,0.1360936,-0.0986714,-0.00164796,-0.0145951,-179.046
1681332725.5254977,442.3,4.57,0.1,0.001204235,-7.850687e-07,0.001200583,359.9626,-0.0986638,-0.00164033,-0.0146027,-179.046
1681332729.5948195,442.3,4.52,0.1,0.001204235,2.869087e-06,0.001204253,359.9625,-0.0986638,-0.00164796,-0.0146027,-179.046
1681332733.6357558,442.3,4.47,0.1,0.001204235,2.869087e-06,0.001204235,0.1369224,-0.0986638,-0.00164796,-0.0146027,-179.046
1681332737.6847012,442.3,4.42,0.1,0.001204235,-7.850687e-07,0.001200583,0.3103634,-0.0986638,-0.00164796,-0.0146027,-179.046
1681332741.7411659,442.3,4.37,0.1,0.001207891,2.869087e-06,0.001204243,359.9626,-0.0986638,-0.00164033,-0.0146027,-179.046
1681332745.8164942,442.3,4.32,0.1,0.001207891,2.869087e-06,0.001204235,0.1365068,-0.0986638,-0.00164796,-0.0146027,-179.046
1681332749.8878472,442.3,4.27,0.1,0.001204235,-7.850687e-07,0.001200597,0.1365068,-0.0986638,-0.00164033,-0.0146027,-179.046
1681332753.9569366,442.3,4.22,0.1,0.001204235,-7.850687e-07,0.001204253,359.9626,-0.0986638,-0.00164796,-0.0146027,-179.046
1681332758.0280077,442.3,4.17,0.1,0.001200579,-7.850687e-07,0.001204235,359.9626,-0.0986714,-0.00164796,-0.0145951,-179.046
1681332762.1127727,442.3,4.12,0.1,0.001204235,2.869087e-06,0.001204239,359.9626,-0.0986714,-0.00164796,-0.0145951,-179.046
1681332766.1851833,442.3,4.07,0.1,0.001204235,2.869087e-06,0.001204235,0.1365068,-0.0986638,-0.00164033,-0.0146027,-179.046
1681332770.240477,442.3,4.02,0.1,0.001204235,1.01774e-05,0.00120058,0.1369224,-0.0986638,-0.00164796,-0.0146027,-179.046
1681332774.3210933,442.3,3.97,0.1,0.001200579,2.869087e-06,0.001204253,0.3113085,-0.0986638,-0.00164033,-0.0146027,-179.046
1681332778.3990302,442.3,3.92,0.1,0.001204235,6.523243e-06,0.001200597,0.1365068,-0.0986638,-0.00164033,-0.0146027,-179.046
1681332782.4518762,442.3,3.87,0.1,0.001204235,2.869087e-06,0.001204239,0.1365068,-0.0986638,-0.00164033,-0.0146027,-179.046
1681332786.5062733,442.3,3.82,0.1,0.001200579,-7.850687e-07,0.001204235,0.1365068,-0.0986638,-0.00164796,-0.0146027,-179.046
1681332790.5981758,442.3,3.77,0.1,0.001200579,2.869087e-06,0.001204235,0.3103634,-0.0986638,-0.00164796,-0.0146027,-179.046
1681332794.6759784,442.3,3.72,0.1,0.001200579,-7.850687e-07,0.001204235,0.1365068,-0.0986638,-0.00164796,-0.0146027,-179.046
1681332798.7303042,442.3,3.67,0.1,0.001204235,2.869087e-06,0.001204235,0.1365068,-0.0986638,-0.00164033,-0.0146027,-179.046
1681332802.7949734,442.3,3.62,0.1,0.001204235,-7.850687e-07,0.001204253,359.9626,-0.0986638,-0.00164796,-0.0146027,-179.046
1681332806.856269,442.3,3.57,0.1,0.001204235,-7.850687e-07,0.001204235,0.1365068,-0.0986638,-0.00164796,-0.0146027,-179.046
1681332810.923567,442.3,3.52,0.1,0.001200579,2.869087e-06,0.001204239,359.9626,-0.0986714,-0.00164033,-0.0145951,-179.046
1681332814.9748127,442.3,3.47,0.1,0.001200579,2.869087e-06,0.001200583,359.9626,-0.0986638,-0.00164796,-0.0146027,-179.046
1681332819.0397508,442.3,3.42,0.1,0.001200579,2.869087e-06,0.001204235,359.9626,-0.0986638,-0.00164033,-0.0146027,-179.046
1681332823.0924468,442.3,3.37,0.1,0.001204235,6.523243e-06,0.001207909,0.3103634,-0.0986638,-0.00164796,-0.0146027,-179.046
1681332827.1619704,442.3,3.32,0.1,0.001200579,-7.850687e-07,0.001204253,359.9625,-0.0986638,-0.00164796,-0.0146027,-179.046
1681332831.2280414,442.3,3.27,0.1,0.001204235,2.869087e-06,0.001204239,359.9626,-0.0986638,-0.00164796,-0.0146027,-179.046
1681332835.3104181,442.3,3.22,0.1,0.001204235,-7.850687e-07,0.001204239,0.1365068,-0.0986638,-0.00164033,-0.0146027,-179.046
1681332839.3896492,442.3,3.17,0.1,0.001204235,2.869087e-06,0.001200583,359.9626,-0.0986638,-0.00164796,-0.0146027,-179.046
1681332843.465468,442.3,3.12,0.1,0.001204235,2.869087e-06,0.001204239,359.9626,-0.0986638,-0.00164796,-0.0146027,-179.046
1681332847.5227928,442.3,3.07,0.1,0.001204235,2.869087e-06,0.001200583,359.9626,-0.0986638,-0.00164033,-0.0146027,-179.046
1681332851.5767703,442.3,3.02,0.1,0.001204235,2.869087e-06,0.001200583,0.3103634,-0.0986638,-0.00164796,-0.0146027,-179.046
1681332855.6545627,442.3,2.96,0.1,0.001200579,2.869087e-06,0.001204235,359.9626,-0.0986638,-0.00164796,-0.0146027,-179.046
1681332859.721823,442.3,2.91,0.1,0.001204235,2.869087e-06,0.001204239,359.9625,-0.0986638,-0.00164796,-0.0146027,-179.046
1681332863.787784,442.3,2.86,0.1,0.001204235,-7.850687e-07,0.00120058,0.1365068,-0.0986714,-0.00164796,-0.0145951,-179.046
1681332867.8624384,442.3,2.81,0.1,0.001200579,6.523243e-06,0.00120058,359.9626,-0.0986638,-0.00164033,-0.0146027,-179.046
1681332871.94524,442.3,2.76,0.1,0.001200579,2.869087e-06,0.001204239,0.1365068,-0.0986638,-0.00164033,-0.0146027,-179.046
1681332876.0089228,442.3,2.71,0.1,0.001204235,-7.850687e-07,0.001204235,359.9625,-0.0986638,-0.00164033,-0.0146027,-179.046
1681332880.073628,442.3,2.66,0.1,0.001200579,2.869087e-06,0.001204239,0.1365068,-0.0986638,-0.00164796,-0.0146027,-179.046
1681332884.1518342,442.3,2.61,0.1,0.001204235,2.869087e-06,0.001200597,0.3103634,-0.0986638,-0.00164796,-0.0146027,-179.046
1681332888.1875937,442.3,2.56,0.1,0.001204235,2.869087e-06,0.001200583,359.9626,-0.0986638,-0.00164796,-0.0146027,-179.046
1681332892.269549,442.3,2.51,0.1,0.001204235,2.869087e-06,0.001204239,0.1369224,-0.0986638,-0.00164796,-0.0146027,-179.046
1681332896.3173704,442.3,2.46,0.1,0.001200579,-7.850687e-07,0.00120058,0.3094241,-0.0986638,-0.00164796,-0.0146027,-179.046
1681332900.3822446,442.3,2.41,0.1,0.001207891,-7.850687e-07,0.001204235,0.1365068,-0.0986638,-0.00164796,-0.0146027,-179.046
1681332904.4254642,442.3,2.36,0.1,0.001204235,-7.850687e-07,0.001207891,0.1365068,-0.0986638,-0.00164796,-0.0146027,-179.046
1681332908.4962296,442.3,2.31,0.1,0.001204235,2.869087e-06,0.001200583,359.9625,-0.0986638,-0.00164796,-0.0146027,-179.046
1681332912.5596578,442.3,2.26,0.1,0.001207891,-7.850687e-07,0.00120058,0.1360936,-0.0986638,-0.00164796,-0.0146027,-179.046
1681332916.6172945,442.3,2.21,0.1,0.001204235,-7.850687e-07,0.001204239,359.9626,-0.0986638,-0.00164796,-0.0146027,-179.046
1681332920.6715932,442.3,2.16,0.1,0.001204235,-7.850687e-07,0.001204239,359.9625,-0.0986638,-0.00164796,-0.0146027,-179.046
1681332924.7370186,442.3,2.11,0.1,0.001207891,-7.850687e-07,0.001204253,0.3103634,-0.0986638,-0.00164796,-0.0146027,-179.046
1681332928.807186,442.3,2.06,0.1,0.001204235,-7.850687e-07,0.001204253,0.1365068,-0.0986638,-0.00165559,-0.0146027,-179.04
1681332932.8937902,442.3,2.01,0.1,0.001200579,6.523243e-06,0.001207909,359.9626,-0.0986638,-0.00164796,-0.0146027,-179.046
1681332936.9594183,442.3,1.96,0.1,0.001204235,-7.850687e-07,0.00120058,359.9625,-0.0986638,-0.00164796,-0.0146027,-179.046
1681332941.0218046,442.3,1.91,0.1,0.001200579,-7.850687e-07,0.001204235,359.9626,-0.0986638,-0.00164796,-0.0146027,-179.046
1681332945.0838487,442.3,1.86,0.1,0.001204235,2.869087e-06,0.001204239,359.9626,-0.0986638,-0.00164796,-0.0146027,-179.046
1681332949.141161,442.3,1.81,0.1,0.001204235,-7.850687e-07,0.001204253,0.1365068,-0.0986638,-0.00165559,-0.0146027,-179.04
1681332953.2176526,442.3,1.76,0.1,0.001200579,-7.850687e-07,0.001204235,359.9626,-0.0986638,-0.00164796,-0.0146027,-179.046
1681332957.2715526,442.3,1.71,0.1,0.001204235,-7.850687e-07,0.001204235,0.1360936,-0.0986638,-0.00164796,-0.0146027,-179.046
1681332961.3527226,442.3,1.66,0.1,0.001204235,2.869087e-06,0.001204253,359.9626,-0.0986714,-0.00164796,-0.0145951,-179.046
1681332965.4324899,442.3,1.61,0.1,0.001204235,-7.850687e-07,0.001204253,0.1360936,-0.0986714,-0.00164796,-0.0145951,-179.046
1681332969.4962506,442.3,1.56,0.1,0.001204235,2.869087e-06,0.001204235,359.9628,-0.0986638,-0.00164796,-0.0146027,-179.046
1681332973.5688963,442.3,1.51,0.1,0.001200579,2.869087e-06,0.001204253,0.1369224,-0.0986638,-0.00165559,-0.0146027,-179.04
1681332977.6445158,442.3,1.46,0.1,0.001204235,6.523243e-06,0.001204235,359.9626,-0.0986638,-0.00165559,-0.0146027,-179.04
1681332981.7282815,442.3,1.41,0.1,0.001204235,2.869087e-06,0.001207909,359.7888,-0.0986638,-0.00165559,-0.0146027,-179.04
1681332985.7714436,442.3,1.36,0.1,0.001204235,6.523243e-06,0.001207891,0.1365068,-0.0986714,-0.00164796,-0.0145951,-179.046
1681332989.8255868,442.3,1.31,0.1,0.001204235,2.869087e-06,0.00120058,359.9626,-0.0986638,-0.00164796,-0.0146027,-179.046
1681332993.9096823,442.3,1.26,0.1,0.001204235,-7.850687e-07,0.001204235,0.3103634,-0.0986638,-0.00164796,-0.0146027,-179.046
1681332997.9772847,442.3,1.21,0.1,0.001200579,2.869087e-06,0.001204239,0.1365068,-0.0986714,-0.00164796,-0.0145951,-179.046
1681333002.0310571,442.3,1.16,0.1,0.001204235,1.01774e-05,0.001204239,359.9626,-0.0986714,-0.00164796,-0.0145951,-179.046
1681333006.1137962,442.3,1.11,0.1,0.001204235,2.869087e-06,0.001204253,0.1369224,-0.0986638,-0.00164796,-0.0146027,-179.046
1681333010.1834085,442.3,1.06,0.1,0.001207891,2.869087e-06,0.00120058,0.3094241,-0.0986714,-0.00164796,-0.0145951,-179.046
1681333014.2688928,442.3,1.01,0.1,0.001200579,2.869087e-06,0.001204235,0.1365068,-0.0986638,-0.00164796,-0.0146027,-179.046
1681333018.3360276,442.3,0.95,0.1,0.001204235,1.01774e-05,0.001204239,0.1365068,-0.0986714,-0.00164796,-0.0145951,-179.046
1681333022.4076316,442.3,0.9,0.1,0.001204235,-7.850687e-07,0.001204239,0.1365068,-0.0986714,-0.00164796,-0.0145951,-179.046
1681333026.489432,442.3,0.85,0.1,0.001204235,2.869087e-06,0.001204253,0.1365068,-0.0986714,-0.00164796,-0.0145951,-179.046
1681333030.5676868,442.3,0.8,0.1,0.001204235,-7.850687e-07,0.001207894,0.1365068,-0.0986638,-0.00164796,-0.0146027,-179.046
1681333034.640049,442.3,0.75,0.1,0.001204235,6.523243e-06,0.001204253,359.9626,-0.0986714,-0.00164033,-0.0145951,-179.046
1681333038.7008655,442.3,0.7,0.1,0.001204235,2.869087e-06,0.001204235,359.9625,-0.0986638,-0.00164796,-0.0146027,-179.046
1681333042.768628,442.3,0.65,0.1,0.001204235,2.869087e-06,0.001204235,0.3103634,-0.0986714,-0.00164033,-0.0145951,-179.046
1681333046.8032086,442.3,0.6,0.1,0.001204235,2.869087e-06,0.001204235,359.9626,-0.0986638,-0.00164796,-0.0146027,-179.046
1681333050.872714,442.3,0.55,0.1,0.001207891,2.869087e-06,0.001204239,0.1365068,-0.0986714,-0.00164033,-0.0145951,-179.046
1681333054.9380825,442.3,0.5,0.1,0.001204235,2.869087e-06,0.001204235,359.9626,-0.0986638,-0.00164796,-0.0146027,-179.046
1681333059.011904,442.3,0.45,0.1,0.001204235,2.869087e-06,0.001207894,0.3103634,-0.0986638,-0.00164033,-0.0146027,-179.046
1681333063.0649319,442.3,0.4,0.1,0.001204235,2.869087e-06,0.001204235,359.9626,-0.0986638,-0.00164796,-0.0146027,-179.046
1681333067.1337795,442.3,0.35,0.1,0.001204235,-4.439225e-06,0.001204239,359.9626,-0.0986638,-0.00164796,-0.0146027,-179.046
1681333071.1901376,442.3,0.3,0.1,0.001204235,2.869087e-06,0.001207894,359.9626,-0.0986638,-0.00164796,-0.0146027,-179.046
1681333075.2481127,442.3,0.25,0.1,0.001204235,2.869087e-06,0.001204235,359.9626,-0.0986638,-0.00164796,-0.0146027,-179.046
1681333079.3195722,442.3,0.2,0.1,0.001204235,-7.850687e-07,0.001204235,359.9626,-0.0986714,-0.00164796,-0.0145951,-179.046
1681333083.3960774,442.3,0.15,0.1,0.001200579,2.869087e-06,0.001204235,0.1365068,-0.0986714,-0.00164796,-0.0145951,-179.046
1681333087.4596555,442.3,0.1,0.1,0.001204235,-7.850687e-07,0.001207909,359.7888,-0.0986638,-0.00164796,-0.0146027,-179.046
1681333091.522615,442.3,0.05,0.1,0.001204235,-7.850687e-07,0.001204239,0.1365068,-0.0986638,-0.00164796,-0.0146027,-179.046
1681333095.5919187,442.3,0.0,0.1,0.001207891,-7.850687e-07,0.00120058,359.9626,-0.0986638,-0.00164033,-0.0146027,-179.046
1681333099.6617503,442.3,0.0,0.1,0.001204235,-7.850687e-07,0.001204239,0.1365068,-0.0986638,-0.00164796,-0.0146027,-179.046
1681333103.7337055,442.3,-0.05,0.1,0.001200579,6.523243e-06,0.001204239,359.9626,-0.0986638,-0.00164796,-0.0146027,-179.046
1681333107.7900288,442.3,-0.1,0.1,0.001204235,2.869087e-06,0.001207891,0.1365068,-0.0986714,-0.00164796,-0.0145951,-179.046
1681333111.8518116,442.3,-0.15,0.1,0.001204235,2.869087e-06,0.001204239,0.1365068,-0.0986714,-0.00164033,-0.0145951,-179.046
1681333115.9228723,442.3,-0.2,0.1,0.001204235,2.869087e-06,0.001204239,359.9626,-0.0986638,-0.00164033,-0.0146027,-179.046
1681333119.9924297,442.3,-0.25,0.1,0.001207891,2.869087e-06,0.001207891,0.1365068,-0.0986638,-0.00164796,-0.0146027,-179.046
1681333124.0546176,442.3,-0.3,0.1,0.001204235,2.869087e-06,0.001204253,0.1365068,-0.0986638,-0.00164796,-0.0146027,-179.046
1681333128.1285636,442.3,-0.35,0.1,0.001204235,-7.850687e-07,0.001204239,0.1365068,-0.0986714,-0.00164033,-0.0145951,-179.046
1681333132.198093,442.3,-0.4,0.1,0.001204235,-7.850687e-07,0.001204253,0.1365068,-0.0986714,-0.00164796,-0.0145951,-179.046
1681333136.2523448,442.3,-0.45,0.1,0.001207891,2.869087e-06,0.001204239,0.1365068,-0.0986638,-0.00164796,-0.0146027,-179.046
1681333140.3163953,442.3,-0.5,0.1,0.001204235,2.869087e-06,0.001204239,0.1365068,-0.0986714,-0.00164796,-0.0145951,-179.046
1681333144.380641,442.3,-0.55,0.1,0.001207891,2.869087e-06,0.001207894,359.9628,-0.0986714,-0.00164796,-0.0145951,-179.046
1681333148.445301,442.3,-0.6,0.1,0.001204235,-7.850687e-07,0.001204235,0.1365068,-0.0986638,-0.00164796,-0.0146027,-179.046
1681333152.5189793,442.3,-0.65,0.1,0.001204235,-7.850687e-07,0.001204253,0.1365068,-0.0986714,-0.00164796,-0.0145951,-179.046
1681333156.5910008,442.3,-0.7,0.1,0.001200579,2.869087e-06,0.001207899,0.1360936,-0.0986714,-0.00164796,-0.0145951,-179.046
1681333160.6606889,442.3,-0.75,0.1,0.001204235,-7.850687e-07,0.001204239,0.1369224,-0.0986714,-0.00164796,-0.0145951,-179.046
1681333164.7401745,442.3,-0.8,0.1,0.001204235,2.869087e-06,0.001204235,0.1360936,-0.0986714,-0.00164796,-0.0145951,-179.046
1681333168.8008595,442.3,-0.85,0.1,0.001204235,2.869087e-06,0.001204239,359.9626,-0.0986714,-0.00164796,-0.0145951,-179.046
1681333172.8773162,442.3,-0.9,0.1,0.001204235,-7.850687e-07,0.001204239,0.3103634,-0.0986638,-0.00164796,-0.0146027,-179.046
1681333176.9611773,442.3,-0.95,0.1,0.001207891,2.869087e-06,0.001204239,359.9625,-0.0986714,-0.00164796,-0.0145951,-179.046
1681333180.996643,442.3,-1.01,0.1,0.001207891,6.523243e-06,0.001207894,359.9628,-0.0986638,-0.00164033,-0.0146027,-179.046
1681333185.0473874,442.3,-1.06,0.1,0.001200579,6.523243e-06,0.001204239,0.1365068,-0.0986714,-0.00164796,-0.0145951,-179.046
1681333189.122366,442.3,-1.11,0.1,0.001204235,-7.850687e-07,0.001204253,359.9626,-0.0986714,-0.00164796,-0.0145951,-179.046
1681333193.186433,442.3,-1.16,0.1,0.001200579,6.523243e-06,0.001204235,359.9628,-0.0986714,-0.00164796,-0.0145951,-179.046
1681333197.278096,442.3,-1.21,0.1,0.001204235,2.869087e-06,0.001207894,0.1365068,-0.0986638,-0.00164796,-0.0146027,-179.046
1681333201.3646367,442.3,-1.26,0.1,0.001204235,-7.850687e-07,0.001204235,0.3103634,-0.0986714,-0.00164796,-0.0145951,-179.046
1681333205.4370978,442.3,-1.31,0.1,0.001204235,2.869087e-06,0.001204239,0.1369224,-0.0986638,-0.00164796,-0.0146027,-179.046
1681333209.493034,442.3,-1.36,0.1,0.001204235,2.869087e-06,0.001204239,0.1365068,-0.0986638,-0.00164796,-0.0146027,-179.046
1681333213.5673134,442.3,-1.41,0.1,0.001204235,6.523243e-06,0.001204239,0.1360936,-0.0986714,-0.00164796,-0.0145951,-179.046
1681333217.6248384,442.3,-1.46,0.1,0.001200579,2.869087e-06,0.001207909,0.1360936,-0.0986714,-0.00164796,-0.0145951,-179.046
1681333221.662073,442.3,-1.51,0.1,0.001204235,-7.850687e-07,0.001204253,0.1360936,-0.0986638,-0.00164796,-0.0146027,-179.046
1681333225.733749,442.3,-1.56,0.1,0.001204235,-7.850687e-07,0.001204239,0.3103634,-0.0986714,-0.00164796,-0.0145951,-179.046
1681333229.7955468,442.3,-1.61,0.1,0.001204235,6.523243e-06,0.001204235,0.1360936,-0.0986638,-0.00164796,-0.0146027,-179.046
1681333233.8465385,442.3,-1.66,0.1,0.001204235,-7.850687e-07,0.001207894,0.1360936,-0.0986638,-0.00164796,-0.0146027,-179.046
1681333237.9044223,442.3,-1.71,0.1,0.001204235,2.869087e-06,0.001200623,0.1365068,-0.0986638,-0.00164796,-0.0146027,-179.046
1681333241.9553845,442.3,-1.76,0.1,0.001200579,6.523243e-06,0.001204239,0.1360936,-0.0986638,-0.00164796,-0.0146027,-179.046
1681333246.01928,442.3,-1.81,0.1,0.001204235,-7.850687e-07,0.001204235,359.9625,-0.0986638,-0.00164796,-0.0146027,-179.046
1681333250.0870242,442.3,-1.86,0.1,0.001207891,6.523243e-06,0.001200583,0.1369224,-0.0986638,-0.00164796,-0.0146027,-179.046
1681333254.1640284,442.3,-1.91,0.1,0.001204235,2.869087e-06,0.001204235,0.1365068,-0.0986638,-0.00164796,-0.0146027,-179.046
1681333258.2351463,442.3,-1.96,0.1,0.001204235,2.869087e-06,0.001204253,0.1369224,-0.0986638,-0.00164796,-0.0146027,-179.046
1681333262.31788,442.3,-2.01,0.1,0.001204235,-7.850687e-07,0.001204235,0.1365068,-0.0986638,-0.00164796,-0.0146027,-179.046
1681333266.398482,442.3,-2.06,0.1,0.001204235,-7.850687e-07,0.001204235,0.1369224,-0.0986714,-0.00164796,-0.0145951,-179.046
1681333270.4639874,442.3,-2.11,0.1,0.001204235,6.523243e-06,0.001204243,0.1365068,-0.0986638,-0.00164033,-0.0146027,-179.046
1681333274.521859,442.3,-2.16,0.1,0.001204235,-7.850687e-07,0.001207894,359.9626,-0.0986714,-0.00164796,-0.0145951,-179.046
1681333278.5797186,442.3,-2.21,0.1,0.001207891,-7.850687e-07,0.001204235,0.1365068,-0.0986638,-0.00164796,-0.0146027,-179.046
1681333282.6485846,442.3,-2.26,0.1,0.001204235,-7.850687e-07,0.001207894,359.9628,-0.0986638,-0.00164796,-0.0146027,-179.046
1681333286.6930866,442.3,-2.31,0.1,0.001207891,6.523243e-06,0.001204239,0.3094241,-0.0986638,-0.00164796,-0.0146027,-179.046
1681333290.7490015,442.3,-2.36,0.1,0.001204235,6.523243e-06,0.001207891,359.9628,-0.0986638,-0.00164033,-0.0146027,-179.046
1681333294.791942,442.3,-2.41,0.1,0.001204235,2.869087e-06,0.001204253,0.1365068,-0.0986638,-0.00164796,-0.0146027,-179.046
1681333298.8580198,442.3,-2.46,0.1,0.001204235,6.523243e-06,0.001204239,0.3094241,-0.0986638,-0.00164796,-0.0146027,-179.046
1681333302.9440317,442.3,-2.51,0.1,0.001204235,6.523243e-06,0.001204235,359.9626,-0.0986638,-0.00164796,-0.0146027,-179.046
1681333307.0024385,442.3,-2.56,0.1,0.001204235,-7.850687e-07,0.001204239,0.1360936,-0.0986638,-0.00164796,-0.0146027,-179.046
1681333311.057423,442.3,-2.61,0.1,0.001204235,6.523243e-06,0.001204235,0.1365068,-0.0986638,-0.00164796,-0.0146027,-179.046
1681333315.1156166,442.3,-2.66,0.1,0.001200579,-7.850687e-07,0.001204239,0.1365068,-0.0986714,-0.00164796,-0.0145951,-179.046
1681333319.1918638,442.3,-2.71,0.1,0.001204235,2.869087e-06,0.001204235,0.1365068,-0.0986638,-0.00164796,-0.0146027,-179.046
1681333323.252782,442.3,-2.76,0.1,0.001204235,2.869087e-06,0.001204239,359.9626,-0.0986638,-0.00164033,-0.0146027,-179.046
1681333327.3041685,442.3,-2.81,0.1,0.001207891,2.869087e-06,0.001204239,0.1365068,-0.0986638,-0.00164796,-0.0146027,-179.046
1681333331.3660464,442.3,-2.86,0.1,0.001204235,2.869087e-06,0.001204239,359.9625,-0.0986638,-0.00164796,-0.0146027,-179.046
1681333335.4203992,442.3,-2.91,0.1,0.001204235,-7.850687e-07,0.001204239,0.1365068,-0.0986638,-0.00164796,-0.0146027,-179.046
1681333339.5020545,442.3,-2.96,0.1,0.001207891,-7.850687e-07,0.001204235,359.9626,-0.0986638,-0.00164796,-0.0146027,-179.046
1681333343.5731177,442.3,-3.02,0.1,0.001204235,2.869087e-06,0.001204235,0.1365068,-0.0986638,-0.00164796,-0.0146027,-179.046
1681333347.6254475,442.3,-3.07,0.1,0.001204235,2.869087e-06,0.001204239,359.9626,-0.0986638,-0.00164796,-0.0146027,-179.046
1681333351.6808407,442.3,-3.12,0.1,0.001204235,6.523243e-06,0.001204239,0.1365068,-0.0986638,-0.00164796,-0.0146027,-179.046
1681333355.7438967,442.3,-3.17,0.1,0.001200579,-4.439225e-06,0.001204239,0.1360936,-0.0986638,-0.00164796,-0.0146027,-179.046
1681333359.7939763,442.3,-3.22,0.1,0.001204235,-7.850687e-07,0.001204235,359.9626,-0.0986638,-0.00164796,-0.0146027,-179.046
1681333363.8826373,442.3,-3.27,0.1,0.001207891,2.869087e-06,0.001207894,0.1365068,-0.0986638,-0.00164796,-0.0146027,-179.046
1681333367.9521675,442.3,-3.32,0.1,0.001204235,-7.850687e-07,0.001204235,359.9626,-0.0986638,-0.00164796,-0.0146027,-179.046
1681333372.0066028,442.3,-3.37,0.1,0.001207891,2.869087e-06,0.00120058,0.1365068,-0.0986638,-0.00164796,-0.0146027,-179.046
1681333376.0838072,442.3,-3.42,0.1,0.001204235,2.869087e-06,0.001207894,0.3103634,-0.0986638,-0.00164796,-0.0146027,-179.046
1681333380.154972,442.3,-3.47,0.1,0.001207891,-7.850687e-07,0.001204239,359.9626,-0.0986638,-0.00164796,-0.0146027,-179.046
1681333384.2126784,442.3,-3.52,0.1,0.001207891,-7.850687e-07,0.001204235,0.1360936,-0.0986638,-0.00164796,-0.0146027,-179.046
1681333388.2727695,442.3,-3.57,0.1,0.001204235,-7.850687e-07,0.001204239,359.9628,-0.0986638,-0.00164796,-0.0146027,-179.046
1681333392.3180246,442.3,-3.62,0.1,0.001204235,2.869087e-06,0.001204239,0.1369224,-0.0986638,-0.00164796,-0.0146027,-179.046
1681333396.369846,442.3,-3.67,0.1,0.001204235,2.869087e-06,0.001204235,359.9626,-0.0986638,-0.00164796,-0.0146027,-179.046
1681333400.423124,442.3,-3.72,0.1,0.001204235,2.869087e-06,0.001204239,0.1365068,-0.0986638,-0.00164033,-0.0146027,-179.046
1681333404.478338,442.3,-3.77,0.1,0.001204235,2.869087e-06,0.001204253,359.9626,-0.0986638,-0.00164796,-0.0146027,-179.046
1681333408.53643,442.3,-3.82,0.1,0.001204235,2.869087e-06,0.001204239,0.1369224,-0.0986638,-0.00164796,-0.0146027,-179.046
1681333412.6063418,442.3,-3.87,0.1,0.001204235,2.869087e-06,0.001204235,0.1360936,-0.0986638,-0.00164796,-0.0146027,-179.046
1681333416.6595845,442.3,-3.92,0.1,0.001204235,-7.850687e-07,0.001204239,359.9626,-0.0986638,-0.00164796,-0.0146027,-179.046
1681333420.7189832,442.3,-3.97,0.1,0.001204235,2.869087e-06,0.001200583,0.1365068,-0.0986638,-0.00164796,-0.0146027,-179.046
1681333424.7754066,442.3,-4.02,0.1,0.001204235,-7.850687e-07,0.001204253,0.3103634,-0.0986638,-0.00164796,-0.0146027,-179.046
1681333428.8415067,442.3,-4.07,0.1,0.001207891,2.869087e-06,0.001200583,0.1365068,-0.0986638,-0.00164796,-0.0146027,-179.046
1681333432.8951259,442.3,-4.12,0.1,0.001204235,2.869087e-06,0.001204239,0.1365068,-0.0986638,-0.00164796,-0.0146027,-179.046
1681333436.9738808,442.3,-4.17,0.1,0.001204235,-7.850687e-07,0.001204239,359.9626,-0.0986638,-0.00164033,-0.0146027,-179.046
1681333441.0631373,442.3,-4.22,0.1,0.001200579,6.523243e-06,0.001204239,0.1365068,-0.0986638,-0.00164796,-0.0146027,-179.046
1681333445.1076038,442.3,-4.27,0.1,0.001204235,-7.850687e-07,0.001204239,0.3103634,-0.0986638,-0.00164796,-0.0146027,-179.046
1681333449.191734,442.3,-4.32,0.1,0.001200579,2.869087e-06,0.001204235,359.9626,-0.0986638,-0.00164796,-0.0146027,-179.046
1681333453.2709858,442.3,-4.37,0.1,0.001204235,6.523243e-06,0.001204235,359.9626,-0.0986638,-0.00164796,-0.0146027,-179.046
1681333457.340212,442.3,-4.42,0.1,0.001204235,2.869087e-06,0.001204239,0.1360936,-0.0986638,-0.00164033,-0.0146027,-179.046
1681333461.4084275,442.3,-4.47,0.1,0.001207891,-7.850687e-07,0.001204235,0.1365068,-0.0986638,-0.00164796,-0.0146027,-179.046
1681333465.4629514,442.3,-4.52,0.1,0.001207891,2.869087e-06,0.001204253,359.9628,-0.0986638,-0.00164796,-0.0146027,-179.046
1681333469.5264883,442.3,-4.57,0.1,0.001204235,2.869087e-06,0.001204235,0.3094241,-0.0986638,-0.00164796,-0.0146027,-179.046
1681333473.5982907,442.3,-4.62,0.1,0.001204235,-7.850687e-07,0.001204239,0.1365068,-0.0986638,-0.00164033,-0.0146027,-179.046
1681333477.6464965,442.3,-4.67,0.1,0.001207891,2.869087e-06,0.001204235,0.1365068,-0.0986638,-0.00164796,-0.0146027,-179.046
1681333481.718722,442.3,-4.72,0.1,0.001204235,2.869087e-06,0.00120058,359.9628,-0.0986638,-0.00164796,-0.0146027,-179.046
1681333485.8040013,442.3,-4.77,0.1,0.001204235,2.869087e-06,0.001204239,0.1365068,-0.0986638,-0.00164796,-0.0146027,-179.046
1681333489.87435,442.3,-4.82,0.1,0.001204235,6.523243e-06,0.001204235,0.1365068,-0.0986638,-0.00164796,-0.0146027,-179.046
1681333493.9247713,442.3,-4.87,0.1,0.001204235,6.523243e-06,0.001204235,359.9625,-0.0986638,-0.00164796,-0.0146027,-179.046
1681333497.9932334,442.3,-4.92,0.1,0.001204235,-7.850687e-07,0.001204239,0.1365068,-0.0986638,-0.00164033,-0.0146027,-179.046
1681333502.0674653,442.3,-4.97,0.1,0.001207891,-7.850687e-07,0.001204235,359.9628,-0.0986638,-0.00164796,-0.0146027,-179.046
1681333506.1277308,442.3,-5.03,0.1,0.001200579,2.869087e-06,0.001204235,0.1360936,-0.0986638,-0.00164796,-0.0146027,-179.046
1681333510.1801057,442.3,-5.08,0.1,0.001204235,6.523243e-06,0.001204253,0.1369224,-0.0986638,-0.00164796,-0.0146104,-179.046
1681333514.2599778,442.3,-5.13,0.1,0.001204235,-7.850687e-07,0.001204253,0.3103634,-0.0986638,-0.00164796,-0.0146027,-179.046
1681333518.318297,442.3,-5.18,0.1,0.001204235,6.523243e-06,0.001204235,0.1365068,-0.0986638,-0.00164796,-0.0146104,-179.046
1681333522.3976696,442.3,-5.23,0.1,0.001204235,-7.850687e-07,0.001204239,359.9626,-0.0986638,-0.00164033,-0.0146027,-179.046
1681333526.4662008,442.3,-5.28,0.1,0.001204235,-7.850687e-07,0.001204235,0.1365068,-0.0986638,-0.00164796,-0.0146027,-179.046
1681333530.5309844,442.3,-5.33,0.1,0.001204235,2.869087e-06,0.001207894,0.1360936,-0.0986638,-0.00164796,-0.0146027,-179.046
1681333534.6185756,442.3,-5.38,0.1,0.001204235,-7.850687e-07,0.001204235,359.9626,-0.0986638,-0.00164796,-0.0146027,-179.046
1681333538.6596162,442.3,-5.43,0.1,0.001207891,-7.850687e-07,0.001204239,0.1365068,-0.0986638,-0.00164796,-0.0146027,-179.046
1681333542.7169006,442.3,-5.48,0.1,0.001204235,-7.850687e-07,0.001207894,0.3103634,-0.0986638,-0.00164796,-0.0146027,-179.046
1681333546.7825434,442.3,-5.53,0.1,0.001204235,2.869087e-06,0.001204239,0.1360936,-0.0986638,-0.00164796,-0.0146027,-179.046
1681333550.860784,442.3,-5.58,0.1,0.001207891,6.523243e-06,0.001204239,359.9626,-0.0986638,-0.00164033,-0.0146027,-179.046
1681333554.902997,442.3,-5.63,0.1,0.001207891,2.869087e-06,0.001200583,359.9626,-0.0986638,-0.00164796,-0.0146027,-179.046
1681333558.9821882,442.3,-5.68,0.1,0.001204235,2.869087e-06,0.001207891,0.1360936,-0.0986638,-0.00164796,-0.0146027,-179.046
1681333563.0273926,442.3,-5.73,0.1,0.001200579,6.523243e-06,0.001204253,359.9626,-0.0986638,-0.00164033,-0.0146027,-179.046
1681333567.0808015,442.3,-5.78,0.1,0.001200579,6.523243e-06,0.001207894,359.9628,-0.0986638,-0.00164033,-0.0146027,-179.046
1681333571.1400456,442.3,-5.83,0.1,0.001204235,-7.850687e-07,0.001204239,0.1365068,-0.0986638,-0.00164796,-0.0146027,-179.046
1681333575.1940691,442.3,-5.88,0.1,0.001204235,-7.850687e-07,0.001207891,359.9626,-0.0986638,-0.00164796,-0.0146027,-179.046
1681333579.2598362,442.3,-5.93,0.1,0.001200579,-7.850687e-07,0.001204239,0.1360936,-0.0986638,-0.00164796,-0.0146027,-179.046
1681333583.3211274,442.3,-5.98,0.1,0.001204235,2.869087e-06,0.001204253,0.1360936,-0.0986638,-0.00164033,-0.0146027,-179.046
1681333587.3523629,442.3,-6.03,0.1,0.001204235,2.869087e-06,0.001204239,359.9626,-0.0986638,-0.00164796,-0.0146027,-179.046
1681333591.3945916,442.3,-6.08,0.1,0.001207891,2.869087e-06,0.001204239,359.9626,-0.0986638,-0.00164033,-0.0146027,-179.046
1681333595.468462,442.3,-6.13,0.1,0.001204235,2.869087e-06,0.001207894,0.1365068,-0.0986638,-0.00164796,-0.0146027,-179.046
1681333599.534888,442.3,-6.18,0.1,0.001204235,6.523243e-06,0.001204235,0.1365068,-0.0986638,-0.00164796,-0.0146027,-179.046
1681333603.601851,442.3,-6.23,0.1,0.001207891,2.869087e-06,0.001204235,359.9626,-0.0986638,-0.00164796,-0.0146027,-179.046
1681333607.6779158,442.3,-6.28,0.1,0.001204235,-8.093381e-06,0.001204253,0.4842144,-0.0986638,-0.00164796,-0.0146027,-179.046
1681333611.7601805,442.3,-6.33,0.1,0.001204235,2.869087e-06,0.001204235,0.3113085,-0.0986638,-0.00164033,-0.0146027,-179.046
1681333615.808074,442.3,-6.38,0.1,0.001204235,2.869087e-06,0.001207909,0.1365068,-0.0986638,-0.00164033,-0.0146027,-179.046
1681333619.8683002,442.3,-6.43,0.1,0.001204235,2.869087e-06,0.001207891,0.1360936,-0.0986638,-0.00164796,-0.0146027,-179.046
1681333623.9227676,442.3,-6.48,0.1,0.001204235,6.523243e-06,0.001207891,0.1369224,-0.0986638,-0.00164796,-0.0146027,-179.046
1681333628.0108972,442.3,-6.53,0.1,0.001204235,2.869087e-06,0.001204235,0.1365068,-0.0986638,-0.00164796,-0.0146027,-179.046
1681333632.083188,442.3,-6.58,0.1,0.001204235,2.869087e-06,0.001204235,0.3103634,-0.0986638,-0.00164796,-0.0146104,-179.046
1681333636.1454046,442.3,-6.63,0.1,0.001200579,6.523243e-06,0.001207891,359.9626,-0.0986638,-0.00164796,-0.0146027,-179.046
1681333640.203138,442.3,-6.68,0.1,0.001204235,2.869087e-06,0.001204235,359.9625,-0.0986638,-0.00164796,-0.0146027,-179.046
1681333644.2652771,442.3,-6.73,0.1,0.001204235,6.523243e-06,0.001204239,0.1365068,-0.0986638,-0.00164796,-0.0146027,-179.046
1681333648.347937,442.3,-6.78,0.1,0.001204235,-7.850687e-07,0.001207894,0.1365068,-0.0986638,-0.00164796,-0.0146027,-179.046
1681333652.4391966,442.3,-6.83,0.1,0.001204235,2.869087e-06,0.001204235,0.1365068,-0.0986638,-0.00164796,-0.0146027,-179.046
1681333656.5065746,442.3,-6.88,0.1,0.001204235,2.869087e-06,0.001204239,359.7881,-0.0986638,-0.00164033,-0.0146027,-179.046
1681333660.547543,442.3,-6.93,0.1,0.001204235,-7.850687e-07,0.001207909,0.3103634,-0.0986638,-0.00164796,-0.0146027,-179.046
1681333664.633139,442.3,-6.98,0.1,0.001204235,2.869087e-06,0.001204239,0.1365068,-0.0986638,-0.00164796,-0.0146027,-179.046
1681333668.66915,442.3,-7.04,0.1,0.001204235,2.869087e-06,0.001204253,0.3094241,-0.0986638,-0.00164796,-0.0146104,-179.046
1681333672.7361562,442.3,-7.09,0.1,0.001204235,2.869087e-06,0.00120058,0.1365068,-0.0986638,-0.00164796,-0.0146104,-179.046
1681333676.8025448,442.3,-7.14,0.1,0.001200579,2.869087e-06,0.001204253,359.9628,-0.0986638,-0.00164796,-0.0146027,-179.046
1681333680.8782759,442.3,-7.19,0.1,0.001204235,2.869087e-06,0.001204235,0.1365068,-0.0986638,-0.00164796,-0.0146027,-179.046
1681333684.9572642,442.3,-7.24,0.1,0.001204235,2.869087e-06,0.001204239,0.1360936,-0.0986638,-0.00164796,-0.0146027,-179.046
1681333689.0237422,442.3,-7.29,0.1,0.001204235,2.869087e-06,0.001204239,359.9626,-0.0986638,-0.00164796,-0.0146027,-179.046
1681333693.0879498,442.3,-7.34,0.1,0.001204235,2.869087e-06,0.001204239,359.9626,-0.0986638,-0.00164796,-0.0146027,-179.046
1681333697.1668613,442.3,-7.39,0.1,0.001207891,-7.850687e-07,0.001204235,359.7888,-0.0986638,-0.00164796,-0.0146104,-179.046
1681333701.2211564,442.3,-7.44,0.1,0.001204235,-7.850687e-07,0.001204239,359.9628,-0.0986638,-0.00164796,-0.0146104,-179.046
1681333705.2902822,442.3,-7.49,0.1,0.001204235,-7.850687e-07,0.001204239,0.1360936,-0.0986638,-0.00164796,-0.0146104,-179.046
1681333709.3496525,442.3,-7.54,0.1,0.001204235,-7.850687e-07,0.001207891,359.9628,-0.0986638,-0.00164796,-0.0146027,-179.046
1681333713.4371138,442.3,-7.59,0.1,0.001204235,-7.850687e-07,0.001207909,0.1365068,-0.0986638,-0.00164796,-0.0146104,-179.046
1681333717.5066037,442.3,-7.64,0.1,0.001204235,2.869087e-06,0.001204239,0.1365068,-0.0986638,-0.00164796,-0.0146027,-179.046
1681333721.573985,442.3,-7.69,0.1,0.001204235,6.523243e-06,0.001204235,0.1360936,-0.0986638,-0.00164796,-0.0146027,-179.046
1681333725.63115,442.3,-7.74,0.1,0.001204235,-7.850687e-07,0.001204235,359.9628,-0.0986638,-0.00164796,-0.0146027,-179.046
1681333729.6840746,442.3,-7.79,0.1,0.001207891,-7.850687e-07,0.001204239,0.1360936,-0.0986638,-0.00164796,-0.0146027,-179.046
1681333733.7717476,442.3,-7.84,0.1,0.001207891,-7.850687e-07,0.001207894,359.9626,-0.0986638,-0.00164796,-0.0146104,-179.046
1681333737.8400762,442.3,-7.89,0.1,0.001204235,6.523243e-06,0.001204235,0.3103634,-0.0986638,-0.00164796,-0.0146027,-179.046
1681333741.9045775,442.3,-7.94,0.1,0.001204235,2.869087e-06,0.001207894,0.1360936,-0.0986638,-0.00164796,-0.0146027,-179.046
1681333746.0062582,442.3,-7.99,0.1,0.001204235,2.869087e-06,0.001204243,359.7894,-0.0986638,-0.00164796,-0.0146027,-179.046
1681333750.0738344,442.3,-8.04,0.1,0.001204235,2.869087e-06,0.001207894,359.9628,-0.0986638,-0.00164796,-0.0146027,-179.046
1681333754.1628282,442.3,-8.09,0.1,0.001204235,2.869087e-06,0.001207891,359.9626,-0.0986638,-0.00164796,-0.0146104,-179.046
1681333758.24015,442.3,-8.14,0.1,0.001204235,-7.850687e-07,0.001204235,359.9626,-0.0986638,-0.00164796,-0.0146027,-179.046
1681333762.2960129,442.3,-8.19,0.1,0.001200579,-7.850687e-07,0.001204243,0.1365068,-0.0986638,-0.00164796,-0.0146027,-179.046
1681333766.3604095,442.3,-8.24,0.1,0.001207891,2.869087e-06,0.001207909,0.1365068,-0.0986638,-0.00164796,-0.0146027,-179.046
1681333770.405866,442.3,-8.29,0.1,0.001204235,2.869087e-06,0.001204239,0.1365068,-0.0986638,-0.00164796,-0.0146027,-179.046
1681333774.4720974,442.3,-8.34,0.1,0.001204235,2.869087e-06,0.001207894,0.1365068,-0.0986638,-0.00164796,-0.0146027,-179.046
1681333778.531429,442.3,-8.39,0.1,0.001204235,-7.850687e-07,0.001207891,0.1360936,-0.0986638,-0.00165559,-0.0146027,-179.04
1681333782.583145,442.3,-8.44,0.1,0.001204235,2.869087e-06,0.001207894,0.3103634,-0.0986638,-0.00164796,-0.0146027,-179.046
1681333786.6449008,442.3,-8.49,0.1,0.001204235,6.523243e-06,0.001204239,359.9626,-0.0986638,-0.00164796,-0.0146104,-179.046
1681333790.6900256,442.3,-8.54,0.1,0.001207891,2.869087e-06,0.001204239,359.9626,-0.0986638,-0.00164796,-0.0146027,-179.046
1681333794.7680855,442.3,-8.59,0.1,0.001204235,2.869087e-06,0.001204239,359.9628,-0.0986638,-0.00164796,-0.0146027,-179.046
1681333798.817198,442.3,-8.64,0.1,0.001204235,2.869087e-06,0.001204239,359.7894,-0.0986638,-0.00164796,-0.0146104,-179.046
1681333802.890035,442.3,-8.69,0.1,0.001204235,2.869087e-06,0.001204239,0.1365068,-0.0986638,-0.00164796,-0.0146027,-179.046
1681333806.96184,442.3,-8.74,0.1,0.001207891,6.523243e-06,0.001204239,0.1365068,-0.0986638,-0.00164796,-0.0146027,-179.046
1681333811.0281098,442.3,-8.79,0.1,0.001207891,2.869087e-06,0.001207894,0.1360936,-0.0986638,-0.00164796,-0.0146027,-179.046
1681333815.102585,442.3,-8.84,0.1,0.001207891,-7.850687e-07,0.001204253,0.1365068,-0.0986638,-0.00164796,-0.0146027,-179.046
1681333819.1744525,442.3,-8.89,0.1,0.001207891,2.869087e-06,0.001207894,359.9626,-0.0986638,-0.00164796,-0.0146027,-179.046
1681333823.218102,442.3,-8.94,0.1,0.001207891,2.869087e-06,0.001207891,0.1365068,-0.0986638,-0.00164796,-0.0146104,-179.046
1681333827.26324,442.3,-8.99,0.1,0.001207891,-7.850687e-07,0.001207894,359.9626,-0.0986638,-0.00164796,-0.0146027,-179.046
1681333831.3490236,442.3,-9.05,0.1,0.001204235,2.869087e-06,0.001204235,359.7888,-0.0986638,-0.00164796,-0.0146027,-179.046
1681333835.4120786,442.3,-9.1,0.1,0.001207891,2.869087e-06,0.001207894,0.1365068,-0.0986638,-0.00164796,-0.0146104,-179.046
1681333839.4896047,442.3,-9.15,0.1,0.001204235,-7.850687e-07,0.001204239,359.9628,-0.0986638,-0.00164796,-0.0146104,-179.046
1681333843.548611,442.3,-9.2,0.1,0.001204235,-7.850687e-07,0.001207909,0.1360936,-0.0986638,-0.00164796,-0.0146104,-179.046
1681333847.6198082,442.3,-9.25,0.1,0.001207891,2.869087e-06,0.001207891,0.1365068,-0.0986638,-0.00165559,-0.0146027,-179.04
1681333851.692021,442.3,-9.3,0.1,0.001204235,-7.850687e-07,0.001207891,0.1365068,-0.0986638,-0.00164796,-0.0146104,-179.046
1681333855.763978,442.3,-9.35,0.1,0.001204235,2.869087e-06,0.001207894,359.9626,-0.0986638,-0.00164796,-0.0146027,-179.046
1681333859.8226907,442.3,-9.4,0.1,0.001207891,-7.850687e-07,0.001200583,359.9628,-0.0986638,-0.00164033,-0.0146104,-179.046
1681333863.8995175,442.3,-9.45,0.1,0.001204235,6.523243e-06,0.001204239,0.3094241,-0.0986638,-0.00164796,-0.0146104,-179.046
1681333867.9624379,442.3,-9.5,0.1,0.001204235,-7.850687e-07,0.001204235,359.9628,-0.0986638,-0.00164796,-0.0146104,-179.046
1681333872.0335472,442.3,-9.55,0.1,0.001207891,2.869087e-06,0.001207894,0.1360936,-0.0986638,-0.00164796,-0.0146027,-179.046
1681333876.0908105,442.3,-9.6,0.1,0.001207891,2.869087e-06,0.001207891,0.1360936,-0.0986638,-0.00164796,-0.0146027,-179.046
1681333880.1735241,442.3,-9.65,0.1,0.001204235,6.523243e-06,0.001204239,359.9628,-0.0986638,-0.00164796,-0.0146027,-179.046
1681333884.2265365,442.3,-9.7,0.1,0.001207891,2.869087e-06,0.001204243,359.9626,-0.0986638,-0.00164796,-0.0146104,-179.046
1681333888.298431,442.3,-9.75,0.1,0.001207891,2.869087e-06,0.001207894,0.1365068,-0.0986638,-0.00164796,-0.0146104,-179.046
1681333892.3639734,442.3,-9.8,0.1,0.001207891,2.869087e-06,0.001204243,359.9628,-0.0986638,-0.00164796,-0.0146104,-179.046
1681333896.4320548,442.3,-9.85,0.1,0.001204235,6.523243e-06,0.001207891,359.9626,-0.0986638,-0.00164796,-0.0146104,-179.046
1681333900.5131133,442.3,-9.9,0.1,0.001207891,2.869087e-06,0.001207894,0.1365068,-0.0986638,-0.00164796,-0.0146104,-179.046
1681333904.572604,442.3,-9.95,0.1,0.001204235,2.869087e-06,0.001207891,359.9628,-0.0986638,-0.00164796,-0.0146027,-179.046
1681333908.6262817,442.3,-10.0,0.1,0.001207891,2.869087e-06,0.001204235,359.9626,-0.0986638,-0.00164796,-0.0146027,-179.046
1681333912.702084,442.3,-10.0,0.1,0.001207891,-7.850687e-07,0.001207894,359.9628,-0.0986638,-0.00164796,-0.0146104,-179.046
1681333916.7743976,442.3,-9.95,0.1,0.001204235,2.869087e-06,0.001207894,0.1365068,-0.0986638,-0.00164796,-0.0146027,-179.046
1681333920.8504138,442.3,-9.9,0.1,0.001204235,-7.850687e-07,0.001207894,359.9628,-0.0986638,-0.00164796,-0.0146104,-179.046
1681333924.9300525,442.3,-9.85,0.1,0.001204235,-7.850687e-07,0.001204239,359.9626,-0.0986638,-0.00164033,-0.0146104,-179.046
1681333928.9916916,442.3,-9.8,0.1,0.001207891,2.869087e-06,0.001207891,0.3094241,-0.0986638,-0.00164796,-0.0146104,-179.046
1681333933.0812166,442.3,-9.75,0.1,0.001204235,2.869087e-06,0.001207909,0.1365068,-0.0986638,-0.00165559,-0.0146104,-179.04
1681333937.1451285,442.3,-9.7,0.1,0.001204235,2.869087e-06,0.001204235,0.1365068,-0.0986638,-0.00164796,-0.0146104,-179.046
1681333941.2115028,442.3,-9.65,0.1,0.001207891,-7.850687e-07,0.001204239,0.482749,-0.0986638,-0.00164796,-0.0146027,-179.046
1681333945.2561638,442.3,-9.6,0.1,0.001204235,2.869087e-06,0.001204239,0.3103634,-0.0986638,-0.00164796,-0.0146104,-179.046
1681333949.3282497,442.3,-9.55,0.1,0.001207891,2.869087e-06,0.001207891,0.3094241,-0.0986638,-0.00164796,-0.0146104,-179.046
1681333953.3806667,442.3,-9.5,0.1,0.001207891,-7.850687e-07,0.001204239,359.7894,-0.0986638,-0.00164796,-0.0146104,-179.046
1681333957.4549878,442.3,-9.45,0.1,0.001207891,-7.850687e-07,0.001207894,0.3103634,-0.0986638,-0.00164796,-0.0146027,-179.046
1681333961.4990475,442.3,-9.4,0.1,0.001207891,-7.850687e-07,0.001204235,359.9628,-0.0986638,-0.00164796,-0.0146027,-179.046
1681333965.578107,442.3,-9.35,0.1,0.001207891,2.869087e-06,0.001204239,0.1365068,-0.0986638,-0.00164796,-0.0146104,-179.046
1681333969.6613774,442.3,-9.3,0.1,0.001204235,2.869087e-06,0.001207909,359.9628,-0.0986638,-0.00165559,-0.0146027,-179.04
1681333973.7299006,442.3,-9.25,0.1,0.001207891,-7.850687e-07,0.001207894,0.1360936,-0.0986638,-0.00164796,-0.0146104,-179.046
1681333977.7989323,442.3,-9.2,0.1,0.001207891,2.869087e-06,0.001207891,359.7894,-0.0986638,-0.00164796,-0.0146027,-179.046
1681333981.8468893,442.3,-9.15,0.1,0.001204235,-4.439225e-06,0.001207894,0.3094241,-0.0986638,-0.00164796,-0.0146027,-179.046
1681333985.9080832,442.3,-9.1,0.1,0.001204235,-7.850687e-07,0.001207891,0.1365068,-0.0986638,-0.00164796,-0.0146104,-179.046
1681333989.9470952,442.3,-9.05,0.1,0.001207891,6.523243e-06,0.001207891,359.9628,-0.0986638,-0.00164796,-0.0146104,-179.046
1681333993.9964132,442.3,-8.99,0.1,0.001207891,-7.850687e-07,0.001204235,0.1365068,-0.0986638,-0.00164796,-0.0146027,-179.046
1681333998.0557928,442.3,-8.94,0.1,0.001204235,-7.850687e-07,0.001204239,0.1360936,-0.0986638,-0.00165559,-0.0146027,-179.04
1681334002.095521,442.3,-8.89,0.1,0.001204235,2.869087e-06,0.001207894,0.1365068,-0.0986638,-0.00164796,-0.0146027,-179.046
1681334006.159043,442.3,-8.84,0.1,0.001207891,-7.850687e-07,0.001207894,0.1360936,-0.0986638,-0.00164796,-0.0146027,-179.046
1681334010.2504985,442.3,-8.79,0.1,0.001207891,-7.850687e-07,0.001207894,0.1360936,-0.0986638,-0.00164796,-0.0146027,-179.046
1681334014.2859445,442.3,-8.74,0.1,0.001204235,6.523243e-06,0.001204253,0.1360936,-0.0986638,-0.00165559,-0.0146027,-179.04
1681334018.3615525,442.3,-8.69,0.1,0.001207891,-7.850687e-07,0.001207909,0.1360936,-0.0986638,-0.00164796,-0.0146027,-179.046
1681334022.4126525,442.3,-8.64,0.1,0.001204235,-7.850687e-07,0.001204239,359.9628,-0.0986638,-0.00164796,-0.0146027,-179.046
1681334026.476693,442.3,-8.59,0.1,0.001204235,2.869087e-06,0.001204235,0.1365068,-0.0986638,-0.00164796,-0.0146104,-179.046
1681334030.547474,442.3,-8.54,0.1,0.001204235,-7.850687e-07,0.001207894,359.9628,-0.0986638,-0.00164796,-0.0146027,-179.046
1681334034.6060255,442.3,-8.49,0.1,0.001207891,2.869087e-06,0.001207894,0.1365068,-0.0986638,-0.00164796,-0.0146027,-179.046
1681334038.6695795,442.3,-8.44,0.1,0.001207891,6.523243e-06,0.001204235,359.9628,-0.0986638,-0.00164796,-0.0146104,-179.046
1681334042.728487,442.3,-8.39,0.1,0.001207891,2.869087e-06,0.001207894,0.1365068,-0.0986638,-0.00164796,-0.0146027,-179.046
1681334046.7901251,442.3,-8.34,0.1,0.001204235,2.869087e-06,0.001207909,359.9628,-0.0986638,-0.00164796,-0.0146027,-179.046
1681334050.871912,442.3,-8.29,0.1,0.001207891,-7.850687e-07,0.001207894,359.9626,-0.0986638,-0.00164796,-0.0146027,-179.046
1681334054.9482985,442.3,-8.24,0.1,0.001207891,-7.850687e-07,0.001204235,0.1360936,-0.0986638,-0.00164796,-0.0146027,-179.046
1681334058.9937437,442.3,-8.19,0.1,0.001207891,-7.850687e-07,0.001207894,359.9628,-0.0986638,-0.00164796,-0.0146027,-179.046
1681334063.0428348,442.3,-8.14,0.1,0.001204235,-7.850687e-07,0.001207894,0.1365068,-0.0986638,-0.00164796,-0.0146027,-179.046
1681334067.0953896,442.3,-8.09,0.1,0.001207891,2.869087e-06,0.001204239,359.9626,-0.0986638,-0.00164796,-0.0146027,-179.046
1681334071.1514797,442.3,-8.04,0.1,0.001204235,-7.850687e-07,0.001207894,359.9628,-0.0986638,-0.00165559,-0.0146027,-179.04
1681334075.2290304,442.3,-7.99,0.1,0.001204235,6.523243e-06,0.001207891,0.1360936,-0.0986638,-0.00164796,-0.0146027,-179.046
1681334079.282122,442.3,-7.94,0.1,0.001204235,2.869087e-06,0.001204243,359.9626,-0.0986638,-0.00164796,-0.0146104,-179.046
1681334083.3538852,442.3,-7.89,0.1,0.001204235,2.869087e-06,0.001207894,359.9626,-0.0986638,-0.00164796,-0.0146027,-179.046
1681334087.4297733,442.3,-7.84,0.1,0.001204235,2.869087e-06,0.001207894,359.9626,-0.0986638,-0.00164796,-0.0146027,-179.046
1681334091.479796,442.3,-7.79,0.1,0.001204235,2.869087e-06,0.001204235,0.1365068,-0.0986638,-0.00164796,-0.0146104,-179.046
1681334095.548081,442.3,-7.74,0.1,0.001204235,-7.850687e-07,0.001207894,0.1360936,-0.0986638,-0.00164796,-0.0146027,-179.046
1681334099.6142354,442.3,-7.69,0.1,0.001207891,6.523243e-06,0.001204235,359.9626,-0.0986638,-0.00165559,-0.0146027,-179.04
1681334103.6883981,442.3,-7.64,0.1,0.001207891,2.869087e-06,0.001204239,0.1360936,-0.0986638,-0.00165559,-0.0146104,-179.04
1681334107.7388158,442.3,-7.59,0.1,0.001211547,2.869087e-06,0.001207891,0.1360936,-0.0986638,-0.00164796,-0.0146104,-179.046
1681334111.795319,442.3,-7.54,0.1,0.001207891,2.869087e-06,0.001207891,0.3094241,-0.0986638,-0.00165559,-0.0146027,-179.04
1681334115.8457992,442.3,-7.49,0.1,0.001207891,2.869087e-06,0.001204239,359.9628,-0.0986638,-0.00164796,-0.0146027,-179.046
1681334119.9187863,442.3,-7.44,0.1,0.001204235,-7.850687e-07,0.001207894,0.1365068,-0.0986638,-0.00164796,-0.0146104,-179.046
1681334123.984614,442.3,-7.39,0.1,0.001204235,2.869087e-06,0.001207899,359.9626,-0.0986638,-0.00164796,-0.0146104,-179.046
1681334128.040992,442.3,-7.34,0.1,0.001204235,-7.850687e-07,0.001204239,0.1365068,-0.0986638,-0.00164796,-0.0146104,-179.046
1681334132.1165004,442.3,-7.29,0.1,0.001204235,6.523243e-06,0.001204239,0.1360936,-0.0986638,-0.00164796,-0.0146027,-179.046
1681334136.1785078,442.3,-7.24,0.1,0.001207891,2.869087e-06,0.001207891,359.9626,-0.0986638,-0.00164796,-0.0146027,-179.046
1681334140.241569,442.3,-7.19,0.1,0.001204235,2.869087e-06,0.001207894,0.1365068,-0.0986638,-0.00164796,-0.0146027,-179.046
1681334144.3023736,442.3,-7.14,0.1,0.001204235,6.523243e-06,0.001204235,0.3103634,-0.0986638,-0.00165559,-0.0146027,-179.04
1681334148.376677,442.3,-7.09,0.1,0.001204235,6.523243e-06,0.001204239,359.9628,-0.0986638,-0.00164796,-0.0146104,-179.046
1681334152.4456425,442.3,-7.04,0.1,0.001204235,2.869087e-06,0.001204235,0.1365068,-0.0986638,-0.00164796,-0.0146104,-179.046
1681334156.4899175,442.3,-6.98,0.1,0.001204235,-7.850687e-07,0.001207894,0.3094241,-0.0986638,-0.00165559,-0.0146027,-179.04
1681334160.5474558,442.3,-6.93,0.1,0.001204235,6.523243e-06,0.001207899,0.1365068,-0.0986638,-0.00164796,-0.0146104,-179.046
1681334164.611938,442.3,-6.88,0.1,0.001207891,2.869087e-06,0.001204235,359.7888,-0.0986638,-0.00164796,-0.0146104,-179.046
1681334168.6879604,442.3,-6.83,0.1,0.001207891,-7.850687e-07,0.001207891,0.1360936,-0.0986638,-0.00164796,-0.0146027,-179.046
1681334172.7614682,442.3,-6.78,0.1,0.001204235,2.869087e-06,0.001204253,359.9626,-0.0986638,-0.00164796,-0.0146104,-179.046
1681334176.8312325,442.3,-6.73,0.1,0.001207891,2.869087e-06,0.001207891,359.9626,-0.0986638,-0.00164796,-0.0146027,-179.046
1681334180.8832524,442.3,-6.68,0.1,0.001204235,2.869087e-06,0.001204239,0.1365068,-0.0986638,-0.00164796,-0.0146104,-179.046
1681334184.9213834,442.3,-6.63,0.1,0.001204235,-7.850687e-07,0.001207894,0.1365068,-0.0986638,-0.00164796,-0.0146027,-179.046
1681334188.9970083,442.3,-6.58,0.1,0.001207891,2.869087e-06,0.001204235,0.1365068,-0.0986638,-0.00164796,-0.0146027,-179.046
1681334193.0731182,442.3,-6.53,0.1,0.001207891,-7.850687e-07,0.001207891,359.9626,-0.0986638,-0.00164796,-0.0146027,-179.046
1681334197.1288233,442.3,-6.48,0.1,0.001204235,2.869087e-06,0.001204253,0.3103634,-0.0986638,-0.00164796,-0.0146027,-179.046
1681334201.2162595,442.3,-6.43,0.1,0.001204235,6.523243e-06,0.001207891,359.9628,-0.0986638,-0.00164796,-0.0146027,-179.046
1681334205.2760274,442.3,-6.38,0.1,0.001207891,2.869087e-06,0.001204239,359.9628,-0.0986638,-0.00164796,-0.0146027,-179.046
1681334209.322945,442.3,-6.33,0.1,0.001204235,2.869087e-06,0.001204239,0.1360936,-0.0986638,-0.00164796,-0.0146027,-179.046
1681334213.3990335,442.3,-6.28,0.1,0.001207891,-7.850687e-07,0.001204239,0.3094241,-0.0986638,-0.00164796,-0.0146027,-179.046
1681334217.4678855,442.3,-6.23,0.1,0.001207891,2.869087e-06,0.001204239,0.1360936,-0.0986638,-0.00164796,-0.0146027,-179.046
1681334221.5323737,442.3,-6.18,0.1,0.001207891,2.869087e-06,0.001207894,0.3094241,-0.0986638,-0.00164796,-0.0146027,-179.046
1681334225.5913532,442.3,-6.13,0.1,0.001204235,2.869087e-06,0.001207909,0.1365068,-0.0986638,-0.00164796,-0.0146027,-179.046
1681334229.6612685,442.3,-6.08,0.1,0.001207891,2.869087e-06,0.001204235,0.1360936,-0.0986638,-0.00164796,-0.0146027,-179.046
1681334233.7480924,442.3,-6.03,0.1,0.001207891,-7.850687e-07,0.001207894,0.1365068,-0.0986638,-0.00164796,-0.0146027,-179.046
1681334237.826098,442.3,-5.98,0.1,0.001207891,6.523243e-06,0.001207894,359.9628,-0.0986638,-0.00164796,-0.0146027,-179.046
1681334241.9100847,442.3,-5.93,0.1,0.001204235,-7.850687e-07,0.001204235,359.9628,-0.0986638,-0.00164796,-0.0146027,-179.046
1681334245.949072,442.3,-5.88,0.1,0.001207891,6.523243e-06,0.001207894,0.1360936,-0.0986638,-0.00164796,-0.0146104,-179.046
1681334250.015398,442.3,-5.83,0.1,0.001204235,2.869087e-06,0.001207894,359.9626,-0.0986638,-0.00165559,-0.0146027,-179.04
1681334254.0938525,442.3,-5.78,0.1,0.001204235,6.523243e-06,0.001204239,359.9626,-0.0986638,-0.00164796,-0.0146027,-179.046
1681334258.1420472,442.3,-5.73,0.1,0.001207891,2.869087e-06,0.001207891,0.1360936,-0.0986638,-0.00165559,-0.0146027,-179.04
1681334262.2028484,442.3,-5.68,0.1,0.001204235,2.869087e-06,0.001207894,0.1360936,-0.0986638,-0.00164796,-0.0146027,-179.046
1681334266.2438116,442.3,-5.63,0.1,0.001204235,2.869087e-06,0.001204239,0.3094241,-0.0986638,-0.00164796,-0.0146027,-179.046
1681334270.3197668,442.3,-5.58,0.1,0.001207891,-7.850687e-07,0.001207891,359.7894,-0.0986638,-0.00165559,-0.0146104,-179.04
1681334274.3984225,442.3,-5.53,0.1,0.001204235,6.523243e-06,0.001204239,359.9626,-0.0986638,-0.00164796,-0.0146027,-179.046
1681334278.4756925,442.3,-5.48,0.1,0.001204235,2.869087e-06,0.001204235,0.1365068,-0.0986638,-0.00164796,-0.0146027,-179.046
1681334282.5467446,442.3,-5.43,0.1,0.001204235,2.869087e-06,0.001204253,0.1365068,-0.0986638,-0.00165559,-0.0146027,-179.04
1681334286.6092353,442.3,-5.38,0.1,0.001207891,6.523243e-06,0.001204239,0.1360936,-0.0986638,-0.00164796,-0.0146027,-179.046
1681334290.6777055,442.3,-5.33,0.1,0.001204235,6.523243e-06,0.001204239,0.1360936,-0.0986638,-0.00165559,-0.0146027,-179.04
1681334294.738179,442.3,-5.28,0.1,0.001207891,-7.850687e-07,0.001207891,359.9628,-0.0986638,-0.00164796,-0.0146027,-179.046
1681334298.8154056,442.3,-5.23,0.1,0.001207891,2.869087e-06,0.001204235,0.1365068,-0.0986638,-0.00165559,-0.0146027,-179.04
1681334302.871569,442.3,-5.18,0.1,0.001204235,2.869087e-06,0.001204278,0.1360936,-0.0986638,-0.00164796,-0.0146027,-179.046
1681334306.9292154,442.3,-5.13,0.1,0.001204235,2.869087e-06,0.001204235,359.7888,-0.0986638,-0.00165559,-0.0146027,-179.04
1681334311.0030575,442.3,-5.08,0.1,0.001207891,-7.850687e-07,0.001200583,0.1360936,-0.0986638,-0.00164796,-0.0146027,-179.046
1681334315.0740094,442.3,-5.03,0.1,0.001207891,6.523243e-06,0.001204239,0.3094241,-0.0986638,-0.00164796,-0.0146104,-179.046
1681334319.113446,442.3,-4.97,0.1,0.001211547,-7.850687e-07,0.001204235,359.9628,-0.0986638,-0.00165559,-0.0146027,-179.04
1681334323.1824179,442.3,-4.92,0.1,0.001207891,2.869087e-06,0.001207894,0.1365068,-0.0986638,-0.00164796,-0.0146027,-179.046
1681334327.242197,442.3,-4.87,0.1,0.001207891,2.869087e-06,0.001204253,0.1365068,-0.0986638,-0.00164796,-0.0146027,-179.046
1681334331.3095562,442.3,-4.82,0.1,0.001204235,6.523243e-06,0.001204239,0.1365068,-0.0986638,-0.00164796,-0.0146027,-179.046
1681334335.4020433,442.3,-4.77,0.1,0.001204235,2.869087e-06,0.001204235,0.1360936,-0.0986638,-0.00164796,-0.0146027,-179.046
1681334339.4575095,442.3,-4.72,0.1,0.001207891,6.523243e-06,0.001204239,0.1365068,-0.0986638,-0.00164796,-0.0146104,-179.046
1681334343.5218673,442.3,-4.67,0.1,0.001207891,-4.439225e-06,0.001207891,0.3094241,-0.0986638,-0.00164796,-0.0146104,-179.046
1681334347.5792756,442.3,-4.62,0.1,0.001204235,2.869087e-06,0.001204235,359.9626,-0.0986638,-0.00164796,-0.0146027,-179.046
1681334351.6455176,442.3,-4.57,0.1,0.001204235,-7.850687e-07,0.001207891,0.3103634,-0.0986638,-0.00164796,-0.0146027,-179.046
1681334355.6786594,442.3,-4.52,0.1,0.001204235,-7.850687e-07,0.001207891,0.1360936,-0.0986638,-0.00164796,-0.0146104,-179.046
1681334359.7506037,442.3,-4.47,0.1,0.001204235,-7.850687e-07,0.001207894,0.3103634,-0.0986638,-0.00164796,-0.0146027,-179.046
1681334363.80832,442.3,-4.42,0.1,0.001207891,-7.850687e-07,0.001207909,0.1360936,-0.0986638,-0.00164796,-0.0146104,-179.046
1681334367.8805382,442.3,-4.37,0.1,0.001204235,-7.850687e-07,0.001200588,0.1360936,-0.0986638,-0.00164796,-0.0146104,-179.046
1681334371.934642,442.3,-4.32,0.1,0.001207891,2.869087e-06,0.001207894,0.1365068,-0.0986638,-0.00164796,-0.0146104,-179.046
1681334375.9975398,442.3,-4.27,0.1,0.001204235,-7.850687e-07,0.001204235,0.3103634,-0.0986638,-0.00164796,-0.0146027,-179.046
1681334380.0466695,442.3,-4.22,0.1,0.001207891,2.869087e-06,0.001207909,0.1360936,-0.0986638,-0.00164796,-0.0146104,-179.046
1681334384.1010392,442.3,-4.17,0.1,0.001204235,-7.850687e-07,0.001207891,0.3103634,-0.0986638,-0.00164796,-0.0146027,-179.046
1681334388.1841016,442.3,-4.12,0.1,0.001207891,2.869087e-06,0.001207891,0.1365068,-0.0986638,-0.00164796,-0.0146027,-179.046
1681334392.2642665,442.3,-4.07,0.1,0.001204235,2.869087e-06,0.001204239,359.9626,-0.0986638,-0.00164796,-0.0146104,-179.046
1681334396.3339422,442.3,-4.02,0.1,0.001207891,2.869087e-06,0.001207891,0.1365068,-0.0986638,-0.00164796,-0.0146027,-179.046
1681334400.3679614,442.3,-3.97,0.1,0.001204235,-7.850687e-07,0.001204239,0.1365068,-0.0986638,-0.00164796,-0.0146027,-179.046
1681334404.4463334,442.3,-3.92,0.1,0.001204235,2.869087e-06,0.001207894,359.9628,-0.0986638,-0.00164796,-0.0146027,-179.046
1681334408.5125935,442.3,-3.87,0.1,0.001204235,-7.850687e-07,0.001204253,0.1365068,-0.0986638,-0.00164796,-0.0146027,-179.046
1681334412.5786655,442.3,-3.82,0.1,0.001204235,2.869087e-06,0.001204235,0.1360936,-0.0986638,-0.00164796,-0.0146027,-179.046
1681334416.6679535,442.3,-3.77,0.1,0.001207891,-7.850687e-07,0.001204253,359.9625,-0.0986638,-0.00164796,-0.0146027,-179.046
1681334420.7347467,442.3,-3.72,0.1,0.001207891,-7.850687e-07,0.001207891,0.1365068,-0.0986638,-0.00164796,-0.0146104,-179.046
1681334424.7998984,442.3,-3.67,0.1,0.001207891,6.523243e-06,0.001207894,0.1360936,-0.0986638,-0.00164796,-0.0146027,-179.046
1681334428.8749871,442.3,-3.62,0.1,0.001207891,-7.850687e-07,0.001204239,0.3103634,-0.0986638,-0.00164796,-0.0146104,-179.046
1681334432.926536,442.3,-3.57,0.1,0.001207891,2.869087e-06,0.001204239,0.1365068,-0.0986638,-0.00164796,-0.0146027,-179.046
1681334436.9943967,442.3,-3.52,0.1,0.001204235,2.869087e-06,0.001207894,0.1360936,-0.0986638,-0.00164796,-0.0146027,-179.046
1681334441.0814538,442.3,-3.47,0.1,0.001207891,2.869087e-06,0.001204235,0.1360936,-0.0986638,-0.00164796,-0.0146027,-179.046
1681334445.1639647,442.3,-3.42,0.1,0.001207891,6.523243e-06,0.001207894,359.9626,-0.0986638,-0.00165559,-0.0146027,-179.04
1681334449.24332,442.3,-3.37,0.1,0.001204235,6.523243e-06,0.001204235,0.1360936,-0.0986638,-0.00165559,-0.0146104,-179.04
1681334453.3084645,442.3,-3.32,0.1,0.001204235,6.523243e-06,0.001204239,0.1365068,-0.0986638,-0.00164796,-0.0146027,-179.046
1681334457.3749416,442.3,-3.27,0.1,0.001207891,6.523243e-06,0.001207894,0.3103634,-0.0986638,-0.00164796,-0.0146104,-179.046
1681334461.4360611,442.3,-3.22,0.1,0.001204235,-7.850687e-07,0.001204239,0.1365068,-0.0986638,-0.00164033,-0.0146027,-179.046
1681334465.5020287,442.3,-3.17,0.1,0.001204235,2.869087e-06,0.001207894,0.1365068,-0.0986638,-0.00164796,-0.0146027,-179.046
1681334469.5581086,442.3,-3.12,0.1,0.001204235,6.523243e-06,0.001207894,359.9628,-0.0986638,-0.00164796,-0.0146027,-179.046
1681334473.6183743,442.3,-3.07,0.1,0.001204235,-7.850687e-07,0.001204235,0.3094241,-0.0986638,-0.00164796,-0.0146027,-179.046
1681334477.7060554,442.3,-3.02,0.1,0.001204235,6.523243e-06,0.001204235,359.9626,-0.0986638,-0.00164796,-0.0146104,-179.046
1681334481.779503,442.3,-2.96,0.1,0.001207891,2.869087e-06,0.001204235,359.9626,-0.0986638,-0.00164033,-0.0146027,-179.046
1681334485.8359506,442.3,-2.91,0.1,0.001204235,-7.850687e-07,0.001204239,0.1365068,-0.0986638,-0.00164796,-0.0146027,-179.046
1681334489.9038894,442.3,-2.86,0.1,0.001204235,-7.850687e-07,0.001207894,0.1365068,-0.0986638,-0.00164796,-0.0146027,-179.046
1681334493.966039,442.3,-2.81,0.1,0.001204235,2.869087e-06,0.001207891,0.1365068,-0.0986638,-0.00164796,-0.0146027,-179.046
1681334498.0517867,442.3,-2.76,0.1,0.001207891,-7.850687e-07,0.001204253,0.1365068,-0.0986638,-0.00164033,-0.0146027,-179.046
1681334502.1210048,442.3,-2.71,0.1,0.001204235,2.869087e-06,0.001204243,0.1365068,-0.0986638,-0.00164796,-0.0146104,-179.046
1681334506.1774366,442.3,-2.66,0.1,0.001207891,2.869087e-06,0.001207894,0.3094241,-0.0986638,-0.00164796,-0.0146027,-179.046
1681334510.2449443,442.3,-2.61,0.1,0.001204235,-7.850687e-07,0.001207909,0.3094241,-0.0986638,-0.00164796,-0.0146027,-179.046
1681334514.307472,442.3,-2.56,0.1,0.001204235,6.523243e-06,0.001204235,0.1360936,-0.0986638,-0.00164796,-0.0146027,-179.046
1681334518.3522868,442.3,-2.51,0.1,0.001207891,-7.850687e-07,0.001207894,359.9626,-0.0986638,-0.00164796,-0.0146104,-179.046
1681334522.4107254,442.3,-2.46,0.1,0.001204235,6.523243e-06,0.001207891,359.9626,-0.0986638,-0.00164796,-0.0146027,-179.046
1681334526.4784088,442.3,-2.41,0.1,0.001204235,2.869087e-06,0.001207894,359.9626,-0.0986638,-0.00164796,-0.0146104,-179.046
1681334530.5725365,442.3,-2.36,0.1,0.001204235,2.869087e-06,0.001207891,359.9626,-0.0986638,-0.00164033,-0.0146027,-179.046
1681334534.654156,442.3,-2.31,0.1,0.001211547,-4.439225e-06,0.001207891,0.1365068,-0.0986638,-0.00164033,-0.0146027,-179.046
1681334538.7211769,442.3,-2.26,0.1,0.001207891,2.869087e-06,0.001204239,359.9626,-0.0986638,-0.00164796,-0.0146027,-179.046
1681334542.8027077,442.3,-2.21,0.1,0.001204235,2.869087e-06,0.001204239,359.9628,-0.0986638,-0.00164796,-0.0146027,-179.046
1681334546.8617373,442.3,-2.16,0.1,0.001207891,6.523243e-06,0.001207894,359.9626,-0.0986638,-0.00164796,-0.0146104,-179.046
1681334550.9413853,442.3,-2.11,0.1,0.001207891,2.869087e-06,0.001204239,0.1365068,-0.0986638,-0.00164033,-0.0146027,-179.046
1681334555.010918,442.3,-2.06,0.1,0.001204235,-4.439225e-06,0.001207894,0.1360936,-0.0986638,-0.00164796,-0.0146027,-179.046
1681334559.090237,442.3,-2.01,0.1,0.001207891,2.869087e-06,0.001207891,359.9626,-0.0986638,-0.00164796,-0.0146027,-179.046
1681334563.1609757,442.3,-1.96,0.1,0.001204235,-7.850687e-07,0.001207891,0.1365068,-0.0986638,-0.00164033,-0.0146027,-179.046
1681334567.243844,442.3,-1.91,0.1,0.001204235,-7.850687e-07,0.001200583,0.1365068,-0.0986638,-0.00164796,-0.0146104,-179.046
1681334571.3038125,442.3,-1.86,0.1,0.001204235,2.869087e-06,0.001204235,0.1365068,-0.0986638,-0.00164796,-0.0146027,-179.046
1681334575.3424058,442.3,-1.81,0.1,0.001207891,2.869087e-06,0.001207894,359.9626,-0.0986638,-0.00164796,-0.0146104,-179.046
1681334579.3840737,442.3,-1.76,0.1,0.001200579,2.869087e-06,0.001204239,0.1360936,-0.0986638,-0.00164796,-0.0146027,-179.046
1681334583.4590006,442.3,-1.71,0.1,0.001204235,2.869087e-06,0.001204253,0.1360936,-0.0986638,-0.00164033,-0.0146027,-179.046
1681334587.5261776,442.3,-1.66,0.1,0.001204235,6.523243e-06,0.001204243,359.9626,-0.0986638,-0.00164033,-0.0146027,-179.046
1681334591.5785227,442.3,-1.61,0.1,0.001211547,6.523243e-06,0.001207891,359.9626,-0.0986638,-0.00164796,-0.0146027,-179.046
1681334595.6598823,442.3,-1.56,0.1,0.001204235,2.869087e-06,0.001204239,0.3103634,-0.0986638,-0.00164796,-0.0146027,-179.046
1681334599.7222815,442.3,-1.51,0.1,0.001207891,-7.850687e-07,0.001204253,359.9626,-0.0986638,-0.00164796,-0.0146104,-179.046
1681334603.7681868,442.3,-1.46,0.1,0.001204235,-7.850687e-07,0.001204235,0.3113085,-0.0986638,-0.00164796,-0.0146027,-179.046
1681334607.8459551,442.3,-1.41,0.1,0.001204235,2.869087e-06,0.001204243,359.9626,-0.0986638,-0.00164033,-0.0146027,-179.046
1681334611.911755,442.3,-1.36,0.1,0.001204235,2.869087e-06,0.001204235,0.1365068,-0.0986638,-0.00164796,-0.0146104,-179.046
1681334615.988651,442.3,-1.31,0.1,0.001204235,-4.439225e-06,0.001207894,0.1365068,-0.0986638,-0.00164033,-0.0146104,-179.046
1681334620.0536175,442.3,-1.26,0.1,0.001204235,-7.850687e-07,0.001207909,359.9626,-0.0986638,-0.00164796,-0.0146027,-179.046
1681334624.1079476,442.3,-1.21,0.1,0.001204235,2.869087e-06,0.001207909,359.9628,-0.0986638,-0.00164796,-0.0146027,-179.046
1681334628.19211,442.3,-1.16,0.1,0.001207891,2.869087e-06,0.00121155,0.1365068,-0.0986638,-0.00164796,-0.0146104,-179.046
1681334632.2696288,442.3,-1.11,0.1,0.001207891,2.869087e-06,0.001204253,0.1365068,-0.0986638,-0.00164033,-0.0146027,-179.046
1681334636.335523,442.3,-1.06,0.1,0.001207891,2.869087e-06,0.001204239,359.9625,-0.0986638,-0.00164796,-0.0146104,-179.046
1681334640.382781,442.3,-1.01,0.1,0.001204235,2.869087e-06,0.001204239,359.9626,-0.0986638,-0.00164796,-0.0146027,-179.046
1681334644.4320683,442.3,-0.95,0.1,0.001204235,6.523243e-06,0.001204239,359.9626,-0.0986638,-0.00164796,-0.0146027,-179.046
1681334648.4929605,442.3,-0.9,0.1,0.001207891,2.869087e-06,0.001204235,359.9628,-0.0986638,-0.00164796,-0.0146027,-179.046
1681334652.5440416,442.3,-0.85,0.1,0.001207891,2.869087e-06,0.001204243,0.1360936,-0.0986638,-0.00164033,-0.0146027,-179.046
1681334656.5999637,442.3,-0.8,0.1,0.001204235,6.523243e-06,0.001207891,0.1365068,-0.0986638,-0.00164796,-0.0146027,-179.046
1681334660.6808178,442.3,-0.75,0.1,0.001207891,2.869087e-06,0.001204239,0.1365068,-0.0986638,-0.00164796,-0.0146027,-179.046
1681334664.7499642,442.3,-0.7,0.1,0.001207891,2.869087e-06,0.001207894,359.7888,-0.0986638,-0.00164796,-0.0146027,-179.046
1681334668.8208675,442.3,-0.65,0.1,0.001207891,-4.439225e-06,0.001207894,0.3094241,-0.0986638,-0.00164796,-0.0146027,-179.046
1681334672.8918407,442.3,-0.6,0.1,0.001204235,2.869087e-06,0.001204253,0.1365068,-0.0986638,-0.00164033,-0.0146027,-179.046
1681334676.9443362,442.3,-0.55,0.1,0.001207891,2.869087e-06,0.001207891,359.9628,-0.0986638,-0.00164033,-0.0146027,-179.046
1681334681.0286775,442.3,-0.5,0.1,0.001204235,-7.850687e-07,0.001207899,0.1365068,-0.0986638,-0.00164796,-0.0146027,-179.046
1681334685.1198936,442.3,-0.45,0.1,0.001204235,2.869087e-06,0.001204253,0.1365068,-0.0986638,-0.00164796,-0.0146027,-179.046
1681334689.162042,442.3,-0.4,0.1,0.001204235,2.869087e-06,0.001204253,0.1360936,-0.0986638,-0.00164796,-0.0146027,-179.046
1681334693.2134016,442.3,-0.35,0.1,0.001204235,-7.850687e-07,0.001207891,0.1365068,-0.0986638,-0.00164796,-0.0146027,-179.046
1681334697.2905345,442.3,-0.3,0.1,0.001204235,2.869087e-06,0.001204253,359.9626,-0.0986638,-0.00164796,-0.0146027,-179.046
1681334701.3529832,442.3,-0.25,0.1,0.001204235,2.869087e-06,0.001204239,359.9626,-0.0986638,-0.00164796,-0.0146027,-179.046
1681334705.4106152,442.3,-0.2,0.1,0.001207891,2.869087e-06,0.001204239,0.4842144,-0.0986638,-0.00165559,-0.0146027,-179.04
1681334709.4647024,442.3,-0.15,0.1,0.001204235,6.523243e-06,0.001204253,0.1365068,-0.0986638,-0.00164796,-0.0146027,-179.046
1681334713.5105312,442.3,-0.1,0.1,0.001204235,-7.850687e-07,0.001207894,0.3094241,-0.0986638,-0.00164796,-0.0146027,-179.046
1681334717.5731688,442.3,-0.05,0.1,0.001207891,2.869087e-06,0.001207891,359.9626,-0.0986638,-0.00164796,-0.0146027,-179.046
1681334721.6338916,442.3,0.0,0.1,0.001207891,6.523243e-06,0.001204278,0.1360936,-0.0986638,-0.00164796,-0.0146027,-179.046
