t,gateBias,f2,bias,v2,x2,y2,r2,theta2,x8,y8,r8,theta8
1681346526.6178148,-3.0,442.3,0.0,0.01,0.00956947,-1.77569e-05,0.009554847,359.9812,0,0,0,0
1681346530.1784291,-3.0,442.3,0.03,0.01,0.00961334,1.147635e-05,0.009598751,0.06850353,0,0,0,0
1681346533.7429056,-3.0,442.3,0.05,0.01,0.009598716,1.147635e-05,0.009598723,0.1557514,0,0,0,0
1681346537.273707,-3.0,442.3,0.08,0.01,0.00961334,1.147635e-05,0.009627969,0.1555144,0,0,0,0
1681346540.8163936,-3.0,442.3,0.1,0.01,0.00961334,1.147635e-05,0.009598751,0.06850353,0,0,0,0
1681346544.3739362,-3.0,442.3,0.13,0.01,0.00961334,1.147635e-05,0.009598751,0.1555144,0,0,0,0
1681346547.9128108,-3.0,442.3,0.15,0.01,0.00961334,1.147635e-05,0.009598723,0.1557514,0,0,0,0
1681346551.4709895,-3.0,442.3,0.18,0.01,0.009598716,1.147635e-05,0.009598716,359.9813,0,0,0,0
1681346555.0285196,-3.0,442.3,0.21,0.01,0.00961334,1.147635e-05,0.009598716,359.9813,0,0,0,0
1681346558.5811303,-3.0,442.3,0.23,0.01,0.00961334,1.147635e-05,0.009613346,0.06839932,0,0,0,0
1681346562.1289892,-3.0,442.3,0.26,0.01,0.00961334,-3.140275e-06,0.009627969,0.06850353,0,0,0,0
1681346565.6577845,-3.0,442.3,0.28,0.01,0.00961334,-3.140275e-06,0.009613346,359.9813,0,0,0,0
1681346569.212237,-3.0,442.3,0.31,0.01,0.00961334,2.609297e-05,0.009613374,359.9813,0,0,0,0
1681346572.7553186,-3.0,442.3,0.33,0.01,0.00961334,-3.140275e-06,0.009598751,0.06850353,0,0,0,0
1681346576.3083866,-3.0,442.3,0.36,0.01,0.009598716,2.609297e-05,0.009613374,0.06850353,0,0,0,0
1681346579.8538337,-3.0,442.3,0.38,0.01,0.00961334,1.147635e-05,0.009598751,0.06850353,0,0,0,0
1681346583.4012764,-3.0,442.3,0.41,0.01,0.009598716,1.147635e-05,0.009627969,0.1555144,0,0,0,0
1681346586.9397533,-3.0,442.3,0.44,0.01,0.009584093,2.609297e-05,0.009598723,0.06850353,0,0,0,0
1681346590.505509,-3.0,442.3,0.46,0.01,0.00961334,-3.140275e-06,0.009613346,359.9813,0,0,0,0
1681346594.0628767,-3.0,442.3,0.49,0.01,0.009598716,1.147635e-05,0.009613374,0.1557514,0,0,0,0
1681346597.6041262,-3.0,442.3,0.51,0.01,0.009584093,2.609297e-05,0.009598723,0.1557514,0,0,0,0
1681346601.173391,-3.0,442.3,0.54,0.01,0.009598716,1.147635e-05,0.009613374,0.1557514,0,0,0,0
1681346604.7310286,-3.0,442.3,0.56,0.01,0.00961334,-1.77569e-05,0.009598723,0.06839932,0,0,0,0
1681346608.2700627,-3.0,442.3,0.59,0.01,0.00961334,2.609297e-05,0.009613374,0.1555144,0,0,0,0
1681346611.8405116,-3.0,442.3,0.62,0.01,0.009598716,2.609297e-05,0.009613374,0.2429985,0,0,0,0
1681346615.3834796,-3.0,442.3,0.64,0.01,0.00961334,1.147635e-05,0.009598716,359.9813,0,0,0,0
1681346618.915787,-3.0,442.3,0.67,0.01,0.00961334,1.147635e-05,0.009613341,0.1555144,0,0,0,0
1681346622.46516,-3.0,442.3,0.69,0.01,0.009598716,-3.140275e-06,0.009613346,0.06850353,0,0,0,0
1681346626.0272725,-3.0,442.3,0.72,0.01,0.00961334,2.609297e-05,0.009598723,0.1557514,0,0,0,0
1681346629.58436,-3.0,442.3,0.74,0.01,0.009598716,1.147635e-05,0.009613341,0.06850353,0,0,0,0
1681346633.133839,-3.0,442.3,0.77,0.01,0.009598716,-3.140275e-06,0.009598716,0.06860805,0,0,0,0
1681346636.6764338,-3.0,442.3,0.79,0.01,0.009598716,1.147635e-05,0.009613346,0.06850353,0,0,0,0
1681346640.2214267,-3.0,442.3,0.82,0.01,0.009598716,1.147635e-05,0.009613341,0.06850353,0,0,0,0
1681346643.788298,-3.0,442.3,0.85,0.01,0.009598716,1.147635e-05,0.009598723,0.06839932,0,0,0,0
1681346647.330316,-3.0,442.3,0.87,0.01,0.009598716,-3.140275e-06,0.009613356,0.1557514,0,0,0,0
1681346650.8751895,-3.0,442.3,0.9,0.01,0.009598716,1.147635e-05,0.009613346,0.1555144,0,0,0,0
1681346654.420259,-3.0,442.3,0.92,0.01,0.009598716,1.147635e-05,0.009598723,0.1557514,0,0,0,0
1681346657.96956,-3.0,442.3,0.95,0.01,0.00961334,2.609297e-05,0.009613346,0.1555144,0,0,0,0
1681346661.5266047,-3.0,442.3,0.97,0.01,0.009598716,1.147635e-05,0.009613346,0.06850353,0,0,0,0
1681346665.08742,-3.0,442.3,1.0,0.01,0.009598716,1.147635e-05,0.009613346,0.06839932,0,0,0,0
1681346668.6469252,-3.0,442.3,1.0,0.01,0.009598716,1.147635e-05,0.009598723,0.2429985,0,0,0,0
1681346672.1911378,-3.0,442.3,0.97,0.01,0.009598716,-3.140275e-06,0.009613346,0.06850353,0,0,0,0
1681346675.7582095,-3.0,442.3,0.95,0.01,0.009598716,1.147635e-05,0.009598723,359.9813,0,0,0,0
1681346679.2947373,-3.0,442.3,0.92,0.01,0.009627962,-3.140275e-06,0.009598751,0.1555144,0,0,0,0
1681346682.8502398,-3.0,442.3,0.9,0.01,0.009598716,-1.77569e-05,0.009613374,0.06850353,0,0,0,0
1681346686.4129565,-3.0,442.3,0.87,0.01,0.009598716,1.147635e-05,0.009613341,0.06850353,0,0,0,0
1681346689.9679701,-3.0,442.3,0.85,0.01,0.009584093,-3.140275e-06,0.009598723,0.1557514,0,0,0,0
1681346693.517422,-3.0,442.3,0.82,0.01,0.009598716,2.609297e-05,0.009598723,359.9813,0,0,0,0
1681346697.0697272,-3.0,442.3,0.79,0.01,0.009598716,-3.140275e-06,0.009598723,0.06850353,0,0,0,0
1681346700.626703,-3.0,442.3,0.77,0.01,0.00961334,-3.140275e-06,0.009598751,0.06850353,0,0,0,0
1681346704.16909,-3.0,442.3,0.74,0.01,0.009598716,2.609297e-05,0.009598723,359.9813,0,0,0,0
1681346707.71654,-3.0,442.3,0.72,0.01,0.009598716,1.147635e-05,0.009598716,359.9813,0,0,0,0
1681346711.2747993,-3.0,442.3,0.69,0.01,0.009598716,-3.140275e-06,0.009598716,359.9813,0,0,0,0
1681346714.8251264,-3.0,442.3,0.67,0.01,0.009598716,-3.140275e-06,0.009598751,0.06850353,0,0,0,0
1681346718.3785427,-3.0,442.3,0.64,0.01,0.009598716,-3.140275e-06,0.009598751,0.1557514,0,0,0,0
1681346721.9374254,-3.0,442.3,0.62,0.01,0.009598716,1.147635e-05,0.009598751,0.1557514,0,0,0,0
1681346725.4778624,-3.0,442.3,0.59,0.01,0.009584093,1.147635e-05,0.00958418,0.06839932,0,0,0,0
1681346729.0327327,-3.0,442.3,0.56,0.01,0.009598716,2.609297e-05,0.009598723,0.06850353,0,0,0,0
1681346732.5782893,-3.0,442.3,0.54,0.01,0.009584093,1.147635e-05,0.0095841,0.06860805,0,0,0,0
1681346736.1225734,-3.0,442.3,0.51,0.01,0.009598716,1.147635e-05,0.009598716,0.06850353,0,0,0,0
1681346739.683222,-3.0,442.3,0.49,0.01,0.009598716,2.609297e-05,0.009584128,0.155989,0,0,0,0
1681346743.2459254,-3.0,442.3,0.46,0.01,0.009584093,-3.140275e-06,0.009598723,359.9813,0,0,0,0
1681346746.798468,-3.0,442.3,0.44,0.01,0.009598716,2.609297e-05,0.009598751,359.894,0,0,0,0
1681346750.343136,-3.0,442.3,0.41,0.01,0.009598716,1.147635e-05,0.009598716,359.9813,0,0,0,0
1681346753.9027376,-3.0,442.3,0.38,0.01,0.009584093,1.147635e-05,0.009598751,359.9812,0,0,0,0
1681346757.4570794,-3.0,442.3,0.36,0.01,0.009598716,4.070959e-05,0.009613374,359.9813,0,0,0,0
1681346761.0238466,-3.0,442.3,0.33,0.01,0.009598716,2.609297e-05,0.009598723,359.9813,0,0,0,0
1681346764.5711062,-3.0,442.3,0.31,0.01,0.009598716,2.609297e-05,0.009598802,359.9813,0,0,0,0
1681346768.1138601,-3.0,442.3,0.28,0.01,0.009598716,2.609297e-05,0.009598723,0.06850353,0,0,0,0
1681346771.660509,-3.0,442.3,0.26,0.01,0.009598716,1.147635e-05,0.009598723,0.06850353,0,0,0,0
1681346775.2020235,-3.0,442.3,0.23,0.01,0.009584093,2.609297e-05,0.009613341,0.06850353,0,0,0,0
1681346778.7513216,-3.0,442.3,0.21,0.01,0.00961334,1.147635e-05,0.009598732,359.9813,0,0,0,0
1681346782.3119648,-3.0,442.3,0.18,0.01,0.009598716,-3.140275e-06,0.009598723,0.06860805,0,0,0,0
1681346785.8712275,-3.0,442.3,0.15,0.01,0.009598716,1.147635e-05,0.009598723,0.06839932,0,0,0,0
1681346789.4409068,-3.0,442.3,0.13,0.01,0.009598716,2.609297e-05,0.009613346,0.06860805,0,0,0,0
1681346792.994746,-3.0,442.3,0.1,0.01,0.009598716,1.147635e-05,0.009613346,359.9812,0,0,0,0
1681346796.5385296,-3.0,442.3,0.08,0.01,0.009598716,-1.77569e-05,0.009598751,359.9813,0,0,0,0
1681346800.0849676,-3.0,442.3,0.05,0.01,0.009598716,1.147635e-05,0.009598751,359.9813,0,0,0,0
1681346803.6139507,-3.0,442.3,0.03,0.01,0.009598716,1.147635e-05,0.009598732,0.1557514,0,0,0,0
1681346807.1708648,-3.0,442.3,0.0,0.01,0.009598716,1.147635e-05,0.009598723,0.1557514,0,0,0,0
1681346812.4498782,-2.3333333333333335,442.3,0.0,0.01,0.00961334,2.609297e-05,0.009598723,359.9813,0,0,0,0
1681346816.0010967,-2.3333333333333335,442.3,0.03,0.01,0.009598716,1.147635e-05,0.009613346,0.06850353,0,0,0,0
1681346819.548797,-2.3333333333333335,442.3,0.05,0.01,0.00961334,-3.140275e-06,0.009613341,0.06850353,0,0,0,0
1681346823.0849047,-2.3333333333333335,442.3,0.08,0.01,0.009598716,1.147635e-05,0.009613341,0.06839932,0,0,0,0
1681346826.632501,-2.3333333333333335,442.3,0.1,0.01,0.00961334,1.147635e-05,0.009598723,0.06850353,0,0,0,0
1681346830.1704226,-2.3333333333333335,442.3,0.13,0.01,0.00961334,1.147635e-05,0.009598751,359.9813,0,0,0,0
1681346833.723347,-2.3333333333333335,442.3,0.15,0.01,0.00961334,2.609297e-05,0.009613346,0.06839932,0,0,0,0
1681346837.2741103,-2.3333333333333335,442.3,0.18,0.01,0.00961334,1.147635e-05,0.009627969,0.06850353,0,0,0,0
1681346840.837227,-2.3333333333333335,442.3,0.21,0.01,0.00961334,1.147635e-05,0.009598751,0.06850353,0,0,0,0
1681346844.3981228,-2.3333333333333335,442.3,0.23,0.01,0.009598716,1.147635e-05,0.009613346,359.9813,0,0,0,0
1681346847.9675126,-2.3333333333333335,442.3,0.26,0.01,0.009627962,2.609297e-05,0.009613346,359.9813,0,0,0,0
1681346851.5111973,-2.3333333333333335,442.3,0.28,0.01,0.00961334,1.147635e-05,0.009613374,0.06829543,0,0,0,0
1681346855.0436828,-2.3333333333333335,442.3,0.31,0.01,0.00961334,1.147635e-05,0.009613346,0.06839932,0,0,0,0
1681346858.5761447,-2.3333333333333335,442.3,0.33,0.01,0.009598716,2.609297e-05,0.009598751,0.06850353,0,0,0,0
1681346862.1433039,-2.3333333333333335,442.3,0.36,0.01,0.00961334,1.147635e-05,0.009613374,0.2426289,0,0,0,0
1681346865.691636,-2.3333333333333335,442.3,0.38,0.01,0.009598716,2.609297e-05,0.009598751,0.1555144,0,0,0,0
1681346869.26442,-2.3333333333333335,442.3,0.41,0.01,0.00961334,1.147635e-05,0.009613346,359.9813,0,0,0,0
1681346872.8049145,-2.3333333333333335,442.3,0.44,0.01,0.009598716,-3.140275e-06,0.009613374,0.06850353,0,0,0,0
1681346876.344346,-2.3333333333333335,442.3,0.46,0.01,0.00961334,1.147635e-05,0.009613346,0.06839932,0,0,0,0
1681346879.8989606,-2.3333333333333335,442.3,0.49,0.01,0.00961334,-3.140275e-06,0.009627969,0.06850353,0,0,0,0
1681346883.4447203,-2.3333333333333335,442.3,0.51,0.01,0.009598716,2.609297e-05,0.009613346,0.06829543,0,0,0,0
1681346887.013042,-2.3333333333333335,442.3,0.54,0.01,0.009598716,4.070959e-05,0.009598723,0.06850353,0,0,0,0
1681346890.5682254,-2.3333333333333335,442.3,0.56,0.01,0.00961334,-1.77569e-05,0.009627969,359.9813,0,0,0,0
1681346894.139074,-2.3333333333333335,442.3,0.59,0.01,0.00961334,1.147635e-05,0.009613341,0.1555144,0,0,0,0
1681346897.6827612,-2.3333333333333335,442.3,0.62,0.01,0.00961334,2.609297e-05,0.009584094,359.9813,0,0,0,0
1681346901.22102,-2.3333333333333335,442.3,0.64,0.01,0.009598716,1.147635e-05,0.009584128,0.06850353,0,0,0,0
1681346904.7931669,-2.3333333333333335,442.3,0.67,0.01,0.009598716,1.147635e-05,0.009613346,0.1555144,0,0,0,0
1681346908.329789,-2.3333333333333335,442.3,0.69,0.01,0.009598716,1.147635e-05,0.009613346,0.06839932,0,0,0,0
1681346911.8857317,-2.3333333333333335,442.3,0.72,0.01,0.009598716,-3.140275e-06,0.009613346,359.9813,0,0,0,0
1681346915.4215746,-2.3333333333333335,442.3,0.74,0.01,0.009598716,1.147635e-05,0.009613346,359.9813,0,0,0,0
1681346918.962581,-2.3333333333333335,442.3,0.77,0.01,0.00961334,1.147635e-05,0.009613374,0.06839932,0,0,0,0
1681346922.5059571,-2.3333333333333335,442.3,0.79,0.01,0.00961334,1.147635e-05,0.009613346,0.06839932,0,0,0,0
1681346926.0719976,-2.3333333333333335,442.3,0.82,0.01,0.00961334,1.147635e-05,0.009598723,0.06850353,0,0,0,0
1681346929.6225924,-2.3333333333333335,442.3,0.85,0.01,0.00961334,1.147635e-05,0.009598723,0.1555144,0,0,0,0
1681346933.1728356,-2.3333333333333335,442.3,0.87,0.01,0.00961334,1.147635e-05,0.009613374,359.9813,0,0,0,0
1681346936.741942,-2.3333333333333335,442.3,0.9,0.01,0.009598716,1.147635e-05,0.009598716,0.1555144,0,0,0,0
1681346940.2987223,-2.3333333333333335,442.3,0.92,0.01,0.00961334,1.147635e-05,0.009613341,359.9813,0,0,0,0
1681346943.8379147,-2.3333333333333335,442.3,0.95,0.01,0.009598716,-3.140275e-06,0.009598723,0.1557514,0,0,0,0
1681346947.388864,-2.3333333333333335,442.3,0.97,0.01,0.009598716,1.147635e-05,0.009613346,0.2429985,0,0,0,0
1681346950.9504542,-2.3333333333333335,442.3,1.0,0.01,0.009598716,1.147635e-05,0.009598751,0.06839932,0,0,0,0
1681346954.495578,-2.3333333333333335,442.3,1.0,0.01,0.009598716,-3.140275e-06,0.009598723,0.1555144,0,0,0,0
1681346958.0652869,-2.3333333333333335,442.3,0.97,0.01,0.009598716,1.147635e-05,0.009598751,0.06839932,0,0,0,0
1681346961.6037097,-2.3333333333333335,442.3,0.95,0.01,0.00961334,1.147635e-05,0.009598723,0.06850353,0,0,0,0
1681346965.169198,-2.3333333333333335,442.3,0.92,0.01,0.009598716,1.147635e-05,0.009598802,359.9813,0,0,0,0
1681346968.710843,-2.3333333333333335,442.3,0.9,0.01,0.009598716,1.147635e-05,0.009598716,0.06839932,0,0,0,0
1681346972.2814825,-2.3333333333333335,442.3,0.87,0.01,0.009598716,1.147635e-05,0.009598751,0.06860805,0,0,0,0
1681346975.8330839,-2.3333333333333335,442.3,0.85,0.01,0.009598716,-3.140275e-06,0.009598723,0.06850353,0,0,0,0
1681346979.375235,-2.3333333333333335,442.3,0.82,0.01,0.009598716,1.147635e-05,0.009598723,0.06850353,0,0,0,0
1681346982.924171,-2.3333333333333335,442.3,0.79,0.01,0.009598716,1.147635e-05,0.009598723,359.9813,0,0,0,0
1681346986.47656,-2.3333333333333335,442.3,0.77,0.01,0.009598716,1.147635e-05,0.009598723,0.06850353,0,0,0,0
1681346990.0352716,-2.3333333333333335,442.3,0.74,0.01,0.009598716,1.147635e-05,0.009584094,359.9813,0,0,0,0
1681346993.559594,-2.3333333333333335,442.3,0.72,0.01,0.009598716,1.147635e-05,0.009598723,0.1557514,0,0,0,0
1681346997.1065173,-2.3333333333333335,442.3,0.69,0.01,0.009598716,1.147635e-05,0.009598723,0.06850353,0,0,0,0
1681347000.6646223,-2.3333333333333335,442.3,0.67,0.01,0.00961334,1.147635e-05,0.009598716,359.9812,0,0,0,0
1681347004.1917417,-2.3333333333333335,442.3,0.64,0.01,0.00961334,1.147635e-05,0.009598723,0.06860805,0,0,0,0
1681347007.7542899,-2.3333333333333335,442.3,0.62,0.01,0.009598716,-3.140275e-06,0.009598723,0.1557514,0,0,0,0
1681347011.29272,-2.3333333333333335,442.3,0.59,0.01,0.009584093,1.147635e-05,0.009613341,359.9813,0,0,0,0
1681347014.8594813,-2.3333333333333335,442.3,0.56,0.01,0.009598716,-3.140275e-06,0.009598751,0.06850353,0,0,0,0
1681347018.419783,-2.3333333333333335,442.3,0.54,0.01,0.009598716,-3.140275e-06,0.009598716,359.8939,0,0,0,0
1681347021.9647276,-2.3333333333333335,442.3,0.51,0.01,0.009598716,1.147635e-05,0.009598723,0.06850353,0,0,0,0
1681347025.4811482,-2.3333333333333335,442.3,0.49,0.01,0.009598716,1.147635e-05,0.009598723,0.06860805,0,0,0,0
1681347029.039027,-2.3333333333333335,442.3,0.46,0.01,0.009598716,-3.140275e-06,0.009598723,359.9813,0,0,0,0
1681347032.572489,-2.3333333333333335,442.3,0.44,0.01,0.00961334,1.147635e-05,0.009598723,0.06850353,0,0,0,0
1681347036.1211367,-2.3333333333333335,442.3,0.41,0.01,0.009598716,-3.140275e-06,0.0095841,359.9813,0,0,0,0
1681347039.6771033,-2.3333333333333335,442.3,0.38,0.01,0.009598716,-3.140275e-06,0.0095841,0.155989,0,0,0,0
1681347043.226638,-2.3333333333333335,442.3,0.36,0.01,0.009598716,1.147635e-05,0.0095841,0.06850353,0,0,0,0
1681347046.779008,-2.3333333333333335,442.3,0.33,0.01,0.009598716,1.147635e-05,0.009598723,359.9813,0,0,0,0
1681347050.314256,-2.3333333333333335,442.3,0.31,0.01,0.009598716,-3.140275e-06,0.009598802,359.9813,0,0,0,0
1681347053.8756561,-2.3333333333333335,442.3,0.28,0.01,0.009598716,1.147635e-05,0.009613341,0.1557514,0,0,0,0
1681347057.4126747,-2.3333333333333335,442.3,0.26,0.01,0.009598716,2.609297e-05,0.009598716,0.06860805,0,0,0,0
1681347060.9672034,-2.3333333333333335,442.3,0.23,0.01,0.00961334,1.147635e-05,0.009598723,0.1557514,0,0,0,0
1681347064.514979,-2.3333333333333335,442.3,0.21,0.01,0.009598716,-3.140275e-06,0.009598723,359.9813,0,0,0,0
1681347068.0526154,-2.3333333333333335,442.3,0.18,0.01,0.009584093,1.147635e-05,0.0095841,0.06839932,0,0,0,0
1681347071.5873203,-2.3333333333333335,442.3,0.15,0.01,0.009584093,1.147635e-05,0.009598716,359.9813,0,0,0,0
1681347075.1528592,-2.3333333333333335,442.3,0.13,0.01,0.009598716,4.070959e-05,0.009598723,0.1557514,0,0,0,0
1681347078.6933954,-2.3333333333333335,442.3,0.1,0.01,0.009598716,-3.140275e-06,0.009598751,0.06860805,0,0,0,0
1681347082.2527256,-2.3333333333333335,442.3,0.08,0.01,0.009598716,-3.140275e-06,0.009598716,0.06850353,0,0,0,0
1681347085.7966027,-2.3333333333333335,442.3,0.05,0.01,0.009598716,-3.140275e-06,0.009584128,0.06850353,0,0,0,0
1681347089.3539565,-2.3333333333333335,442.3,0.03,0.01,0.009598716,-3.140275e-06,0.009598723,359.9813,0,0,0,0
1681347092.897343,-2.3333333333333335,442.3,0.0,0.01,0.009598716,-3.140275e-06,0.009613341,0.1555144,0,0,0,0
1681347098.1868722,-1.6666666666666667,442.3,0.0,0.01,0.009598716,-3.140275e-06,0.009613341,0.06850353,0,0,0,0
1681347101.7041862,-1.6666666666666667,442.3,0.03,0.01,0.009598716,1.147635e-05,0.009598723,359.9813,0,0,0,0
1681347105.2688677,-1.6666666666666667,442.3,0.05,0.01,0.009627962,2.609297e-05,0.009613341,0.1555144,0,0,0,0
1681347108.81827,-1.6666666666666667,442.3,0.08,0.01,0.009598716,1.147635e-05,0.009627969,0.06839932,0,0,0,0
1681347112.3571715,-1.6666666666666667,442.3,0.1,0.01,0.00961334,1.147635e-05,0.009613346,0.06839932,0,0,0,0
1681347115.904942,-1.6666666666666667,442.3,0.13,0.01,0.009598716,1.147635e-05,0.009598723,0.06850353,0,0,0,0
1681347119.4452033,-1.6666666666666667,442.3,0.15,0.01,0.009598716,1.147635e-05,0.009613346,0.1555144,0,0,0,0
1681347123.0044963,-1.6666666666666667,442.3,0.18,0.01,0.00961334,1.147635e-05,0.009598723,0.06839932,0,0,0,0
1681347126.5594947,-1.6666666666666667,442.3,0.21,0.01,0.009598716,1.147635e-05,0.009627969,0.1555144,0,0,0,0
1681347130.1096318,-1.6666666666666667,442.3,0.23,0.01,0.009598716,1.147635e-05,0.009598723,0.06839932,0,0,0,0
1681347133.668064,-1.6666666666666667,442.3,0.26,0.01,0.00961334,1.147635e-05,0.009627997,359.9813,0,0,0,0
1681347137.2213597,-1.6666666666666667,442.3,0.28,0.01,0.00961334,4.070959e-05,0.009598716,0.06839932,0,0,0,0
1681347140.7837136,-1.6666666666666667,442.3,0.31,0.01,0.009598716,-1.77569e-05,0.009613346,0.06839932,0,0,0,0
1681347144.3337266,-1.6666666666666667,442.3,0.33,0.01,0.009598716,1.147635e-05,0.009613346,0.1555144,0,0,0,0
1681347147.867387,-1.6666666666666667,442.3,0.36,0.01,0.00961334,2.609297e-05,0.009598723,0.1557514,0,0,0,0
1681347151.4220073,-1.6666666666666667,442.3,0.38,0.01,0.00961334,-3.140275e-06,0.009627997,0.06850353,0,0,0,0
1681347154.9754212,-1.6666666666666667,442.3,0.41,0.01,0.00961334,1.147635e-05,0.009613346,0.06839932,0,0,0,0
1681347158.538754,-1.6666666666666667,442.3,0.44,0.01,0.00961334,1.147635e-05,0.009613374,0.1557514,0,0,0,0
1681347162.0997612,-1.6666666666666667,442.3,0.46,0.01,0.009598716,1.147635e-05,0.009584094,0.06839932,0,0,0,0
1681347165.6732085,-1.6666666666666667,442.3,0.49,0.01,0.009598716,2.609297e-05,0.009613346,0.06839932,0,0,0,0
1681347169.2323725,-1.6666666666666667,442.3,0.51,0.01,0.00961334,2.609297e-05,0.009613374,0.06839932,0,0,0,0
1681347172.7618284,-1.6666666666666667,442.3,0.54,0.01,0.00961334,2.609297e-05,0.009598723,359.9813,0,0,0,0
1681347176.2895074,-1.6666666666666667,442.3,0.56,0.01,0.00961334,-3.140275e-06,0.009613341,0.2426289,0,0,0,0
1681347179.8308423,-1.6666666666666667,442.3,0.59,0.01,0.00961334,-3.140275e-06,0.009613346,0.06839932,0,0,0,0
1681347183.3604345,-1.6666666666666667,442.3,0.62,0.01,0.00961334,-3.140275e-06,0.009598723,0.1555144,0,0,0,0
1681347186.9011986,-1.6666666666666667,442.3,0.64,0.01,0.00961334,1.147635e-05,0.009613356,359.9813,0,0,0,0
1681347190.4491043,-1.6666666666666667,442.3,0.67,0.01,0.00961334,1.147635e-05,0.009613346,359.9813,0,0,0,0
1681347194.01381,-1.6666666666666667,442.3,0.69,0.01,0.00961334,1.147635e-05,0.009613346,0.06850353,0,0,0,0
1681347197.54785,-1.6666666666666667,442.3,0.72,0.01,0.00961334,2.609297e-05,0.009598716,0.1555144,0,0,0,0
1681347201.1050675,-1.6666666666666667,442.3,0.74,0.01,0.009598716,-1.77569e-05,0.009598751,0.06839932,0,0,0,0
1681347204.664262,-1.6666666666666667,442.3,0.77,0.01,0.00961334,1.147635e-05,0.009613346,0.06839932,0,0,0,0
1681347208.2226598,-1.6666666666666667,442.3,0.79,0.01,0.009598716,1.147635e-05,0.009627962,0.1555144,0,0,0,0
1681347211.7751942,-1.6666666666666667,442.3,0.82,0.01,0.009598716,-3.140275e-06,0.009598751,0.06850353,0,0,0,0
1681347215.3175616,-1.6666666666666667,442.3,0.85,0.01,0.009598716,1.147635e-05,0.009613374,0.06839932,0,0,0,0
1681347218.8757732,-1.6666666666666667,442.3,0.87,0.01,0.00961334,2.609297e-05,0.009598751,0.06850353,0,0,0,0
1681347222.4249473,-1.6666666666666667,442.3,0.9,0.01,0.00961334,1.147635e-05,0.009613346,0.06850353,0,0,0,0
1681347225.978982,-1.6666666666666667,442.3,0.92,0.01,0.00961334,1.147635e-05,0.009613374,359.9813,0,0,0,0
1681347229.542158,-1.6666666666666667,442.3,0.95,0.01,0.009598716,1.147635e-05,0.009613346,0.06839932,0,0,0,0
1681347233.1141942,-1.6666666666666667,442.3,0.97,0.01,0.009598716,1.147635e-05,0.009613374,359.9813,0,0,0,0
1681347236.6423483,-1.6666666666666667,442.3,1.0,0.01,0.009598716,-3.140275e-06,0.009598751,0.06850353,0,0,0,0
1681347240.1884613,-1.6666666666666667,442.3,1.0,0.01,0.009598716,-1.77569e-05,0.009613374,0.1555144,0,0,0,0
1681347243.7324533,-1.6666666666666667,442.3,0.97,0.01,0.00961334,1.147635e-05,0.009598716,0.1557514,0,0,0,0
1681347247.2876885,-1.6666666666666667,442.3,0.95,0.01,0.009598716,2.609297e-05,0.009598723,0.1557514,0,0,0,0
1681347250.8341784,-1.6666666666666667,442.3,0.92,0.01,0.009598716,1.147635e-05,0.009598751,0.1555144,0,0,0,0
1681347254.386642,-1.6666666666666667,442.3,0.9,0.01,0.009598716,2.609297e-05,0.009613374,0.2429985,0,0,0,0
1681347257.9368174,-1.6666666666666667,442.3,0.87,0.01,0.009598716,1.147635e-05,0.0095841,359.9812,0,0,0,0
1681347261.48393,-1.6666666666666667,442.3,0.85,0.01,0.00961334,1.147635e-05,0.009598723,0.06839932,0,0,0,0
1681347265.0497127,-1.6666666666666667,442.3,0.82,0.01,0.00961334,1.147635e-05,0.009598751,0.1557514,0,0,0,0
1681347268.6039495,-1.6666666666666667,442.3,0.79,0.01,0.009598716,1.147635e-05,0.009598751,0.06850353,0,0,0,0
1681347272.1390994,-1.6666666666666667,442.3,0.77,0.01,0.009598716,2.609297e-05,0.009598723,359.9813,0,0,0,0
1681347275.6925309,-1.6666666666666667,442.3,0.74,0.01,0.009598716,1.147635e-05,0.009598723,0.06850353,0,0,0,0
1681347279.2467983,-1.6666666666666667,442.3,0.72,0.01,0.00961334,1.147635e-05,0.009598716,359.9813,0,0,0,0
1681347282.806682,-1.6666666666666667,442.3,0.69,0.01,0.009598716,-1.77569e-05,0.009598716,359.9813,0,0,0,0
1681347286.372608,-1.6666666666666667,442.3,0.67,0.01,0.009598716,-3.140275e-06,0.009584094,0.06850353,0,0,0,0
1681347289.9302878,-1.6666666666666667,442.3,0.64,0.01,0.009598716,2.609297e-05,0.009598723,0.06850353,0,0,0,0
1681347293.4513187,-1.6666666666666667,442.3,0.62,0.01,0.009598716,1.147635e-05,0.009598723,0.06850353,0,0,0,0
1681347297.0115883,-1.6666666666666667,442.3,0.59,0.01,0.009598716,-3.140275e-06,0.009598716,359.9812,0,0,0,0
1681347300.5550225,-1.6666666666666667,442.3,0.56,0.01,0.009584093,1.147635e-05,0.009598723,0.06850353,0,0,0,0
1681347304.108722,-1.6666666666666667,442.3,0.54,0.01,0.00961334,-3.140275e-06,0.009598723,0.06850353,0,0,0,0
1681347307.6590703,-1.6666666666666667,442.3,0.51,0.01,0.009598716,1.147635e-05,0.009613346,359.9813,0,0,0,0
1681347311.2174075,-1.6666666666666667,442.3,0.49,0.01,0.009598716,1.147635e-05,0.009598723,359.9813,0,0,0,0
1681347314.7868292,-1.6666666666666667,442.3,0.46,0.01,0.009598716,1.147635e-05,0.0095841,359.9813,0,0,0,0
1681347318.3424523,-1.6666666666666667,442.3,0.44,0.01,0.009598716,1.147635e-05,0.009598716,0.06850353,0,0,0,0
1681347321.8890338,-1.6666666666666667,442.3,0.41,0.01,0.009598716,2.609297e-05,0.009598751,0.06850353,0,0,0,0
1681347325.4315817,-1.6666666666666667,442.3,0.38,0.01,0.009584093,1.147635e-05,0.009613341,0.06850353,0,0,0,0
1681347328.971041,-1.6666666666666667,442.3,0.36,0.01,0.00961334,2.609297e-05,0.009613346,359.9813,0,0,0,0
1681347332.517256,-1.6666666666666667,442.3,0.33,0.01,0.009598716,1.147635e-05,0.009613346,0.2429985,0,0,0,0
1681347336.0830023,-1.6666666666666667,442.3,0.31,0.01,0.009598716,1.147635e-05,0.009598751,0.1557514,0,0,0,0
1681347339.6294534,-1.6666666666666667,442.3,0.28,0.01,0.009598716,2.609297e-05,0.009584094,0.06850353,0,0,0,0
1681347343.1819084,-1.6666666666666667,442.3,0.26,0.01,0.009598716,1.147635e-05,0.009613341,0.06850353,0,0,0,0
1681347346.7373736,-1.6666666666666667,442.3,0.23,0.01,0.009584093,-3.140275e-06,0.009598751,0.1555144,0,0,0,0
1681347350.286897,-1.6666666666666667,442.3,0.21,0.01,0.009584093,-3.140275e-06,0.009598723,359.9813,0,0,0,0
1681347353.8408794,-1.6666666666666667,442.3,0.18,0.01,0.009598716,4.070959e-05,0.009598723,0.06860805,0,0,0,0
1681347357.3855188,-1.6666666666666667,442.3,0.15,0.01,0.009584093,2.609297e-05,0.009613346,0.06860805,0,0,0,0
1681347360.933289,-1.6666666666666667,442.3,0.13,0.01,0.009598716,1.147635e-05,0.009598723,359.9813,0,0,0,0
1681347364.4904373,-1.6666666666666667,442.3,0.1,0.01,0.009598716,-3.140275e-06,0.009598716,0.06850353,0,0,0,0
1681347368.0421846,-1.6666666666666667,442.3,0.08,0.01,0.00961334,1.147635e-05,0.009598716,0.06850353,0,0,0,0
1681347371.5787108,-1.6666666666666667,442.3,0.05,0.01,0.009598716,1.147635e-05,0.009598723,359.9813,0,0,0,0
1681347375.1169012,-1.6666666666666667,442.3,0.03,0.01,0.009598716,1.147635e-05,0.009613374,359.9813,0,0,0,0
1681347378.6901653,-1.6666666666666667,442.3,0.0,0.01,0.009598716,1.147635e-05,0.009598723,0.06839932,0,0,0,0
1681347383.9655704,-1.0,442.3,0.0,0.01,0.009598716,-3.140275e-06,0.009598723,0.06839932,0,0,0,0
1681347387.5191565,-1.0,442.3,0.03,0.01,0.00961334,1.147635e-05,0.009613346,0.06839932,0,0,0,0
1681347391.0761745,-1.0,442.3,0.05,0.01,0.00961334,2.609297e-05,0.009613356,0.06839932,0,0,0,0
1681347394.6331038,-1.0,442.3,0.08,0.01,0.00961334,1.147635e-05,0.009613374,0.06839932,0,0,0,0
1681347398.1942508,-1.0,442.3,0.1,0.01,0.00961334,1.147635e-05,0.009613374,359.9813,0,0,0,0
1681347401.7498298,-1.0,442.3,0.13,0.01,0.00961334,1.147635e-05,0.009613346,0.1552783,0,0,0,0
1681347405.2968695,-1.0,442.3,0.15,0.01,0.00961334,-3.140275e-06,0.009613346,0.1555144,0,0,0,0
1681347408.8352404,-1.0,442.3,0.18,0.01,0.00961334,-3.140275e-06,0.009613374,0.06850353,0,0,0,0
1681347412.3796434,-1.0,442.3,0.21,0.01,0.009598716,1.147635e-05,0.009613346,0.1555144,0,0,0,0
1681347415.9251568,-1.0,442.3,0.23,0.01,0.009627962,1.147635e-05,0.009598723,0.06839932,0,0,0,0
1681347419.4647646,-1.0,442.3,0.26,0.01,0.00961334,1.147635e-05,0.009613346,359.9813,0,0,0,0
1681347423.0066197,-1.0,442.3,0.28,0.01,0.00961334,2.609297e-05,0.009613341,0.1552783,0,0,0,0
1681347426.5663016,-1.0,442.3,0.31,0.01,0.00961334,1.147635e-05,0.009598723,0.06839932,0,0,0,0
1681347430.1410668,-1.0,442.3,0.33,0.01,0.00961334,1.147635e-05,0.009613341,0.1557514,0,0,0,0
1681347433.7015767,-1.0,442.3,0.36,0.01,0.00961334,1.147635e-05,0.009613346,0.06829543,0,0,0,0
1681347437.2466147,-1.0,442.3,0.38,0.01,0.00961334,1.147635e-05,0.009613346,0.1555144,0,0,0,0
1681347440.7883768,-1.0,442.3,0.41,0.01,0.00961334,1.147635e-05,0.009613346,0.1555144,0,0,0,0
1681347444.3476768,-1.0,442.3,0.44,0.01,0.00961334,1.147635e-05,0.009613346,0.06839932,0,0,0,0
1681347447.8968256,-1.0,442.3,0.46,0.01,0.00961334,4.070959e-05,0.009613346,0.06839932,0,0,0,0
1681347451.435357,-1.0,442.3,0.49,0.01,0.009627962,1.147635e-05,0.009598751,359.9813,0,0,0,0
1681347454.9933615,-1.0,442.3,0.51,0.01,0.00961334,1.147635e-05,0.009613346,0.06839932,0,0,0,0
1681347458.5482142,-1.0,442.3,0.54,0.01,0.00961334,4.070959e-05,0.009613346,0.06850353,0,0,0,0
1681347462.1056256,-1.0,442.3,0.56,0.01,0.00961334,1.147635e-05,0.009627962,0.1555144,0,0,0,0
1681347465.6654663,-1.0,442.3,0.59,0.01,0.009598716,1.147635e-05,0.009613425,0.1555144,0,0,0,0
1681347469.2058253,-1.0,442.3,0.62,0.01,0.00961334,1.147635e-05,0.009613346,0.06829543,0,0,0,0
1681347472.7757447,-1.0,442.3,0.64,0.01,0.009598716,1.147635e-05,0.009598716,359.9813,0,0,0,0
1681347476.3438976,-1.0,442.3,0.67,0.01,0.009598716,2.609297e-05,0.009598723,359.9813,0,0,0,0
1681347479.893821,-1.0,442.3,0.69,0.01,0.00961334,-3.140275e-06,0.009613374,0.06850353,0,0,0,0
1681347483.454911,-1.0,442.3,0.72,0.01,0.00961334,1.147635e-05,0.009613374,0.06839932,0,0,0,0
1681347487.006503,-1.0,442.3,0.74,0.01,0.00961334,2.609297e-05,0.009613374,0.1552783,0,0,0,0
1681347490.5573568,-1.0,442.3,0.77,0.01,0.00961334,-3.140275e-06,0.009613346,0.06839932,0,0,0,0
1681347494.1197271,-1.0,442.3,0.79,0.01,0.009598716,1.147635e-05,0.009613346,0.06839932,0,0,0,0
1681347497.6436744,-1.0,442.3,0.82,0.01,0.009598716,-3.140275e-06,0.009613374,0.06839932,0,0,0,0
1681347501.1841135,-1.0,442.3,0.85,0.01,0.00961334,2.609297e-05,0.009613346,0.06839932,0,0,0,0
1681347504.7339835,-1.0,442.3,0.87,0.01,0.009598716,1.147635e-05,0.009613346,0.1555144,0,0,0,0
1681347508.2813134,-1.0,442.3,0.9,0.01,0.00961334,-3.140275e-06,0.009598723,0.06850353,0,0,0,0
1681347511.8324654,-1.0,442.3,0.92,0.01,0.009584093,1.147635e-05,0.009598723,0.06829543,0,0,0,0
1681347515.3696315,-1.0,442.3,0.95,0.01,0.009598716,-1.77569e-05,0.009598751,0.1557514,0,0,0,0
1681347518.9403117,-1.0,442.3,0.97,0.01,0.00961334,1.147635e-05,0.009613346,0.1557514,0,0,0,0
1681347522.5092494,-1.0,442.3,1.0,0.01,0.00961334,-3.140275e-06,0.009613346,0.1552783,0,0,0,0
1681347526.0532022,-1.0,442.3,1.0,0.01,0.00961334,2.609297e-05,0.009598723,0.06839932,0,0,0,0
1681347529.5918393,-1.0,442.3,0.97,0.01,0.00961334,2.609297e-05,0.009598716,0.06839932,0,0,0,0
1681347533.1242228,-1.0,442.3,0.95,0.01,0.00961334,1.147635e-05,0.009613374,0.06860805,0,0,0,0
1681347536.6613002,-1.0,442.3,0.92,0.01,0.00961334,1.147635e-05,0.009598751,0.06839932,0,0,0,0
1681347540.2148824,-1.0,442.3,0.9,0.01,0.00961334,1.147635e-05,0.009598723,359.9813,0,0,0,0
1681347543.749611,-1.0,442.3,0.87,0.01,0.00961334,1.147635e-05,0.009613374,0.06850353,0,0,0,0
1681347547.3131704,-1.0,442.3,0.85,0.01,0.009598716,1.147635e-05,0.009598716,0.06850353,0,0,0,0
1681347550.882713,-1.0,442.3,0.82,0.01,0.009598716,1.147635e-05,0.009584128,0.1557514,0,0,0,0
1681347554.4434102,-1.0,442.3,0.79,0.01,0.009598716,2.609297e-05,0.009584094,359.9813,0,0,0,0
1681347557.9868808,-1.0,442.3,0.77,0.01,0.009598716,1.147635e-05,0.009598751,0.06850353,0,0,0,0
1681347561.5508153,-1.0,442.3,0.74,0.01,0.009598716,-3.140275e-06,0.009598723,0.155989,0,0,0,0
1681347565.1035008,-1.0,442.3,0.72,0.01,0.009598716,-3.140275e-06,0.009613374,0.06850353,0,0,0,0
1681347568.6625073,-1.0,442.3,0.69,0.01,0.009598716,1.147635e-05,0.009613346,0.1557514,0,0,0,0
1681347572.1914477,-1.0,442.3,0.67,0.01,0.009598716,-3.140275e-06,0.009613346,359.9813,0,0,0,0
1681347575.760267,-1.0,442.3,0.64,0.01,0.00961334,1.147635e-05,0.009598723,359.9812,0,0,0,0
1681347579.3245456,-1.0,442.3,0.62,0.01,0.009598716,1.147635e-05,0.009598751,0.155989,0,0,0,0
1681347582.8693717,-1.0,442.3,0.59,0.01,0.009598716,1.147635e-05,0.009598716,0.06850353,0,0,0,0
1681347586.4225588,-1.0,442.3,0.56,0.01,0.009584093,1.147635e-05,0.0095841,359.9813,0,0,0,0
1681347589.973426,-1.0,442.3,0.54,0.01,0.009598716,1.147635e-05,0.009598716,0.06839932,0,0,0,0
1681347593.520198,-1.0,442.3,0.51,0.01,0.009598716,1.147635e-05,0.009598723,359.9813,0,0,0,0
1681347597.0648813,-1.0,442.3,0.49,0.01,0.009598716,1.147635e-05,0.009598723,0.1557514,0,0,0,0
1681347600.608967,-1.0,442.3,0.46,0.01,0.009598716,-3.140275e-06,0.009613346,359.9813,0,0,0,0
1681347604.1514013,-1.0,442.3,0.44,0.01,0.009598716,2.609297e-05,0.009598716,359.9813,0,0,0,0
1681347607.6983669,-1.0,442.3,0.41,0.01,0.009598716,1.147635e-05,0.009598723,0.1557514,0,0,0,0
1681347611.259895,-1.0,442.3,0.38,0.01,0.009598716,-3.140275e-06,0.009598723,0.06850353,0,0,0,0
1681347614.796764,-1.0,442.3,0.36,0.01,0.009598716,-3.140275e-06,0.009598723,0.06850353,0,0,0,0
1681347618.349515,-1.0,442.3,0.33,0.01,0.009598716,-3.140275e-06,0.009613374,0.06839932,0,0,0,0
1681347621.8834064,-1.0,442.3,0.31,0.01,0.009598716,1.147635e-05,0.009613346,0.06850353,0,0,0,0
1681347625.4544392,-1.0,442.3,0.28,0.01,0.00961334,2.609297e-05,0.009598723,0.1557514,0,0,0,0
1681347629.006204,-1.0,442.3,0.26,0.01,0.00961334,-3.140275e-06,0.009598751,359.9813,0,0,0,0
1681347632.564294,-1.0,442.3,0.23,0.01,0.009598716,-3.140275e-06,0.009613374,0.06839932,0,0,0,0
1681347636.1403754,-1.0,442.3,0.21,0.01,0.009598716,1.147635e-05,0.009598716,0.06839932,0,0,0,0
1681347639.6683571,-1.0,442.3,0.18,0.01,0.009598716,2.609297e-05,0.009598751,0.06850353,0,0,0,0
1681347643.210826,-1.0,442.3,0.15,0.01,0.009598716,-3.140275e-06,0.009598751,0.06850353,0,0,0,0
1681347646.7741334,-1.0,442.3,0.13,0.01,0.009598716,-3.140275e-06,0.009613374,359.9813,0,0,0,0
1681347650.3305588,-1.0,442.3,0.1,0.01,0.00961334,-3.140275e-06,0.009598723,0.06850353,0,0,0,0
1681347653.8727348,-1.0,442.3,0.08,0.01,0.009598716,2.609297e-05,0.009598716,0.06850353,0,0,0,0
1681347657.4374137,-1.0,442.3,0.05,0.01,0.00961334,2.609297e-05,0.0095841,0.06850353,0,0,0,0
1681347660.9818442,-1.0,442.3,0.03,0.01,0.009598716,1.147635e-05,0.009627969,0.1557514,0,0,0,0
1681347664.5225668,-1.0,442.3,0.0,0.01,0.00961334,1.147635e-05,0.009584128,0.155989,0,0,0,0
1681347669.7780542,-0.3333333333333335,442.3,0.0,0.01,0.00961334,-3.140275e-06,0.009613374,0.06839932,0,0,0,0
1681347673.3244426,-0.3333333333333335,442.3,0.03,0.01,0.00961334,1.147635e-05,0.009598716,0.1555144,0,0,0,0
1681347676.8956766,-0.3333333333333335,442.3,0.05,0.01,0.009598716,1.147635e-05,0.009613346,359.9813,0,0,0,0
1681347680.4375093,-0.3333333333333335,442.3,0.08,0.01,0.00961334,1.147635e-05,0.009613346,0.06839932,0,0,0,0
1681347683.993119,-0.3333333333333335,442.3,0.1,0.01,0.00961334,-3.140275e-06,0.009598716,0.06829543,0,0,0,0
1681347687.5528083,-0.3333333333333335,442.3,0.13,0.01,0.00961334,1.147635e-05,0.009613374,0.1557514,0,0,0,0
1681347691.108888,-0.3333333333333335,442.3,0.15,0.01,0.00961334,1.147635e-05,0.009627997,0.06829543,0,0,0,0
1681347694.6630843,-0.3333333333333335,442.3,0.18,0.01,0.009627962,1.147635e-05,0.009613346,0.1555144,0,0,0,0
1681347698.2096045,-0.3333333333333335,442.3,0.21,0.01,0.009627962,-3.140275e-06,0.009613346,0.06850353,0,0,0,0
1681347701.7705555,-0.3333333333333335,442.3,0.23,0.01,0.009627962,1.147635e-05,0.009613346,0.06829543,0,0,0,0
1681347705.3277643,-0.3333333333333335,442.3,0.26,0.01,0.00961334,-3.140275e-06,0.009613498,0.06850353,0,0,0,0
1681347708.8741221,-0.3333333333333335,442.3,0.28,0.01,0.00961334,-3.140275e-06,0.009613346,0.2426289,0,0,0,0
1681347712.4382496,-0.3333333333333335,442.3,0.31,0.01,0.00961334,1.147635e-05,0.009613346,0.06839932,0,0,0,0
1681347715.9912128,-0.3333333333333335,442.3,0.33,0.01,0.00961334,2.609297e-05,0.009613346,0.06850353,0,0,0,0
1681347719.5597036,-0.3333333333333335,442.3,0.36,0.01,0.00961334,1.147635e-05,0.009613374,0.06829543,0,0,0,0
1681347723.1045973,-0.3333333333333335,442.3,0.38,0.01,0.009627962,-3.140275e-06,0.009627969,0.06829543,0,0,0,0
1681347726.6699166,-0.3333333333333335,442.3,0.41,0.01,0.009598716,-3.140275e-06,0.009627962,0.1555144,0,0,0,0
1681347730.2335806,-0.3333333333333335,442.3,0.44,0.01,0.009598716,1.147635e-05,0.009627969,0.1555144,0,0,0,0
1681347733.786838,-0.3333333333333335,442.3,0.46,0.01,0.009598716,2.609297e-05,0.009613346,0.06850353,0,0,0,0
1681347737.326633,-0.3333333333333335,442.3,0.49,0.01,0.009598716,1.147635e-05,0.009613346,0.06850353,0,0,0,0
1681347740.86447,-0.3333333333333335,442.3,0.51,0.01,0.00961334,-1.77569e-05,0.009613341,0.06839932,0,0,0,0
1681347744.412985,-0.3333333333333335,442.3,0.54,0.01,0.00961334,-3.140275e-06,0.009613346,0.06839932,0,0,0,0
1681347747.9488173,-0.3333333333333335,442.3,0.56,0.01,0.009598716,2.609297e-05,0.009584128,0.06850353,0,0,0,0
1681347751.497474,-0.3333333333333335,442.3,0.59,0.01,0.00961334,1.147635e-05,0.009613341,0.06839932,0,0,0,0
1681347755.0565689,-0.3333333333333335,442.3,0.62,0.01,0.00961334,1.147635e-05,0.009613341,359.9813,0,0,0,0
1681347758.614378,-0.3333333333333335,442.3,0.64,0.01,0.00961334,1.147635e-05,0.009598716,0.06839932,0,0,0,0
1681347762.1840208,-0.3333333333333335,442.3,0.67,0.01,0.009598716,2.609297e-05,0.009613346,0.1557514,0,0,0,0
1681347765.7356682,-0.3333333333333335,442.3,0.69,0.01,0.00961334,-3.140275e-06,0.009627969,0.06850353,0,0,0,0
1681347769.2807097,-0.3333333333333335,442.3,0.72,0.01,0.009598716,-3.140275e-06,0.009613374,0.06850353,0,0,0,0
1681347772.8294606,-0.3333333333333335,442.3,0.74,0.01,0.00961334,2.609297e-05,0.009627997,0.06829543,0,0,0,0
1681347776.402017,-0.3333333333333335,442.3,0.77,0.01,0.00961334,2.609297e-05,0.009613374,0.06829543,0,0,0,0
1681347779.9648504,-0.3333333333333335,442.3,0.79,0.01,0.00961334,-3.140275e-06,0.009627969,0.06839932,0,0,0,0
1681347783.543659,-0.3333333333333335,442.3,0.82,0.01,0.00961334,1.147635e-05,0.009613346,0.06829543,0,0,0,0
1681347787.088853,-0.3333333333333335,442.3,0.85,0.01,0.00961334,1.147635e-05,0.009613374,359.9813,0,0,0,0
1681347790.638576,-0.3333333333333335,442.3,0.87,0.01,0.00961334,1.147635e-05,0.009613346,0.06839932,0,0,0,0
1681347794.1868975,-0.3333333333333335,442.3,0.9,0.01,0.009598716,2.609297e-05,0.009598751,359.9813,0,0,0,0
1681347797.753382,-0.3333333333333335,442.3,0.92,0.01,0.00961334,-3.140275e-06,0.009598751,0.06839932,0,0,0,0
1681347801.3060672,-0.3333333333333335,442.3,0.95,0.01,0.00961334,2.609297e-05,0.009613346,359.9813,0,0,0,0
1681347804.8551927,-0.3333333333333335,442.3,0.97,0.01,0.009627962,-3.140275e-06,0.009598716,0.1555144,0,0,0,0
1681347808.3994133,-0.3333333333333335,442.3,1.0,0.01,0.00961334,1.147635e-05,0.009627969,359.9813,0,0,0,0
1681347811.9433692,-0.3333333333333335,442.3,1.0,0.01,0.00961334,1.147635e-05,0.009598723,0.06839932,0,0,0,0
1681347815.4837782,-0.3333333333333335,442.3,0.97,0.01,0.00961334,1.147635e-05,0.009613374,0.06839932,0,0,0,0
1681347819.0312552,-0.3333333333333335,442.3,0.95,0.01,0.00961334,1.147635e-05,0.009598723,0.06839932,0,0,0,0
1681347822.5742059,-0.3333333333333335,442.3,0.92,0.01,0.009598716,-3.140275e-06,0.009598723,0.1555144,0,0,0,0
1681347826.1322155,-0.3333333333333335,442.3,0.9,0.01,0.009598716,-3.140275e-06,0.009613346,359.9813,0,0,0,0
1681347829.6892736,-0.3333333333333335,442.3,0.87,0.01,0.00961334,1.147635e-05,0.009598716,359.9813,0,0,0,0
1681347833.2474098,-0.3333333333333335,442.3,0.85,0.01,0.00961334,-3.140275e-06,0.009598723,0.06839932,0,0,0,0
1681347836.7764654,-0.3333333333333335,442.3,0.82,0.01,0.009598716,1.147635e-05,0.009598716,0.06850353,0,0,0,0
1681347840.3360932,-0.3333333333333335,442.3,0.79,0.01,0.00961334,-3.140275e-06,0.009598723,0.1557514,0,0,0,0
1681347843.8747675,-0.3333333333333335,442.3,0.77,0.01,0.009598716,2.609297e-05,0.009598723,0.06850353,0,0,0,0
1681347847.411217,-0.3333333333333335,442.3,0.74,0.01,0.009598716,1.147635e-05,0.009613346,0.1555144,0,0,0,0
1681347850.96757,-0.3333333333333335,442.3,0.72,0.01,0.009584093,-1.77569e-05,0.0095841,0.06850353,0,0,0,0
1681347854.5158143,-0.3333333333333335,442.3,0.69,0.01,0.009598716,-1.77569e-05,0.009598732,0.06850353,0,0,0,0
1681347858.0711086,-0.3333333333333335,442.3,0.67,0.01,0.00961334,1.147635e-05,0.009598723,359.9813,0,0,0,0
1681347861.640744,-0.3333333333333335,442.3,0.64,0.01,0.00961334,-3.140275e-06,0.009598716,0.06850353,0,0,0,0
1681347865.1816401,-0.3333333333333335,442.3,0.62,0.01,0.009584093,1.147635e-05,0.009598723,0.2429985,0,0,0,0
1681347868.7445252,-0.3333333333333335,442.3,0.59,0.01,0.009598716,2.609297e-05,0.009598716,0.1555144,0,0,0,0
1681347872.284236,-0.3333333333333335,442.3,0.56,0.01,0.009598716,-3.140275e-06,0.009613374,359.9813,0,0,0,0
1681347875.8327744,-0.3333333333333335,442.3,0.54,0.01,0.00961334,-3.140275e-06,0.009613341,0.1555144,0,0,0,0
1681347879.3989098,-0.3333333333333335,442.3,0.51,0.01,0.009598716,1.147635e-05,0.009613374,0.06839932,0,0,0,0
1681347882.9385605,-0.3333333333333335,442.3,0.49,0.01,0.009598716,1.147635e-05,0.009598751,0.06839932,0,0,0,0
1681347886.4976428,-0.3333333333333335,442.3,0.46,0.01,0.009598716,1.147635e-05,0.009598716,0.1557514,0,0,0,0
1681347890.0566769,-0.3333333333333335,442.3,0.44,0.01,0.009598716,-3.140275e-06,0.009613346,359.9813,0,0,0,0
1681347893.6116645,-0.3333333333333335,442.3,0.41,0.01,0.00961334,1.147635e-05,0.009598751,359.9813,0,0,0,0
1681347897.1599224,-0.3333333333333335,442.3,0.38,0.01,0.009598716,2.609297e-05,0.009598723,0.06850353,0,0,0,0
1681347900.7028003,-0.3333333333333335,442.3,0.36,0.01,0.00961334,-3.140275e-06,0.0095841,359.9813,0,0,0,0
1681347904.242395,-0.3333333333333335,442.3,0.33,0.01,0.009598716,1.147635e-05,0.009598716,359.9812,0,0,0,0
1681347907.7761056,-0.3333333333333335,442.3,0.31,0.01,0.00961334,1.147635e-05,0.009598723,0.06850353,0,0,0,0
1681347911.3363461,-0.3333333333333335,442.3,0.28,0.01,0.009598716,-3.140275e-06,0.009598723,0.1557514,0,0,0,0
1681347914.894484,-0.3333333333333335,442.3,0.26,0.01,0.00961334,1.147635e-05,0.009613346,359.9813,0,0,0,0
1681347918.4460158,-0.3333333333333335,442.3,0.23,0.01,0.009598716,2.609297e-05,0.0095841,0.06839932,0,0,0,0
1681347922.008541,-0.3333333333333335,442.3,0.21,0.01,0.009598716,1.147635e-05,0.009613346,359.9813,0,0,0,0
1681347925.552725,-0.3333333333333335,442.3,0.18,0.01,0.00961334,2.609297e-05,0.009598723,0.06839932,0,0,0,0
1681347929.0997243,-0.3333333333333335,442.3,0.15,0.01,0.009598716,-3.140275e-06,0.009613346,359.9813,0,0,0,0
1681347932.6273222,-0.3333333333333335,442.3,0.13,0.01,0.009598716,1.147635e-05,0.009613346,0.06839932,0,0,0,0
1681347936.164434,-0.3333333333333335,442.3,0.1,0.01,0.009598716,-3.140275e-06,0.009598723,0.06850353,0,0,0,0
1681347939.730683,-0.3333333333333335,442.3,0.08,0.01,0.009598716,-3.140275e-06,0.009598716,0.06839932,0,0,0,0
1681347943.276871,-0.3333333333333335,442.3,0.05,0.01,0.009598716,-3.140275e-06,0.009598751,0.06839932,0,0,0,0
1681347946.828054,-0.3333333333333335,442.3,0.03,0.01,0.009598716,-3.140275e-06,0.009598723,0.06839932,0,0,0,0
1681347950.3775713,-0.3333333333333335,442.3,0.0,0.01,0.009598716,1.147635e-05,0.009613341,0.06850353,0,0,0,0
1681347955.6709912,0.33333333333333304,442.3,0.0,0.01,0.009598716,-3.140275e-06,0.009613341,0.1555144,0,0,0,0
1681347959.2337594,0.33333333333333304,442.3,0.03,0.01,0.00961334,-3.140275e-06,0.009613346,0.1555144,0,0,0,0
1681347962.7693624,0.33333333333333304,442.3,0.05,0.01,0.00961334,1.147635e-05,0.009613346,359.9813,0,0,0,0
1681347966.317763,0.33333333333333304,442.3,0.08,0.01,0.00961334,-3.140275e-06,0.009598723,359.9813,0,0,0,0
1681347969.8705072,0.33333333333333304,442.3,0.1,0.01,0.009598716,1.147635e-05,0.009613346,0.06850353,0,0,0,0
1681347973.4142861,0.33333333333333304,442.3,0.13,0.01,0.00961334,1.147635e-05,0.009613346,0.1552783,0,0,0,0
1681347976.9633079,0.33333333333333304,442.3,0.15,0.01,0.00961334,-3.140275e-06,0.009613341,0.06839932,0,0,0,0
1681347980.5182278,0.33333333333333304,442.3,0.18,0.01,0.009598716,2.609297e-05,0.009613374,359.9813,0,0,0,0
1681347984.069209,0.33333333333333304,442.3,0.21,0.01,0.009627962,2.609297e-05,0.009598716,0.06839932,0,0,0,0
1681347987.6446977,0.33333333333333304,442.3,0.23,0.01,0.009627962,1.147635e-05,0.009613341,0.1555144,0,0,0,0
1681347991.2154632,0.33333333333333304,442.3,0.26,0.01,0.00961334,-1.77569e-05,0.009627962,0.06839932,0,0,0,0
1681347994.7622066,0.33333333333333304,442.3,0.28,0.01,0.00961334,1.147635e-05,0.009613346,0.06839932,0,0,0,0
1681347998.3082943,0.33333333333333304,442.3,0.31,0.01,0.00961334,4.070959e-05,0.009613346,0.06839932,0,0,0,0
1681348001.8776243,0.33333333333333304,442.3,0.33,0.01,0.009627962,2.609297e-05,0.009627969,359.9813,0,0,0,0
1681348005.4295888,0.33333333333333304,442.3,0.36,0.01,0.00961334,1.147635e-05,0.009627997,0.06829543,0,0,0,0
1681348008.9690385,0.33333333333333304,442.3,0.38,0.01,0.00961334,1.147635e-05,0.009627997,0.06839932,0,0,0,0
1681348012.532981,0.33333333333333304,442.3,0.41,0.01,0.00961334,-3.140275e-06,0.009627969,0.06839932,0,0,0,0
1681348016.0903635,0.33333333333333304,442.3,0.44,0.01,0.00961334,1.147635e-05,0.009627962,359.9813,0,0,0,0
1681348019.644217,0.33333333333333304,442.3,0.46,0.01,0.00961334,1.147635e-05,0.009598802,0.06839932,0,0,0,0
1681348023.201031,0.33333333333333304,442.3,0.49,0.01,0.009627962,4.070959e-05,0.009613341,0.06839932,0,0,0,0
1681348026.7598102,0.33333333333333304,442.3,0.51,0.01,0.00961334,2.609297e-05,0.009613374,359.9813,0,0,0,0
1681348030.3086064,0.33333333333333304,442.3,0.54,0.01,0.009598716,1.147635e-05,0.009613346,359.9813,0,0,0,0
1681348033.8513105,0.33333333333333304,442.3,0.56,0.01,0.00961334,2.609297e-05,0.009613374,359.9813,0,0,0,0
1681348037.3903031,0.33333333333333304,442.3,0.59,0.01,0.00961334,4.070959e-05,0.009613374,0.1555144,0,0,0,0
1681348040.9354925,0.33333333333333304,442.3,0.62,0.01,0.00961334,-3.140275e-06,0.009598716,0.06829543,0,0,0,0
1681348044.484694,0.33333333333333304,442.3,0.64,0.01,0.00961334,1.147635e-05,0.009613374,0.06829543,0,0,0,0
1681348048.0359526,0.33333333333333304,442.3,0.67,0.01,0.00961334,-3.140275e-06,0.009598716,0.06839932,0,0,0,0
1681348051.5996416,0.33333333333333304,442.3,0.69,0.01,0.00961334,-3.140275e-06,0.009613374,0.06839932,0,0,0,0
1681348055.1369486,0.33333333333333304,442.3,0.72,0.01,0.00961334,-3.140275e-06,0.009613346,0.1555144,0,0,0,0
1681348058.7133036,0.33333333333333304,442.3,0.74,0.01,0.009627962,1.147635e-05,0.009613346,0.2429985,0,0,0,0
1681348062.2542555,0.33333333333333304,442.3,0.77,0.01,0.00961334,1.147635e-05,0.009627969,0.06839932,0,0,0,0
1681348065.799529,0.33333333333333304,442.3,0.79,0.01,0.009598716,1.147635e-05,0.009613341,0.1557514,0,0,0,0
1681348069.3414636,0.33333333333333304,442.3,0.82,0.01,0.00961334,2.609297e-05,0.009598723,359.9813,0,0,0,0
1681348072.8873796,0.33333333333333304,442.3,0.85,0.01,0.00961334,-3.140275e-06,0.009627962,359.9813,0,0,0,0
1681348076.4443676,0.33333333333333304,442.3,0.87,0.01,0.009598716,1.147635e-05,0.009613346,0.06829543,0,0,0,0
1681348080.0077927,0.33333333333333304,442.3,0.9,0.01,0.009627962,1.147635e-05,0.009613341,359.9813,0,0,0,0
1681348083.5516,0.33333333333333304,442.3,0.92,0.01,0.009627962,1.147635e-05,0.009613346,0.1555144,0,0,0,0
1681348087.1085079,0.33333333333333304,442.3,0.95,0.01,0.009598716,1.147635e-05,0.009598716,0.06850353,0,0,0,0
1681348090.6667595,0.33333333333333304,442.3,0.97,0.01,0.00961334,2.609297e-05,0.009613346,0.06850353,0,0,0,0
1681348094.208934,0.33333333333333304,442.3,1.0,0.01,0.009627962,-3.140275e-06,0.009613346,0.06839932,0,0,0,0
1681348097.7686622,0.33333333333333304,442.3,1.0,0.01,0.00961334,1.147635e-05,0.009613374,0.06839932,0,0,0,0
1681348101.3203948,0.33333333333333304,442.3,0.97,0.01,0.00961334,1.147635e-05,0.009598716,0.06850353,0,0,0,0
1681348104.8774667,0.33333333333333304,442.3,0.95,0.01,0.00961334,-3.140275e-06,0.009598751,0.06839932,0,0,0,0
1681348108.4270122,0.33333333333333304,442.3,0.92,0.01,0.00961334,1.147635e-05,0.009613346,359.9813,0,0,0,0
1681348111.995486,0.33333333333333304,442.3,0.9,0.01,0.009598716,2.609297e-05,0.009598751,0.06839932,0,0,0,0
1681348115.5623393,0.33333333333333304,442.3,0.87,0.01,0.009598716,1.147635e-05,0.009598751,359.9813,0,0,0,0
1681348119.1106093,0.33333333333333304,442.3,0.85,0.01,0.00961334,1.147635e-05,0.009598723,359.9813,0,0,0,0
1681348122.6750395,0.33333333333333304,442.3,0.82,0.01,0.00961334,1.147635e-05,0.009598716,0.06850353,0,0,0,0
1681348126.2305033,0.33333333333333304,442.3,0.79,0.01,0.009598716,2.609297e-05,0.009613346,0.1555144,0,0,0,0
1681348129.7779503,0.33333333333333304,442.3,0.77,0.01,0.00961334,-3.140275e-06,0.009613374,0.06839932,0,0,0,0
1681348133.3438585,0.33333333333333304,442.3,0.74,0.01,0.00961334,1.147635e-05,0.009613346,359.9812,0,0,0,0
1681348136.9070168,0.33333333333333304,442.3,0.72,0.01,0.00961334,-1.77569e-05,0.009598723,359.9813,0,0,0,0
1681348140.4513059,0.33333333333333304,442.3,0.69,0.01,0.00961334,-3.140275e-06,0.009598723,0.06850353,0,0,0,0
1681348144.0064201,0.33333333333333304,442.3,0.67,0.01,0.009598716,-3.140275e-06,0.009598723,0.06850353,0,0,0,0
1681348147.5656407,0.33333333333333304,442.3,0.64,0.01,0.009584093,2.609297e-05,0.009613346,0.06850353,0,0,0,0
1681348151.104171,0.33333333333333304,442.3,0.62,0.01,0.009598716,-3.140275e-06,0.009613346,0.2426289,0,0,0,0
1681348154.6340547,0.33333333333333304,442.3,0.59,0.01,0.009598716,1.147635e-05,0.009613346,359.9813,0,0,0,0
1681348158.1748774,0.33333333333333304,442.3,0.56,0.01,0.00961334,2.609297e-05,0.009598751,0.06850353,0,0,0,0
1681348161.7269762,0.33333333333333304,442.3,0.54,0.01,0.00961334,1.147635e-05,0.009613346,0.06850353,0,0,0,0
1681348165.2923918,0.33333333333333304,442.3,0.51,0.01,0.00961334,1.147635e-05,0.009613374,0.1557514,0,0,0,0
1681348168.8234751,0.33333333333333304,442.3,0.49,0.01,0.009598716,1.147635e-05,0.009598723,0.1555144,0,0,0,0
1681348172.3678763,0.33333333333333304,442.3,0.46,0.01,0.009598716,1.147635e-05,0.009598751,0.06850353,0,0,0,0
1681348175.9191682,0.33333333333333304,442.3,0.44,0.01,0.009598716,-3.140275e-06,0.009598716,0.1555144,0,0,0,0
1681348179.455557,0.33333333333333304,442.3,0.41,0.01,0.009598716,2.609297e-05,0.009598716,0.06860805,0,0,0,0
1681348183.0308712,0.33333333333333304,442.3,0.38,0.01,0.00961334,-3.140275e-06,0.009598751,359.9813,0,0,0,0
1681348186.5890875,0.33333333333333304,442.3,0.36,0.01,0.009598716,1.147635e-05,0.009598723,0.1555144,0,0,0,0
1681348190.1488152,0.33333333333333304,442.3,0.33,0.01,0.009598716,1.147635e-05,0.0095841,0.06850353,0,0,0,0
1681348193.7164748,0.33333333333333304,442.3,0.31,0.01,0.00961334,1.147635e-05,0.009598723,0.06839932,0,0,0,0
1681348197.2904038,0.33333333333333304,442.3,0.28,0.01,0.009584093,1.147635e-05,0.009598716,0.06850353,0,0,0,0
1681348200.8392978,0.33333333333333304,442.3,0.26,0.01,0.009598716,-3.140275e-06,0.009613346,0.06850353,0,0,0,0
1681348204.3682024,0.33333333333333304,442.3,0.23,0.01,0.009627962,1.147635e-05,0.009613346,0.1557514,0,0,0,0
1681348207.9292603,0.33333333333333304,442.3,0.21,0.01,0.00961334,2.609297e-05,0.009598716,0.06839932,0,0,0,0
1681348211.478732,0.33333333333333304,442.3,0.18,0.01,0.00961334,1.147635e-05,0.009613346,0.06839932,0,0,0,0
1681348215.0410995,0.33333333333333304,442.3,0.15,0.01,0.00961334,1.147635e-05,0.009598716,0.06850353,0,0,0,0
1681348218.5831587,0.33333333333333304,442.3,0.13,0.01,0.009598716,-3.140275e-06,0.009598723,359.9813,0,0,0,0
1681348222.1234336,0.33333333333333304,442.3,0.1,0.01,0.009598716,2.609297e-05,0.009613346,0.06850353,0,0,0,0
1681348225.6426353,0.33333333333333304,442.3,0.08,0.01,0.00961334,1.147635e-05,0.009613346,0.06839932,0,0,0,0
1681348229.18308,0.33333333333333304,442.3,0.05,0.01,0.009598716,1.147635e-05,0.009584094,0.06839932,0,0,0,0
1681348232.7472975,0.33333333333333304,442.3,0.03,0.01,0.009598716,1.147635e-05,0.009598723,0.06839932,0,0,0,0
1681348236.2915485,0.33333333333333304,442.3,0.0,0.01,0.009598716,2.609297e-05,0.009613346,0.06850353,0,0,0,0
1681348241.573814,1.0,442.3,0.0,0.01,0.00961334,-3.140275e-06,0.009613341,0.155989,0,0,0,0
1681348245.1169543,1.0,442.3,0.03,0.01,0.00961334,-3.140275e-06,0.009598751,359.9813,0,0,0,0
1681348248.67201,1.0,442.3,0.05,0.01,0.00961334,1.147635e-05,0.009613341,0.1552783,0,0,0,0
1681348252.2171552,1.0,442.3,0.08,0.01,0.00961334,-3.140275e-06,0.009613341,0.06839932,0,0,0,0
1681348255.7651284,1.0,442.3,0.1,0.01,0.009627962,1.147635e-05,0.009627969,0.2429985,0,0,0,0
1681348259.3072157,1.0,442.3,0.13,0.01,0.00961334,1.147635e-05,0.009627962,0.06829543,0,0,0,0
1681348262.873489,1.0,442.3,0.15,0.01,0.00961334,2.609297e-05,0.009613341,359.9813,0,0,0,0
1681348266.431801,1.0,442.3,0.18,0.01,0.00961334,2.609297e-05,0.009613346,0.1555144,0,0,0,0
1681348269.9877503,1.0,442.3,0.21,0.01,0.00961334,1.147635e-05,0.009613346,359.9813,0,0,0,0
1681348273.5383325,1.0,442.3,0.23,0.01,0.009598716,1.147635e-05,0.009613346,0.1557514,0,0,0,0
1681348277.0792086,1.0,442.3,0.26,0.01,0.00961334,2.609297e-05,0.009613374,0.06829543,0,0,0,0
1681348280.6268847,1.0,442.3,0.28,0.01,0.00961334,-3.140275e-06,0.009613346,0.06839932,0,0,0,0
1681348284.170516,1.0,442.3,0.31,0.01,0.00961334,1.147635e-05,0.009613341,0.06839932,0,0,0,0
1681348287.7189038,1.0,442.3,0.33,0.01,0.00961334,1.147635e-05,0.009613346,0.1555144,0,0,0,0
1681348291.2546573,1.0,442.3,0.36,0.01,0.00961334,2.609297e-05,0.009627969,359.9813,0,0,0,0
1681348294.8254392,1.0,442.3,0.38,0.01,0.00961334,2.609297e-05,0.009613346,0.06829543,0,0,0,0
1681348298.3782058,1.0,442.3,0.41,0.01,0.00961334,1.147635e-05,0.009613346,0.06829543,0,0,0,0
1681348301.95265,1.0,442.3,0.44,0.01,0.00961334,4.070959e-05,0.009598723,0.06819186,0,0,0,0
1681348305.5042727,1.0,442.3,0.46,0.01,0.00961334,-3.140275e-06,0.009627969,0.06839932,0,0,0,0
1681348309.0674274,1.0,442.3,0.49,0.01,0.009627962,-3.140275e-06,0.009613346,0.06829543,0,0,0,0
1681348312.616531,1.0,442.3,0.51,0.01,0.00961334,2.609297e-05,0.009613341,0.06839932,0,0,0,0
1681348316.1664174,1.0,442.3,0.54,0.01,0.00961334,1.147635e-05,0.009613374,0.06839932,0,0,0,0
1681348319.7329128,1.0,442.3,0.56,0.01,0.00961334,-3.140275e-06,0.009613341,0.1555144,0,0,0,0
1681348323.2992775,1.0,442.3,0.59,0.01,0.00961334,-3.140275e-06,0.009613374,359.9813,0,0,0,0
1681348326.8363116,1.0,442.3,0.62,0.01,0.00961334,-3.140275e-06,0.009613346,0.06839932,0,0,0,0
1681348330.3999918,1.0,442.3,0.64,0.01,0.00961334,2.609297e-05,0.009613346,0.06829543,0,0,0,0
1681348333.9393451,1.0,442.3,0.67,0.01,0.009627962,1.147635e-05,0.009613341,0.1552783,0,0,0,0
1681348337.4796357,1.0,442.3,0.69,0.01,0.009627962,2.609297e-05,0.009598723,0.06839932,0,0,0,0
1681348341.0452268,1.0,442.3,0.72,0.01,0.00961334,1.147635e-05,0.009627969,0.06839932,0,0,0,0
1681348344.5921102,1.0,442.3,0.74,0.01,0.00961334,1.147635e-05,0.009627997,359.9813,0,0,0,0
1681348348.1449296,1.0,442.3,0.77,0.01,0.00961334,2.609297e-05,0.009613374,0.06839932,0,0,0,0
1681348351.6872537,1.0,442.3,0.79,0.01,0.00961334,-3.140275e-06,0.009613346,359.9813,0,0,0,0
1681348355.240326,1.0,442.3,0.82,0.01,0.009598716,1.147635e-05,0.009613346,359.8942,0,0,0,0
1681348358.7728488,1.0,442.3,0.85,0.01,0.00961334,1.147635e-05,0.009613341,0.1555144,0,0,0,0
1681348362.328092,1.0,442.3,0.87,0.01,0.009627962,-3.140275e-06,0.009598716,0.06829543,0,0,0,0
1681348365.8852944,1.0,442.3,0.9,0.01,0.00961334,1.147635e-05,0.009627962,0.06850353,0,0,0,0
1681348369.416565,1.0,442.3,0.92,0.01,0.009627962,1.147635e-05,0.009613374,0.06839932,0,0,0,0
1681348372.9675188,1.0,442.3,0.95,0.01,0.00961334,1.147635e-05,0.009613341,0.06829543,0,0,0,0
1681348376.503997,1.0,442.3,0.97,0.01,0.00961334,-3.140275e-06,0.009598723,359.9813,0,0,0,0
1681348380.0722165,1.0,442.3,1.0,0.01,0.00961334,-3.140275e-06,0.009598751,0.1552783,0,0,0,0
1681348383.6226847,1.0,442.3,1.0,0.01,0.009598716,2.609297e-05,0.009613346,0.1555144,0,0,0,0
1681348387.1755838,1.0,442.3,0.97,0.01,0.00961334,1.147635e-05,0.009613346,0.06839932,0,0,0,0
1681348390.734041,1.0,442.3,0.95,0.01,0.00961334,2.609297e-05,0.009613341,0.06829543,0,0,0,0
1681348394.2928228,1.0,442.3,0.92,0.01,0.00961334,1.147635e-05,0.009613341,359.9813,0,0,0,0
1681348397.8355172,1.0,442.3,0.9,0.01,0.009598716,1.147635e-05,0.009598723,359.9813,0,0,0,0
1681348401.4129186,1.0,442.3,0.87,0.01,0.009598716,4.070959e-05,0.009598723,0.1557514,0,0,0,0
1681348404.9511971,1.0,442.3,0.85,0.01,0.00961334,1.147635e-05,0.009598716,359.894,0,0,0,0
1681348408.5128255,1.0,442.3,0.82,0.01,0.00961334,1.147635e-05,0.009598751,0.06839932,0,0,0,0
1681348412.058535,1.0,442.3,0.79,0.01,0.009598716,-3.140275e-06,0.009613341,0.06860805,0,0,0,0
1681348415.6098933,1.0,442.3,0.77,0.01,0.009598716,1.147635e-05,0.009613341,0.06850353,0,0,0,0
1681348419.1581717,1.0,442.3,0.74,0.01,0.009598716,1.147635e-05,0.009598723,0.1555144,0,0,0,0
1681348422.7155042,1.0,442.3,0.72,0.01,0.00961334,-3.140275e-06,0.009613346,359.9813,0,0,0,0
1681348426.2742708,1.0,442.3,0.69,0.01,0.00961334,-3.140275e-06,0.009598751,0.06839932,0,0,0,0
1681348429.8334467,1.0,442.3,0.67,0.01,0.00961334,-3.140275e-06,0.009598751,0.06839932,0,0,0,0
1681348433.3955483,1.0,442.3,0.64,0.01,0.009598716,1.147635e-05,0.009613346,0.06850353,0,0,0,0
1681348436.9590964,1.0,442.3,0.62,0.01,0.00961334,4.070959e-05,0.009598751,0.06850353,0,0,0,0
1681348440.5139642,1.0,442.3,0.59,0.01,0.009598716,2.609297e-05,0.009598723,0.06839932,0,0,0,0
1681348444.0615008,1.0,442.3,0.56,0.01,0.009598716,-3.140275e-06,0.009598716,359.9813,0,0,0,0
1681348447.5947683,1.0,442.3,0.54,0.01,0.00961334,1.147635e-05,0.009598723,0.06850353,0,0,0,0
1681348451.128498,1.0,442.3,0.51,0.01,0.009598716,2.609297e-05,0.009598716,0.06850353,0,0,0,0
1681348454.6937644,1.0,442.3,0.49,0.01,0.009598716,1.147635e-05,0.009613346,0.06850353,0,0,0,0
1681348458.236879,1.0,442.3,0.46,0.01,0.009598716,1.147635e-05,0.009613341,0.06850353,0,0,0,0
1681348461.796864,1.0,442.3,0.44,0.01,0.00961334,-1.77569e-05,0.009613341,359.9813,0,0,0,0
1681348465.3580258,1.0,442.3,0.41,0.01,0.00961334,-3.140275e-06,0.009598723,0.06850353,0,0,0,0
1681348468.9139786,1.0,442.3,0.38,0.01,0.009598716,2.609297e-05,0.009598716,0.06839932,0,0,0,0
1681348472.4674962,1.0,442.3,0.36,0.01,0.009598716,-3.140275e-06,0.009598716,0.06850353,0,0,0,0
1681348476.0248806,1.0,442.3,0.33,0.01,0.009598716,1.147635e-05,0.009598723,0.06839932,0,0,0,0
1681348479.5794535,1.0,442.3,0.31,0.01,0.009598716,1.147635e-05,0.009598716,359.9813,0,0,0,0
1681348483.1410947,1.0,442.3,0.28,0.01,0.00961334,-1.77569e-05,0.009613346,359.9813,0,0,0,0
1681348486.6916854,1.0,442.3,0.26,0.01,0.00961334,1.147635e-05,0.009598723,0.06839932,0,0,0,0
1681348490.2361355,1.0,442.3,0.23,0.01,0.00961334,2.609297e-05,0.009598723,0.1557514,0,0,0,0
1681348493.7848384,1.0,442.3,0.21,0.01,0.00961334,-1.77569e-05,0.009598716,359.9813,0,0,0,0
1681348497.364767,1.0,442.3,0.18,0.01,0.009598716,2.609297e-05,0.009598723,0.1557514,0,0,0,0
1681348500.9120913,1.0,442.3,0.15,0.01,0.009598716,-3.140275e-06,0.009613346,359.9813,0,0,0,0
1681348504.4477396,1.0,442.3,0.13,0.01,0.00961334,1.147635e-05,0.009627969,0.06850353,0,0,0,0
1681348508.0183616,1.0,442.3,0.1,0.01,0.009598716,-3.140275e-06,0.009627962,0.06850353,0,0,0,0
1681348511.571046,1.0,442.3,0.08,0.01,0.009598716,1.147635e-05,0.009598723,0.06850353,0,0,0,0
1681348515.1330662,1.0,442.3,0.05,0.01,0.00961334,-3.140275e-06,0.009613374,359.9813,0,0,0,0
1681348518.7085278,1.0,442.3,0.03,0.01,0.00961334,1.147635e-05,0.009613374,0.06839932,0,0,0,0
1681348522.2569277,1.0,442.3,0.0,0.01,0.009584093,-3.140275e-06,0.009613341,0.06850353,0,0,0,0
1681348527.5207405,1.666666666666666,442.3,0.0,0.01,0.00961334,-3.140275e-06,0.009613374,0.06839932,0,0,0,0
1681348531.0742626,1.666666666666666,442.3,0.03,0.01,0.009598716,1.147635e-05,0.009613346,359.9813,0,0,0,0
1681348534.618874,1.666666666666666,442.3,0.05,0.01,0.00961334,1.147635e-05,0.009613346,0.1552783,0,0,0,0
1681348538.1774352,1.666666666666666,442.3,0.08,0.01,0.00961334,-3.140275e-06,0.009598751,0.06839932,0,0,0,0
1681348541.7371051,1.666666666666666,442.3,0.1,0.01,0.00961334,1.147635e-05,0.009598723,0.06839932,0,0,0,0
1681348545.3013577,1.666666666666666,442.3,0.13,0.01,0.00961334,-3.140275e-06,0.009613346,359.8942,0,0,0,0
1681348548.8579042,1.666666666666666,442.3,0.15,0.01,0.00961334,2.609297e-05,0.009627997,0.06839932,0,0,0,0
1681348552.429121,1.666666666666666,442.3,0.18,0.01,0.009598716,2.609297e-05,0.009613346,0.06839932,0,0,0,0
1681348556.0016239,1.666666666666666,442.3,0.21,0.01,0.009627962,1.147635e-05,0.009598723,0.1555144,0,0,0,0
1681348559.5535429,1.666666666666666,442.3,0.23,0.01,0.009598716,-3.140275e-06,0.009613341,0.06829543,0,0,0,0
1681348563.1187873,1.666666666666666,442.3,0.26,0.01,0.009627962,1.147635e-05,0.009627969,0.06839932,0,0,0,0
1681348566.6875217,1.666666666666666,442.3,0.28,0.01,0.00961334,-3.140275e-06,0.009613346,0.1552783,0,0,0,0
1681348570.216786,1.666666666666666,442.3,0.31,0.01,0.00961334,2.609297e-05,0.009627969,359.9813,0,0,0,0
1681348573.7931874,1.666666666666666,442.3,0.33,0.01,0.009627962,1.147635e-05,0.009613374,0.1552783,0,0,0,0
1681348577.345721,1.666666666666666,442.3,0.36,0.01,0.009598716,1.147635e-05,0.009627969,0.06829543,0,0,0,0
1681348580.9014163,1.666666666666666,442.3,0.38,0.01,0.009627962,-3.140275e-06,0.009613374,359.9813,0,0,0,0
1681348584.4371827,1.666666666666666,442.3,0.41,0.01,0.009627962,1.147635e-05,0.009613346,359.9813,0,0,0,0
1681348587.985896,1.666666666666666,442.3,0.44,0.01,0.00961334,2.609297e-05,0.009627969,0.06839932,0,0,0,0
1681348591.5453148,1.666666666666666,442.3,0.46,0.01,0.009627962,1.147635e-05,0.009613341,0.2426289,0,0,0,0
1681348595.0985281,1.666666666666666,442.3,0.49,0.01,0.00961334,1.147635e-05,0.009613346,0.2426289,0,0,0,0
1681348598.6499681,1.666666666666666,442.3,0.51,0.01,0.00961334,2.609297e-05,0.009613346,0.06839932,0,0,0,0
1681348602.1847594,1.666666666666666,442.3,0.54,0.01,0.00961334,1.147635e-05,0.009613346,0.1555144,0,0,0,0
1681348605.731982,1.666666666666666,442.3,0.56,0.01,0.00961334,1.147635e-05,0.009613346,0.06839932,0,0,0,0
1681348609.2711685,1.666666666666666,442.3,0.59,0.01,0.00961334,1.147635e-05,0.009613346,359.8943,0,0,0,0
1681348612.8158495,1.666666666666666,442.3,0.62,0.01,0.00961334,2.609297e-05,0.009613374,0.06850353,0,0,0,0
1681348616.3765066,1.666666666666666,442.3,0.64,0.01,0.00961334,2.609297e-05,0.009613341,0.1555144,0,0,0,0
1681348619.936447,1.666666666666666,442.3,0.67,0.01,0.00961334,-3.140275e-06,0.009627969,359.9813,0,0,0,0
1681348623.46845,1.666666666666666,442.3,0.69,0.01,0.00961334,2.609297e-05,0.009613341,359.9813,0,0,0,0
1681348627.03182,1.666666666666666,442.3,0.72,0.01,0.00961334,4.070959e-05,0.009627969,0.06839932,0,0,0,0
1681348630.6035254,1.666666666666666,442.3,0.74,0.01,0.00961334,-3.140275e-06,0.009613346,0.06829543,0,0,0,0
1681348634.1575415,1.666666666666666,442.3,0.77,0.01,0.00961334,2.609297e-05,0.009613346,0.2426289,0,0,0,0
1681348637.7280798,1.666666666666666,442.3,0.79,0.01,0.009627962,1.147635e-05,0.009642593,359.9813,0,0,0,0
1681348641.2922552,1.666666666666666,442.3,0.82,0.01,0.00961334,-3.140275e-06,0.009613346,359.9813,0,0,0,0
1681348644.855235,1.666666666666666,442.3,0.85,0.01,0.009598716,2.609297e-05,0.009598723,0.06850353,0,0,0,0
1681348648.418462,1.666666666666666,442.3,0.87,0.01,0.00961334,1.147635e-05,0.009613341,359.9813,0,0,0,0
1681348651.9579625,1.666666666666666,442.3,0.9,0.01,0.009598716,1.147635e-05,0.009627997,0.155989,0,0,0,0
1681348655.505119,1.666666666666666,442.3,0.92,0.01,0.00961334,-3.140275e-06,0.009613346,0.06829543,0,0,0,0
1681348659.0574303,1.666666666666666,442.3,0.95,0.01,0.00961334,1.147635e-05,0.009627962,0.06829543,0,0,0,0
1681348662.611789,1.666666666666666,442.3,0.97,0.01,0.00961334,1.147635e-05,0.009613341,0.06839932,0,0,0,0
1681348666.176245,1.666666666666666,442.3,1.0,0.01,0.00961334,2.609297e-05,0.009627969,0.06829543,0,0,0,0
1681348669.721452,1.666666666666666,442.3,1.0,0.01,0.00961334,1.147635e-05,0.009613346,0.06839932,0,0,0,0
1681348673.2752087,1.666666666666666,442.3,0.97,0.01,0.00961334,1.147635e-05,0.009613341,0.06839932,0,0,0,0
1681348676.810231,1.666666666666666,442.3,0.95,0.01,0.00961334,1.147635e-05,0.009627997,0.2426289,0,0,0,0
1681348680.3658266,1.666666666666666,442.3,0.92,0.01,0.00961334,-3.140275e-06,0.009613346,0.06839932,0,0,0,0
1681348683.9187455,1.666666666666666,442.3,0.9,0.01,0.00961334,-3.140275e-06,0.009613341,359.9813,0,0,0,0
1681348687.4733484,1.666666666666666,442.3,0.87,0.01,0.009598716,-3.140275e-06,0.009598723,0.06850353,0,0,0,0
1681348691.0175722,1.666666666666666,442.3,0.85,0.01,0.00961334,1.147635e-05,0.009613374,0.06850353,0,0,0,0
1681348694.574272,1.666666666666666,442.3,0.82,0.01,0.00961334,1.147635e-05,0.009598723,0.06839932,0,0,0,0
1681348698.1235387,1.666666666666666,442.3,0.79,0.01,0.00961334,-3.140275e-06,0.009598716,0.06850353,0,0,0,0
1681348701.683017,1.666666666666666,442.3,0.77,0.01,0.00961334,-3.140275e-06,0.009613346,0.06839932,0,0,0,0
1681348705.2435796,1.666666666666666,442.3,0.74,0.01,0.00961334,-3.140275e-06,0.009613341,0.06850353,0,0,0,0
1681348708.8050756,1.666666666666666,442.3,0.72,0.01,0.009598716,-3.140275e-06,0.009613346,0.1557514,0,0,0,0
1681348712.3676815,1.666666666666666,442.3,0.69,0.01,0.00961334,-1.77569e-05,0.009598751,0.06850353,0,0,0,0
1681348715.9227345,1.666666666666666,442.3,0.67,0.01,0.009584093,1.147635e-05,0.009613374,0.1557514,0,0,0,0
1681348719.5114403,1.666666666666666,442.3,0.64,0.01,0.009598716,1.147635e-05,0.009613346,0.06850353,0,0,0,0
1681348723.060252,1.666666666666666,442.3,0.62,0.01,0.009584093,1.147635e-05,0.009613341,0.06850353,0,0,0,0
1681348726.611315,1.666666666666666,442.3,0.59,0.01,0.009598716,2.609297e-05,0.009598716,0.06850353,0,0,0,0
1681348730.1607468,1.666666666666666,442.3,0.56,0.01,0.00961334,2.609297e-05,0.009613346,0.1555144,0,0,0,0
1681348733.7109647,1.666666666666666,442.3,0.54,0.01,0.009627962,1.147635e-05,0.009613341,359.9813,0,0,0,0
1681348737.2672207,1.666666666666666,442.3,0.51,0.01,0.00961334,-3.140275e-06,0.009613346,359.9813,0,0,0,0
1681348740.8310668,1.666666666666666,442.3,0.49,0.01,0.00961334,2.609297e-05,0.009613346,359.9813,0,0,0,0
1681348744.3960238,1.666666666666666,442.3,0.46,0.01,0.009598716,1.147635e-05,0.009598716,0.06850353,0,0,0,0
1681348747.9363303,1.666666666666666,442.3,0.44,0.01,0.009598716,1.147635e-05,0.009598716,0.06839932,0,0,0,0
1681348751.4953873,1.666666666666666,442.3,0.41,0.01,0.00961334,1.147635e-05,0.009613374,359.9813,0,0,0,0
1681348755.058152,1.666666666666666,442.3,0.38,0.01,0.00961334,2.609297e-05,0.009598751,0.1555144,0,0,0,0
1681348758.6276052,1.666666666666666,442.3,0.36,0.01,0.00961334,-3.140275e-06,0.009598751,0.06839932,0,0,0,0
1681348762.178539,1.666666666666666,442.3,0.33,0.01,0.00961334,-3.140275e-06,0.009598723,0.06839932,0,0,0,0
1681348765.7191179,1.666666666666666,442.3,0.31,0.01,0.00961334,1.147635e-05,0.009627962,359.9813,0,0,0,0
1681348769.2564392,1.666666666666666,442.3,0.28,0.01,0.00961334,1.147635e-05,0.009613341,0.1557514,0,0,0,0
1681348772.7984293,1.666666666666666,442.3,0.26,0.01,0.009598716,1.147635e-05,0.009598723,0.06829543,0,0,0,0
1681348776.3445466,1.666666666666666,442.3,0.23,0.01,0.00961334,1.147635e-05,0.009598723,359.9813,0,0,0,0
1681348779.9121983,1.666666666666666,442.3,0.21,0.01,0.009598716,1.147635e-05,0.009598723,0.06850353,0,0,0,0
1681348783.4704058,1.666666666666666,442.3,0.18,0.01,0.00961334,-3.140275e-06,0.009598723,0.06839932,0,0,0,0
1681348787.0497055,1.666666666666666,442.3,0.15,0.01,0.009598716,1.147635e-05,0.009598716,359.8943,0,0,0,0
1681348790.5896335,1.666666666666666,442.3,0.13,0.01,0.009598716,1.147635e-05,0.009613341,0.06839932,0,0,0,0
1681348794.1405394,1.666666666666666,442.3,0.1,0.01,0.009598716,1.147635e-05,0.009598751,0.1557514,0,0,0,0
1681348797.6886806,1.666666666666666,442.3,0.08,0.01,0.00961334,1.147635e-05,0.009598723,359.8942,0,0,0,0
1681348801.2470043,1.666666666666666,442.3,0.05,0.01,0.009598716,-3.140275e-06,0.009613346,0.06839932,0,0,0,0
1681348804.7970262,1.666666666666666,442.3,0.03,0.01,0.00961334,-3.140275e-06,0.009613374,0.1555144,0,0,0,0
1681348808.350654,1.666666666666666,442.3,0.0,0.01,0.009598716,1.147635e-05,0.009613346,0.06850353,0,0,0,0
1681348813.6367297,2.333333333333333,442.3,0.0,0.01,0.00961334,2.609297e-05,0.009613374,359.9813,0,0,0,0
1681348817.1886003,2.333333333333333,442.3,0.03,0.01,0.00961334,-3.140275e-06,0.009613346,359.9813,0,0,0,0
1681348820.7245045,2.333333333333333,442.3,0.05,0.01,0.00961334,1.147635e-05,0.009613346,0.06839932,0,0,0,0
1681348824.2592661,2.333333333333333,442.3,0.08,0.01,0.009627962,1.147635e-05,0.009613346,0.1555144,0,0,0,0
1681348827.8165529,2.333333333333333,442.3,0.1,0.01,0.00961334,-3.140275e-06,0.009627962,359.9813,0,0,0,0
1681348831.3684013,2.333333333333333,442.3,0.13,0.01,0.00961334,1.147635e-05,0.009613374,0.06850353,0,0,0,0
1681348834.9354877,2.333333333333333,442.3,0.15,0.01,0.009598716,1.147635e-05,0.009627969,0.06829543,0,0,0,0
1681348838.4739425,2.333333333333333,442.3,0.18,0.01,0.00961334,1.147635e-05,0.009627969,0.06839932,0,0,0,0
1681348842.0021217,2.333333333333333,442.3,0.21,0.01,0.009627962,1.147635e-05,0.009627997,0.06839932,0,0,0,0
1681348845.550745,2.333333333333333,442.3,0.23,0.01,0.00961334,1.147635e-05,0.009613425,359.9813,0,0,0,0
1681348849.095344,2.333333333333333,442.3,0.26,0.01,0.00961334,1.147635e-05,0.009598723,359.9813,0,0,0,0
1681348852.6483579,2.333333333333333,442.3,0.28,0.01,0.00961334,1.147635e-05,0.009627997,0.06839932,0,0,0,0
1681348856.189384,2.333333333333333,442.3,0.31,0.01,0.009627962,1.147635e-05,0.009613374,359.9813,0,0,0,0
1681348859.7503974,2.333333333333333,442.3,0.33,0.01,0.00961334,-3.140275e-06,0.009613346,0.06839932,0,0,0,0
1681348863.2794766,2.333333333333333,442.3,0.36,0.01,0.00961334,1.147635e-05,0.009627969,0.06839932,0,0,0,0
1681348866.8239017,2.333333333333333,442.3,0.38,0.01,0.00961334,1.147635e-05,0.009598723,359.9813,0,0,0,0
1681348870.3670533,2.333333333333333,442.3,0.41,0.01,0.00961334,2.609297e-05,0.009642593,359.9813,0,0,0,0
1681348873.914611,2.333333333333333,442.3,0.44,0.01,0.00961334,2.609297e-05,0.009613374,359.9813,0,0,0,0
1681348877.4724598,2.333333333333333,442.3,0.46,0.01,0.00961334,1.147635e-05,0.009613346,0.06829543,0,0,0,0
1681348881.033325,2.333333333333333,442.3,0.49,0.01,0.00961334,1.147635e-05,0.009613346,0.06839932,0,0,0,0
1681348884.5932643,2.333333333333333,442.3,0.51,0.01,0.00961334,1.147635e-05,0.009627969,359.9813,0,0,0,0
1681348888.1473076,2.333333333333333,442.3,0.54,0.01,0.009642586,1.147635e-05,0.009613341,0.1555144,0,0,0,0
1681348891.716844,2.333333333333333,442.3,0.56,0.01,0.009627962,1.147635e-05,0.009613346,0.06839932,0,0,0,0
1681348895.2710803,2.333333333333333,442.3,0.59,0.01,0.00961334,-3.140275e-06,0.009598723,0.06829543,0,0,0,0
1681348898.8226855,2.333333333333333,442.3,0.62,0.01,0.00961334,1.147635e-05,0.009613341,0.1555144,0,0,0,0
1681348902.370429,2.333333333333333,442.3,0.64,0.01,0.009627962,1.147635e-05,0.009613374,359.9813,0,0,0,0
1681348905.925978,2.333333333333333,442.3,0.67,0.01,0.00961334,-3.140275e-06,0.009613346,359.8942,0,0,0,0
1681348909.4852471,2.333333333333333,442.3,0.69,0.01,0.00961334,1.147635e-05,0.009613346,0.1552783,0,0,0,0
1681348913.0371356,2.333333333333333,442.3,0.72,0.01,0.00961334,2.609297e-05,0.009627997,0.06839932,0,0,0,0
1681348916.571071,2.333333333333333,442.3,0.74,0.01,0.009627962,1.147635e-05,0.009613341,359.9813,0,0,0,0
1681348920.1157813,2.333333333333333,442.3,0.77,0.01,0.00961334,2.609297e-05,0.009613346,0.06829543,0,0,0,0
1681348923.679342,2.333333333333333,442.3,0.79,0.01,0.00961334,-3.140275e-06,0.009613341,0.06850353,0,0,0,0
1681348927.2051702,2.333333333333333,442.3,0.82,0.01,0.00961334,-3.140275e-06,0.009627962,0.06829543,0,0,0,0
1681348930.759112,2.333333333333333,442.3,0.85,0.01,0.00961334,2.609297e-05,0.009627969,0.1555144,0,0,0,0
1681348934.3210797,2.333333333333333,442.3,0.87,0.01,0.009627962,1.147635e-05,0.009613346,0.06829543,0,0,0,0
1681348937.8826866,2.333333333333333,442.3,0.9,0.01,0.009598716,2.609297e-05,0.009613341,0.1552783,0,0,0,0
1681348941.4478438,2.333333333333333,442.3,0.92,0.01,0.00961334,-3.140275e-06,0.009613374,0.06839932,0,0,0,0
1681348944.985024,2.333333333333333,442.3,0.95,0.01,0.00961334,-3.140275e-06,0.009613341,0.1552783,0,0,0,0
1681348948.5400279,2.333333333333333,442.3,0.97,0.01,0.00961334,2.609297e-05,0.009627969,359.9813,0,0,0,0
1681348952.0845308,2.333333333333333,442.3,1.0,0.01,0.00961334,1.147635e-05,0.009613346,0.1555144,0,0,0,0
1681348955.645554,2.333333333333333,442.3,1.0,0.01,0.009598716,1.147635e-05,0.009613346,359.9813,0,0,0,0
1681348959.1985798,2.333333333333333,442.3,0.97,0.01,0.009627962,2.609297e-05,0.009613346,0.1555144,0,0,0,0
1681348962.7581353,2.333333333333333,442.3,0.95,0.01,0.00961334,1.147635e-05,0.009627997,359.9813,0,0,0,0
1681348966.293804,2.333333333333333,442.3,0.92,0.01,0.009627962,2.609297e-05,0.009613346,0.06839932,0,0,0,0
1681348969.8492863,2.333333333333333,442.3,0.9,0.01,0.00961334,-3.140275e-06,0.009598716,0.06839932,0,0,0,0
1681348973.3927722,2.333333333333333,442.3,0.87,0.01,0.009627962,1.147635e-05,0.009598723,359.9813,0,0,0,0
1681348976.92118,2.333333333333333,442.3,0.85,0.01,0.00961334,1.147635e-05,0.009613374,0.06839932,0,0,0,0
1681348980.488162,2.333333333333333,442.3,0.82,0.01,0.00961334,-3.140275e-06,0.009598751,0.06850353,0,0,0,0
1681348984.055391,2.333333333333333,442.3,0.79,0.01,0.00961334,1.147635e-05,0.009598716,359.9813,0,0,0,0
1681348987.6247797,2.333333333333333,442.3,0.77,0.01,0.00961334,1.147635e-05,0.009598751,0.06850353,0,0,0,0
1681348991.1806753,2.333333333333333,442.3,0.74,0.01,0.009598716,1.147635e-05,0.009598802,0.06839932,0,0,0,0
1681348994.7434688,2.333333333333333,442.3,0.72,0.01,0.00961334,1.147635e-05,0.009598751,0.2426289,0,0,0,0
1681348998.285109,2.333333333333333,442.3,0.69,0.01,0.009598716,-3.140275e-06,0.009613341,0.06850353,0,0,0,0
1681349001.8337338,2.333333333333333,442.3,0.67,0.01,0.00961334,1.147635e-05,0.009598716,0.06839932,0,0,0,0
1681349005.37566,2.333333333333333,442.3,0.64,0.01,0.009584093,1.147635e-05,0.009613346,359.9813,0,0,0,0
1681349008.9411952,2.333333333333333,442.3,0.62,0.01,0.009598716,1.147635e-05,0.009613346,0.1555144,0,0,0,0
1681349012.5069914,2.333333333333333,442.3,0.59,0.01,0.009598716,1.147635e-05,0.009613341,359.9813,0,0,0,0
1681349016.075368,2.333333333333333,442.3,0.56,0.01,0.00961334,1.147635e-05,0.009598723,0.06839932,0,0,0,0
1681349019.6088257,2.333333333333333,442.3,0.54,0.01,0.009598716,-3.140275e-06,0.009613374,0.1552783,0,0,0,0
1681349023.1555948,2.333333333333333,442.3,0.51,0.01,0.00961334,-3.140275e-06,0.009613346,0.06829543,0,0,0,0
1681349026.7037559,2.333333333333333,442.3,0.49,0.01,0.009598716,-3.140275e-06,0.009598723,0.06850353,0,0,0,0
1681349030.2406583,2.333333333333333,442.3,0.46,0.01,0.009598716,2.609297e-05,0.009613346,0.06850353,0,0,0,0
1681349033.795028,2.333333333333333,442.3,0.44,0.01,0.00961334,1.147635e-05,0.009584094,0.06839932,0,0,0,0
1681349037.3367908,2.333333333333333,442.3,0.41,0.01,0.00961334,-3.140275e-06,0.009613346,359.9813,0,0,0,0
1681349040.89779,2.333333333333333,442.3,0.38,0.01,0.00961334,-3.140275e-06,0.009613346,359.9813,0,0,0,0
1681349044.4608276,2.333333333333333,442.3,0.36,0.01,0.009598716,1.147635e-05,0.009613341,0.1552783,0,0,0,0
1681349048.0377014,2.333333333333333,442.3,0.33,0.01,0.00961334,1.147635e-05,0.009598723,0.06850353,0,0,0,0
1681349051.6091883,2.333333333333333,442.3,0.31,0.01,0.00961334,1.147635e-05,0.009613341,0.06829543,0,0,0,0
1681349055.1541686,2.333333333333333,442.3,0.28,0.01,0.00961334,1.147635e-05,0.009613341,0.06839932,0,0,0,0
1681349058.6891963,2.333333333333333,442.3,0.26,0.01,0.009598716,1.147635e-05,0.009598723,0.1555144,0,0,0,0
1681349062.2097073,2.333333333333333,442.3,0.23,0.01,0.00961334,1.147635e-05,0.009613374,0.06850353,0,0,0,0
1681349065.7683172,2.333333333333333,442.3,0.21,0.01,0.00961334,1.147635e-05,0.009613341,0.06850353,0,0,0,0
1681349069.3239262,2.333333333333333,442.3,0.18,0.01,0.00961334,1.147635e-05,0.009613346,359.9813,0,0,0,0
1681349072.875609,2.333333333333333,442.3,0.15,0.01,0.00961334,2.609297e-05,0.009598716,0.1555144,0,0,0,0
1681349076.436126,2.333333333333333,442.3,0.13,0.01,0.00961334,1.147635e-05,0.009613425,0.06839932,0,0,0,0
1681349079.993617,2.333333333333333,442.3,0.1,0.01,0.00961334,-3.140275e-06,0.009613346,0.1557514,0,0,0,0
1681349083.55093,2.333333333333333,442.3,0.08,0.01,0.00961334,-3.140275e-06,0.009598716,0.1557514,0,0,0,0
1681349087.0964334,2.333333333333333,442.3,0.05,0.01,0.009598716,2.609297e-05,0.009598716,0.1555144,0,0,0,0
1681349090.6576543,2.333333333333333,442.3,0.03,0.01,0.00961334,1.147635e-05,0.009598716,0.06839932,0,0,0,0
1681349094.2103033,2.333333333333333,442.3,0.0,0.01,0.00961334,2.609297e-05,0.009613341,359.9813,0,0,0,0
1681349099.475099,3.0,442.3,0.0,0.01,0.00961334,-3.140275e-06,0.009598751,0.06850353,0,0,0,0
1681349103.0414016,3.0,442.3,0.03,0.01,0.00961334,-3.140275e-06,0.009627969,0.06839932,0,0,0,0
1681349106.6035213,3.0,442.3,0.05,0.01,0.00961334,4.070959e-05,0.009613346,0.06839932,0,0,0,0
1681349110.1528604,3.0,442.3,0.08,0.01,0.009627962,1.147635e-05,0.009613346,0.06839932,0,0,0,0
1681349113.684736,3.0,442.3,0.1,0.01,0.00961334,2.609297e-05,0.009613346,359.9814,0,0,0,0
1681349117.2301865,3.0,442.3,0.13,0.01,0.009627962,1.147635e-05,0.009627962,0.06829543,0,0,0,0
1681349120.8054864,3.0,442.3,0.15,0.01,0.00961334,1.147635e-05,0.009613346,0.06839932,0,0,0,0
1681349124.3544426,3.0,442.3,0.18,0.01,0.009627962,1.147635e-05,0.009627969,359.9813,0,0,0,0
1681349127.9161205,3.0,442.3,0.21,0.01,0.009627962,1.147635e-05,0.009613346,0.06829543,0,0,0,0
1681349131.4634826,3.0,442.3,0.23,0.01,0.00961334,-3.140275e-06,0.009613346,359.9813,0,0,0,0
1681349135.033588,3.0,442.3,0.26,0.01,0.00961334,4.070959e-05,0.009613346,0.06819186,0,0,0,0
1681349138.574039,3.0,442.3,0.28,0.01,0.009598716,1.147635e-05,0.009613346,0.06839932,0,0,0,0
1681349142.120842,3.0,442.3,0.31,0.01,0.009627962,1.147635e-05,0.009627969,0.1555144,0,0,0,0
1681349145.6575134,3.0,442.3,0.33,0.01,0.00961334,1.147635e-05,0.009627969,0.06839932,0,0,0,0
1681349149.2247365,3.0,442.3,0.36,0.01,0.009627962,2.609297e-05,0.009627969,0.06829543,0,0,0,0
1681349152.7664793,3.0,442.3,0.38,0.01,0.00961334,2.609297e-05,0.009627969,0.06850353,0,0,0,0
1681349156.3139677,3.0,442.3,0.41,0.01,0.00961334,1.147635e-05,0.009613346,0.06829543,0,0,0,0
1681349159.8805563,3.0,442.3,0.44,0.01,0.00961334,-3.140275e-06,0.009598723,0.1552783,0,0,0,0
1681349163.421545,3.0,442.3,0.46,0.01,0.00961334,1.147635e-05,0.009627997,0.1555144,0,0,0,0
1681349166.9789217,3.0,442.3,0.49,0.01,0.00961334,-3.140275e-06,0.009627969,359.9813,0,0,0,0
1681349170.5188992,3.0,442.3,0.51,0.01,0.00961334,2.609297e-05,0.009613346,0.1555144,0,0,0,0
1681349174.0677288,3.0,442.3,0.54,0.01,0.009627962,2.609297e-05,0.009613346,0.06839932,0,0,0,0
1681349177.6335094,3.0,442.3,0.56,0.01,0.00961334,-3.140275e-06,0.009613346,0.06829543,0,0,0,0
1681349181.1912272,3.0,442.3,0.59,0.01,0.009627962,1.147635e-05,0.009613346,359.9813,0,0,0,0
1681349184.740747,3.0,442.3,0.62,0.01,0.00961334,1.147635e-05,0.009613341,0.06829543,0,0,0,0
1681349188.2838953,3.0,442.3,0.64,0.01,0.009627962,-3.140275e-06,0.009598723,0.2429985,0,0,0,0
1681349191.8450682,3.0,442.3,0.67,0.01,0.009627962,1.147635e-05,0.009627969,0.06839932,0,0,0,0
1681349195.4005492,3.0,442.3,0.69,0.01,0.00961334,1.147635e-05,0.009627978,359.9813,0,0,0,0
1681349198.9580452,3.0,442.3,0.72,0.01,0.00961334,1.147635e-05,0.009627962,359.9813,0,0,0,0
1681349202.5073495,3.0,442.3,0.74,0.01,0.00961334,-3.140275e-06,0.009613346,0.06839932,0,0,0,0
1681349206.0702474,3.0,442.3,0.77,0.01,0.009627962,-3.140275e-06,0.009613341,359.9813,0,0,0,0
1681349209.6316679,3.0,442.3,0.79,0.01,0.00961334,-3.140275e-06,0.009613346,0.1552783,0,0,0,0
1681349213.17445,3.0,442.3,0.82,0.01,0.009598716,1.147635e-05,0.009598716,0.1555144,0,0,0,0
1681349216.7027495,3.0,442.3,0.85,0.01,0.009627962,1.147635e-05,0.009613425,0.06839932,0,0,0,0
1681349220.2585115,3.0,442.3,0.87,0.01,0.00961334,1.147635e-05,0.009598723,359.9813,0,0,0,0
1681349223.8098233,3.0,442.3,0.9,0.01,0.009627962,1.147635e-05,0.009613374,0.06829543,0,0,0,0
1681349227.3786507,3.0,442.3,0.92,0.01,0.00961334,1.147635e-05,0.009613346,0.06829543,0,0,0,0
1681349230.919394,3.0,442.3,0.95,0.01,0.00961334,1.147635e-05,0.009613346,0.06839932,0,0,0,0
1681349234.452228,3.0,442.3,0.97,0.01,0.00961334,2.609297e-05,0.009613346,0.1555144,0,0,0,0
1681349237.992474,3.0,442.3,1.0,0.01,0.00961334,1.147635e-05,0.009613346,0.1555144,0,0,0,0
1681349241.5608864,3.0,442.3,1.0,0.01,0.009627962,1.147635e-05,0.009613346,359.8943,0,0,0,0
1681349245.103943,3.0,442.3,0.97,0.01,0.009627962,2.609297e-05,0.009627969,0.06839932,0,0,0,0
1681349248.6697605,3.0,442.3,0.95,0.01,0.009627962,1.147635e-05,0.009613346,359.9813,0,0,0,0
1681349252.2113574,3.0,442.3,0.92,0.01,0.00961334,1.147635e-05,0.009613346,0.1555144,0,0,0,0
1681349255.7718031,3.0,442.3,0.9,0.01,0.00961334,-3.140275e-06,0.009613346,359.9813,0,0,0,0
1681349259.2980382,3.0,442.3,0.87,0.01,0.009598716,1.147635e-05,0.009613346,0.1555144,0,0,0,0
1681349262.858985,3.0,442.3,0.85,0.01,0.00961334,1.147635e-05,0.009613374,0.06829543,0,0,0,0
1681349266.3991106,3.0,442.3,0.82,0.01,0.009598716,1.147635e-05,0.009613374,0.06839932,0,0,0,0
1681349269.9591393,3.0,442.3,0.79,0.01,0.00961334,-3.140275e-06,0.009598751,0.06839932,0,0,0,0
1681349273.5393722,3.0,442.3,0.77,0.01,0.00961334,2.609297e-05,0.009598751,359.9813,0,0,0,0
1681349277.0932622,3.0,442.3,0.74,0.01,0.00961334,1.147635e-05,0.009627997,359.9813,0,0,0,0
1681349280.6554294,3.0,442.3,0.72,0.01,0.009627962,1.147635e-05,0.009613346,0.06850353,0,0,0,0
1681349284.192902,3.0,442.3,0.69,0.01,0.009598716,2.609297e-05,0.009598751,0.06850353,0,0,0,0
1681349287.7534292,3.0,442.3,0.67,0.01,0.00961334,1.147635e-05,0.009598716,0.06839932,0,0,0,0
1681349291.3060064,3.0,442.3,0.64,0.01,0.00961334,-3.140275e-06,0.009613374,0.06850353,0,0,0,0
1681349294.8659763,3.0,442.3,0.62,0.01,0.009598716,-3.140275e-06,0.009598751,359.9813,0,0,0,0
1681349298.4250867,3.0,442.3,0.59,0.01,0.00961334,-3.140275e-06,0.009613374,0.06839932,0,0,0,0
1681349301.967008,3.0,442.3,0.56,0.01,0.009598716,-3.140275e-06,0.009598723,0.06839932,0,0,0,0
1681349305.5322876,3.0,442.3,0.54,0.01,0.009598716,2.609297e-05,0.009598723,0.06839932,0,0,0,0
1681349309.1048832,3.0,442.3,0.51,0.01,0.00961334,2.609297e-05,0.009613346,0.06850353,0,0,0,0
1681349312.6836772,3.0,442.3,0.49,0.01,0.00961334,1.147635e-05,0.009613346,0.06850353,0,0,0,0
1681349316.23744,3.0,442.3,0.46,0.01,0.00961334,-3.140275e-06,0.009598716,0.1555144,0,0,0,0
1681349319.7877436,3.0,442.3,0.44,0.01,0.009627962,1.147635e-05,0.009598716,359.9813,0,0,0,0
1681349323.3295574,3.0,442.3,0.41,0.01,0.00961334,1.147635e-05,0.009613346,0.06839932,0,0,0,0
1681349326.8898194,3.0,442.3,0.38,0.01,0.009598716,-3.140275e-06,0.009613341,0.06839932,0,0,0,0
1681349330.444549,3.0,442.3,0.36,0.01,0.00961334,1.147635e-05,0.009613374,359.9813,0,0,0,0
1681349333.9821634,3.0,442.3,0.33,0.01,0.00961334,-3.140275e-06,0.009613346,0.1555144,0,0,0,0
1681349337.537998,3.0,442.3,0.31,0.01,0.00961334,2.609297e-05,0.009598723,0.06839932,0,0,0,0
1681349341.0955899,3.0,442.3,0.28,0.01,0.00961334,1.147635e-05,0.009613346,0.06839932,0,0,0,0
1681349344.6377068,3.0,442.3,0.26,0.01,0.009598716,-1.77569e-05,0.009613346,0.06839932,0,0,0,0
1681349348.2015648,3.0,442.3,0.23,0.01,0.009627962,2.609297e-05,0.009613346,359.9813,0,0,0,0
1681349351.757834,3.0,442.3,0.21,0.01,0.00961334,1.147635e-05,0.009598716,0.1555144,0,0,0,0
1681349355.2923849,3.0,442.3,0.18,0.01,0.009627962,1.147635e-05,0.009598751,359.9813,0,0,0,0
1681349358.8600485,3.0,442.3,0.15,0.01,0.00961334,1.147635e-05,0.009613346,0.1557514,0,0,0,0
1681349362.398059,3.0,442.3,0.13,0.01,0.00961334,1.147635e-05,0.009598723,0.06839932,0,0,0,0
1681349365.9790525,3.0,442.3,0.1,0.01,0.009598716,1.147635e-05,0.009613374,0.06839932,0,0,0,0
1681349369.5478592,3.0,442.3,0.08,0.01,0.00961334,1.147635e-05,0.009613341,0.2426289,0,0,0,0
1681349373.0864198,3.0,442.3,0.05,0.01,0.00961334,-3.140275e-06,0.009613346,359.9813,0,0,0,0
1681349376.6337361,3.0,442.3,0.03,0.01,0.009598716,1.147635e-05,0.009613374,359.9813,0,0,0,0
1681349380.1916761,3.0,442.3,0.0,0.01,0.009598716,2.609297e-05,0.009598751,359.9813,0,0,0,0
