t,f2,bias,v2,x2,y2,r2,theta2,x8,y8,r8,theta8
1681336196.0423884,442.3,0.0,0.1,0.001207891,-7.850687e-07,0.001207891,0.1360936,-0.0986638,-0.00166322,-0.0146027,-179.034
1681336200.123351,442.3,0.05,0.1,0.001204235,2.869087e-06,0.001207894,0.3094241,-0.0986638,-0.00164796,-0.0146027,-179.046
1681336204.1980383,442.3,0.1,0.1,0.001207891,2.869087e-06,0.001207894,359.9628,-0.0986638,-0.00164796,-0.0146027,-179.046
1681336208.283079,442.3,0.15,0.1,0.001207891,-7.850687e-07,0.001207891,0.1360936,-0.0986638,-0.00164796,-0.0146027,-179.046
1681336212.3720367,442.3,0.2,0.1,0.001207891,2.869087e-06,0.001207891,359.7894,-0.0986638,-0.00164796,-0.0146027,-179.046
1681336216.4290214,442.3,0.25,0.1,0.001211547,6.523243e-06,0.001207891,0.1365068,-0.0986638,-0.00164796,-0.0146027,-179.046
1681336220.482658,442.3,0.3,0.1,0.001207891,2.869087e-06,0.001207894,359.9628,-0.0986638,-0.00164796,-0.0146027,-179.046
1681336224.5624797,442.3,0.35,0.1,0.001207891,-7.850687e-07,0.001207894,359.9628,-0.0986638,-0.00164033,-0.0146027,-179.046
1681336228.632118,442.3,0.4,0.1,0.001204235,2.869087e-06,0.001207894,0.1356829,-0.0986714,-0.00164796,-0.0145951,-179.046
1681336232.6943703,442.3,0.45,0.1,0.001207891,2.869087e-06,0.001207894,359.9626,-0.0986638,-0.00164796,-0.0146027,-179.046
1681336236.747726,442.3,0.5,0.1,0.001207891,2.869087e-06,0.001204239,359.9628,-0.0986714,-0.00164796,-0.0145951,-179.046
1681336240.8084254,442.3,0.55,0.1,0.001207891,2.869087e-06,0.001204235,0.1360936,-0.0986638,-0.00164796,-0.0146027,-179.046
1681336244.8718653,442.3,0.6,0.1,0.001207891,6.523243e-06,0.00121155,0.1360936,-0.0986714,-0.00164796,-0.0145951,-179.046
1681336248.9405475,442.3,0.65,0.1,0.001211547,2.869087e-06,0.001207891,0.1360936,-0.0986714,-0.00164796,-0.0145951,-179.046
1681336253.0099413,442.3,0.7,0.1,0.001207891,2.869087e-06,0.001207894,359.9628,-0.0986638,-0.00164796,-0.0146027,-179.046
1681336257.080148,442.3,0.75,0.1,0.001207891,-7.850687e-07,0.001207894,359.9628,-0.0986638,-0.00164796,-0.0146027,-179.046
1681336261.1510894,442.3,0.8,0.1,0.001207891,2.869087e-06,0.001207909,359.9629,-0.0986638,-0.00164796,-0.0146027,-179.046
1681336265.2171772,442.3,0.85,0.1,0.001207891,2.869087e-06,0.001204239,0.1365068,-0.0986638,-0.00164796,-0.0146027,-179.046
1681336269.28965,442.3,0.9,0.1,0.001207891,2.869087e-06,0.001207891,359.9628,-0.0986638,-0.00164033,-0.0146027,-179.046
1681336273.357059,442.3,0.95,0.1,0.001204235,6.523243e-06,0.001207894,0.1360936,-0.0986638,-0.00164033,-0.0146027,-179.046
1681336277.4480116,442.3,1.01,0.1,0.001207891,2.869087e-06,0.001204239,0.1365068,-0.0986714,-0.00164796,-0.0145951,-179.046
1681336281.487995,442.3,1.06,0.1,0.001211547,6.523243e-06,0.001207891,0.3084905,-0.0986638,-0.00164796,-0.0146027,-179.046
1681336285.55235,442.3,1.11,0.1,0.001207891,2.869087e-06,0.001207891,359.9628,-0.0986638,-0.00164796,-0.0146027,-179.046
1681336289.61411,442.3,1.16,0.1,0.001207891,6.523243e-06,0.001211564,0.1360936,-0.0986638,-0.00164796,-0.0146027,-179.046
1681336293.7086875,442.3,1.21,0.1,0.001211547,6.523243e-06,0.001207891,359.9629,-0.0986638,-0.00164796,-0.0146027,-179.046
1681336297.782488,442.3,1.26,0.1,0.001211547,-7.850687e-07,0.001207891,0.1360936,-0.0986638,-0.00164796,-0.0146027,-179.046
1681336301.8365407,442.3,1.31,0.1,0.001207891,-7.850687e-07,0.001207891,359.9628,-0.0986638,-0.00164796,-0.0146027,-179.046
1681336305.9160054,442.3,1.36,0.1,0.001204235,2.869087e-06,0.001207894,359.7894,-0.0986638,-0.00164796,-0.0146027,-179.046
1681336310.0049303,442.3,1.41,0.1,0.001207891,-7.850687e-07,0.00121155,0.1360936,-0.0986638,-0.00164796,-0.0146027,-179.046
1681336314.0776618,442.3,1.46,0.1,0.001207891,2.869087e-06,0.001207891,359.9628,-0.0986638,-0.00165559,-0.0146027,-179.04
1681336318.1553895,442.3,1.51,0.1,0.001211547,-7.850687e-07,0.001207891,0.1360936,-0.0986638,-0.00164796,-0.0146027,-179.046
1681336322.2311742,442.3,1.56,0.1,0.001211547,6.523243e-06,0.00121155,359.9626,-0.0986638,-0.00164796,-0.0146027,-179.046
1681336326.2945404,442.3,1.61,0.1,0.001207891,2.869087e-06,0.001207894,359.9626,-0.0986638,-0.00164796,-0.0146027,-179.046
1681336330.344483,442.3,1.66,0.1,0.001207891,2.869087e-06,0.001207894,359.9629,-0.0986638,-0.00165559,-0.0146027,-179.04
1681336334.411952,442.3,1.71,0.1,0.001207891,-4.439225e-06,0.001207891,359.9629,-0.0986638,-0.00164796,-0.0146027,-179.046
1681336338.4759662,442.3,1.76,0.1,0.001207891,2.869087e-06,0.001207891,359.9629,-0.0986638,-0.00164796,-0.0146027,-179.046
1681336342.5204415,442.3,1.81,0.1,0.001211547,2.869087e-06,0.001207891,0.1360936,-0.0986638,-0.00164796,-0.0146027,-179.046
1681336346.584644,442.3,1.86,0.1,0.001204235,2.869087e-06,0.001207894,359.9628,-0.0986638,-0.00164796,-0.0146027,-179.046
1681336350.6589189,442.3,1.91,0.1,0.001204235,-7.850687e-07,0.001207891,0.1360936,-0.0986638,-0.00164796,-0.0146027,-179.046
1681336354.7141678,442.3,1.96,0.1,0.001207891,2.869087e-06,0.001207909,359.9628,-0.0986638,-0.00165559,-0.0146027,-179.04
1681336358.7806141,442.3,2.01,0.1,0.001207891,-7.850687e-07,0.00121155,359.9629,-0.0986638,-0.00164796,-0.0146027,-179.046
1681336362.8293788,442.3,2.06,0.1,0.001211547,-7.850687e-07,0.001207909,359.9629,-0.0986638,-0.00164796,-0.0146027,-179.046
1681336366.907976,442.3,2.11,0.1,0.001204235,-7.850687e-07,0.001207891,0.1360936,-0.0986638,-0.00164796,-0.0146104,-179.046
1681336370.9792514,442.3,2.16,0.1,0.001207891,2.869087e-06,0.00121155,359.9628,-0.0986638,-0.00164796,-0.0146027,-179.046
1681336375.0476947,442.3,2.21,0.1,0.001211547,-7.850687e-07,0.001207899,0.1360936,-0.0986638,-0.00164796,-0.0146027,-179.046
1681336379.1116703,442.3,2.26,0.1,0.001207891,-7.850687e-07,0.00121155,359.9628,-0.0986638,-0.00164796,-0.0146027,-179.046
1681336383.1858726,442.3,2.31,0.1,0.001207891,2.869087e-06,0.001207891,359.9628,-0.0986638,-0.00164796,-0.0146027,-179.046
1681336387.2384615,442.3,2.36,0.1,0.001207891,-7.850687e-07,0.001204239,359.9628,-0.0986638,-0.00164796,-0.0146027,-179.046
1681336391.3045108,442.3,2.41,0.1,0.001207891,2.869087e-06,0.001207891,0.1360936,-0.0986638,-0.00164796,-0.0146027,-179.046
1681336395.3702254,442.3,2.46,0.1,0.001207891,-7.850687e-07,0.001207891,0.1356829,-0.0986638,-0.00164796,-0.0146027,-179.046
1681336399.431013,442.3,2.51,0.1,0.001207891,-4.439225e-06,0.001207891,359.9628,-0.0986638,-0.00164796,-0.0146027,-179.046
1681336403.463511,442.3,2.56,0.1,0.001207891,-4.439225e-06,0.001207891,359.7888,-0.0986638,-0.00164796,-0.0146027,-179.046
1681336407.5191042,442.3,2.61,0.1,0.001207891,2.869087e-06,0.001207891,359.9628,-0.0986638,-0.00164796,-0.0146027,-179.046
1681336411.578631,442.3,2.66,0.1,0.001207891,-7.850687e-07,0.001207909,359.9628,-0.0986638,-0.00164796,-0.0146027,-179.046
1681336415.6657019,442.3,2.71,0.1,0.001207891,2.869087e-06,0.001204235,359.9628,-0.0986638,-0.00164033,-0.0146027,-179.046
1681336419.747135,442.3,2.76,0.1,0.001207891,2.869087e-06,0.001204235,359.9628,-0.0986638,-0.00164796,-0.0146027,-179.046
1681336423.7949526,442.3,2.81,0.1,0.001211547,-7.850687e-07,0.001207894,359.9628,-0.0986638,-0.00164796,-0.0146104,-179.046
1681336427.883741,442.3,2.86,0.1,0.001207891,2.869087e-06,0.001207891,359.9628,-0.0986638,-0.00164796,-0.0146027,-179.046
1681336431.942941,442.3,2.91,0.1,0.001207891,2.869087e-06,0.001207894,0.1365068,-0.0986638,-0.00164796,-0.0146027,-179.046
1681336436.0224764,442.3,2.96,0.1,0.001211547,-7.850687e-07,0.001204239,359.9628,-0.0986638,-0.00164796,-0.0146027,-179.046
1681336440.0891306,442.3,3.02,0.1,0.001207891,2.869087e-06,0.001207894,0.1360936,-0.0986638,-0.00165559,-0.0146027,-179.04
1681336444.1521547,442.3,3.07,0.1,0.001207891,2.869087e-06,0.00121155,359.9628,-0.0986638,-0.00164796,-0.0146027,-179.046
1681336448.2177765,442.3,3.12,0.1,0.001207891,2.869087e-06,0.001204239,359.9629,-0.0986638,-0.00164796,-0.0146027,-179.046
1681336452.2926497,442.3,3.17,0.1,0.001211547,2.869087e-06,0.001207891,0.3084905,-0.0986638,-0.00164796,-0.0146027,-179.046
1681336456.3490026,442.3,3.22,0.1,0.001207891,6.523243e-06,0.00121155,359.9628,-0.0986638,-0.00164796,-0.0146027,-179.046
1681336460.4060292,442.3,3.27,0.1,0.001207891,2.869087e-06,0.001207891,0.3103634,-0.0986638,-0.00164796,-0.0146027,-179.046
1681336464.4500403,442.3,3.32,0.1,0.001207891,2.869087e-06,0.001207891,359.9628,-0.0986638,-0.00164796,-0.0146027,-179.046
1681336468.5143778,442.3,3.37,0.1,0.001204235,2.869087e-06,0.001207891,359.9628,-0.0986638,-0.00165559,-0.0146027,-179.04
1681336472.587134,442.3,3.42,0.1,0.001207891,-7.850687e-07,0.001207891,359.9626,-0.0986638,-0.00164796,-0.0146027,-179.046
1681336476.6360545,442.3,3.47,0.1,0.001211547,2.869087e-06,0.001204243,0.1365068,-0.0986638,-0.00165559,-0.0146027,-179.04
1681336480.7077992,442.3,3.52,0.1,0.001207891,2.869087e-06,0.001207894,0.1360936,-0.0986638,-0.00164796,-0.0146027,-179.046
1681336484.7771087,442.3,3.57,0.1,0.001207891,-7.850687e-07,0.001207899,359.9628,-0.0986638,-0.00164796,-0.0146027,-179.046
1681336488.8665013,442.3,3.62,0.1,0.001207891,-7.850687e-07,0.001204239,359.9628,-0.0986638,-0.00164796,-0.0146104,-179.046
1681336492.943807,442.3,3.67,0.1,0.001207891,2.869087e-06,0.001207909,0.1360936,-0.0986638,-0.00164796,-0.0146027,-179.046
1681336496.9906797,442.3,3.72,0.1,0.001207891,2.869087e-06,0.001207894,0.1360936,-0.0986638,-0.00165559,-0.0146027,-179.04
1681336501.0399795,442.3,3.77,0.1,0.001207891,-4.439225e-06,0.001207909,359.9628,-0.0986638,-0.00165559,-0.0146027,-179.04
1681336505.1091082,442.3,3.82,0.1,0.001207891,-7.850687e-07,0.001207894,0.3094241,-0.0986638,-0.00165559,-0.0146027,-179.04
1681336509.1783168,442.3,3.87,0.1,0.001207891,6.523243e-06,0.001207891,0.1360936,-0.0986638,-0.00164796,-0.0146027,-179.046
1681336513.2445316,442.3,3.92,0.1,0.001207891,2.869087e-06,0.001207909,359.9626,-0.0986638,-0.00164796,-0.0146027,-179.046
1681336517.3134835,442.3,3.97,0.1,0.001207891,-7.850687e-07,0.001204239,0.1360936,-0.0986638,-0.00164796,-0.0146027,-179.046
1681336521.390982,442.3,4.02,0.1,0.001207891,-7.850687e-07,0.001207891,359.9628,-0.0986638,-0.00165559,-0.0146027,-179.04
1681336525.4484322,442.3,4.07,0.1,0.001211547,2.869087e-06,0.00121155,0.3094241,-0.0986638,-0.00164796,-0.0146027,-179.046
1681336529.4894435,442.3,4.12,0.1,0.001207891,2.869087e-06,0.001207891,0.1360936,-0.0986638,-0.00165559,-0.0146027,-179.04
1681336533.561547,442.3,4.17,0.1,0.001204235,2.869087e-06,0.001207894,0.1365068,-0.0986638,-0.00164796,-0.0146027,-179.046
1681336537.6311843,442.3,4.22,0.1,0.001211547,-7.850687e-07,0.001207891,0.1360936,-0.0986638,-0.00164796,-0.0146027,-179.046
1681336541.6902506,442.3,4.27,0.1,0.001207891,2.869087e-06,0.001207894,359.9626,-0.0986638,-0.00164796,-0.0146027,-179.046
1681336545.7527099,442.3,4.32,0.1,0.001207891,2.869087e-06,0.00121155,359.7894,-0.0986638,-0.00164796,-0.0146027,-179.046
1681336549.810877,442.3,4.37,0.1,0.001207891,-7.850687e-07,0.001207891,359.9628,-0.0986638,-0.00165559,-0.0146027,-179.04
1681336553.8834186,442.3,4.42,0.1,0.001207891,2.869087e-06,0.001207891,0.3103634,-0.0986638,-0.00164796,-0.0146027,-179.046
1681336557.9602346,442.3,4.47,0.1,0.001211547,2.869087e-06,0.001204253,0.1360936,-0.0986638,-0.00164796,-0.0146027,-179.046
1681336562.0166564,442.3,4.52,0.1,0.001207891,2.869087e-06,0.001207891,0.1360936,-0.0986638,-0.00164796,-0.0146027,-179.046
1681336566.0921876,442.3,4.57,0.1,0.001207891,-7.850687e-07,0.001207909,0.1360936,-0.0986638,-0.00164796,-0.0146027,-179.046
1681336570.1615243,442.3,4.62,0.1,0.001207891,2.869087e-06,0.001207909,359.7901,-0.0986638,-0.00164796,-0.0146027,-179.046
1681336574.250675,442.3,4.67,0.1,0.001207891,-7.850687e-07,0.001207909,0.1360936,-0.0986638,-0.00164796,-0.0146027,-179.046
1681336578.3094237,442.3,4.72,0.1,0.001207891,6.523243e-06,0.001207894,359.9628,-0.0986638,-0.00164796,-0.0146104,-179.046
1681336582.3740613,442.3,4.77,0.1,0.001207891,2.869087e-06,0.001207891,0.1360936,-0.0986638,-0.00164796,-0.0146104,-179.046
1681336586.4066734,442.3,4.82,0.1,0.001207891,2.869087e-06,0.001207891,359.9628,-0.0986638,-0.00164796,-0.0146104,-179.046
1681336590.4573755,442.3,4.87,0.1,0.001207891,2.869087e-06,0.001204239,359.6149,-0.0986638,-0.00164796,-0.0146104,-179.046
1681336594.5191467,442.3,4.92,0.1,0.001207891,2.869087e-06,0.001207909,0.1360936,-0.0986638,-0.00164796,-0.0146027,-179.046
1681336598.5860775,442.3,4.97,0.1,0.001204235,2.869087e-06,0.001207891,0.1360936,-0.0986638,-0.00164796,-0.0146027,-179.046
1681336602.6354651,442.3,5.03,0.1,0.001211547,-7.850687e-07,0.001207894,0.1360936,-0.0986638,-0.00164796,-0.0146104,-179.046
1681336606.6979141,442.3,5.08,0.1,0.001207891,-7.850687e-07,0.001207891,359.9629,-0.0986638,-0.00164796,-0.0146027,-179.046
1681336610.7830057,442.3,5.13,0.1,0.001207891,-7.850687e-07,0.001207891,359.7894,-0.0986638,-0.00165559,-0.0146027,-179.04
1681336614.8364072,442.3,5.18,0.1,0.001207891,-7.850687e-07,0.001207891,359.9628,-0.0986638,-0.00164796,-0.0146027,-179.046
1681336618.9202948,442.3,5.23,0.1,0.001211547,-7.850687e-07,0.001204239,0.1360936,-0.0986638,-0.00164796,-0.0146104,-179.046
1681336623.002691,442.3,5.28,0.1,0.001207891,2.869087e-06,0.001204239,359.9628,-0.0986638,-0.00164796,-0.0146027,-179.046
1681336627.0834908,442.3,5.33,0.1,0.001207891,2.869087e-06,0.001207894,359.9628,-0.0986638,-0.00164796,-0.0146027,-179.046
1681336631.140492,442.3,5.38,0.1,0.001207891,2.869087e-06,0.001207894,359.9628,-0.0986638,-0.00164796,-0.0146104,-179.046
1681336635.223883,442.3,5.43,0.1,0.001207891,-7.850687e-07,0.001207894,359.9628,-0.0986638,-0.00164796,-0.0146104,-179.046
1681336639.3050492,442.3,5.48,0.1,0.001207891,-7.850687e-07,0.001207899,359.9628,-0.0986638,-0.00164796,-0.0146104,-179.046
1681336643.352274,442.3,5.53,0.1,0.001207891,2.869087e-06,0.001207899,0.1360936,-0.0986638,-0.00164796,-0.0146104,-179.046
1681336647.4465168,442.3,5.58,0.1,0.001211547,-7.850687e-07,0.001207891,0.3094241,-0.0986638,-0.00164796,-0.0146104,-179.046
1681336651.5056376,442.3,5.63,0.1,0.001207891,-4.439225e-06,0.00121155,0.1356829,-0.0986638,-0.00164796,-0.0146104,-179.046
1681336655.5868454,442.3,5.68,0.1,0.001211547,2.869087e-06,0.001207899,0.1360936,-0.0986638,-0.00164796,-0.0146104,-179.046
1681336659.6341453,442.3,5.73,0.1,0.001211547,2.869087e-06,0.001207891,0.1360936,-0.0986638,-0.00164796,-0.0146104,-179.046
1681336663.7035007,442.3,5.78,0.1,0.001207891,-7.850687e-07,0.001207894,0.1360936,-0.0986638,-0.00164796,-0.0146104,-179.046
1681336667.7879424,442.3,5.83,0.1,0.001207891,2.869087e-06,0.001207891,0.1360936,-0.0986638,-0.00164796,-0.0146027,-179.046
1681336671.8535285,442.3,5.88,0.1,0.001211547,2.869087e-06,0.00121155,0.3094241,-0.0986638,-0.00165559,-0.0146104,-179.04
1681336675.9080186,442.3,5.93,0.1,0.001207891,2.869087e-06,0.001207894,359.9629,-0.0986638,-0.00164796,-0.0146027,-179.046
1681336679.9741685,442.3,5.98,0.1,0.001207891,-7.850687e-07,0.001207894,359.9628,-0.0986638,-0.00164796,-0.0146104,-179.046
1681336684.035439,442.3,6.03,0.1,0.001211547,-7.850687e-07,0.001207894,359.9629,-0.0986638,-0.00164796,-0.0146104,-179.046
1681336688.0989544,442.3,6.08,0.1,0.001207891,2.869087e-06,0.001207909,0.1360936,-0.0986638,-0.00165559,-0.0146104,-179.04
1681336692.1675289,442.3,6.13,0.1,0.001207891,-7.850687e-07,0.001211564,0.1360936,-0.0986638,-0.00164796,-0.0146104,-179.046
1681336696.2587712,442.3,6.18,0.1,0.001207891,6.523243e-06,0.00121155,0.3094241,-0.0986638,-0.00164796,-0.0146104,-179.046
1681336700.3095434,442.3,6.23,0.1,0.001211547,-7.850687e-07,0.001207891,359.9628,-0.0986638,-0.00164796,-0.0146027,-179.046
1681336704.381057,442.3,6.28,0.1,0.001207891,6.523243e-06,0.001207894,359.9628,-0.0986638,-0.00164796,-0.0146027,-179.046
1681336708.4515927,442.3,6.33,0.1,0.001207891,2.869087e-06,0.001207891,359.9628,-0.0986638,-0.00164796,-0.0146104,-179.046
1681336712.5145347,442.3,6.38,0.1,0.001204235,6.523243e-06,0.001207891,0.3084905,-0.0986638,-0.00164796,-0.0146027,-179.046
1681336716.5683417,442.3,6.43,0.1,0.001207891,2.869087e-06,0.001207894,359.7894,-0.0986638,-0.00164796,-0.0146027,-179.046
1681336720.6137385,442.3,6.48,0.1,0.001211547,6.523243e-06,0.001207891,359.9628,-0.0986638,-0.00165559,-0.0146104,-179.04
1681336724.6638215,442.3,6.53,0.1,0.001207891,2.869087e-06,0.001204239,0.1356829,-0.0986638,-0.00164796,-0.0146027,-179.046
1681336728.7188632,442.3,6.58,0.1,0.001207891,-7.850687e-07,0.001207894,0.3094241,-0.0986638,-0.00165559,-0.0146027,-179.04
1681336732.7751935,442.3,6.63,0.1,0.001207891,-7.850687e-07,0.001207894,359.9629,-0.0986638,-0.00164796,-0.0146104,-179.046
1681336736.8407528,442.3,6.68,0.1,0.001207891,-7.850687e-07,0.001207891,0.1365068,-0.0986638,-0.00164796,-0.0146104,-179.046
1681336740.8934467,442.3,6.73,0.1,0.001211547,2.869087e-06,0.001207894,359.9628,-0.0986638,-0.00164796,-0.0146104,-179.046
1681336744.9609547,442.3,6.78,0.1,0.001207891,-7.850687e-07,0.001207894,359.7894,-0.0986638,-0.00165559,-0.0146027,-179.04
1681336749.056657,442.3,6.83,0.1,0.001207891,-7.850687e-07,0.001207891,0.1360936,-0.0986638,-0.00165559,-0.0146104,-179.04
1681336753.136485,442.3,6.88,0.1,0.001207891,-7.850687e-07,0.001207891,0.1360936,-0.0986638,-0.00165559,-0.0146104,-179.04
1681336757.208509,442.3,6.93,0.1,0.001204235,-4.439225e-06,0.001207894,0.1360936,-0.0986638,-0.00165559,-0.0146104,-179.04
1681336761.2682426,442.3,6.98,0.1,0.001204235,2.869087e-06,0.001204243,359.9629,-0.0986638,-0.00164796,-0.0146104,-179.046
1681336765.332146,442.3,7.04,0.1,0.001204235,-4.439225e-06,0.001204239,359.9628,-0.0986638,-0.00165559,-0.0146104,-179.04
1681336769.3941383,442.3,7.09,0.1,0.001207891,-7.850687e-07,0.001207894,359.9628,-0.0986638,-0.00164796,-0.0146027,-179.046
1681336773.4797282,442.3,7.14,0.1,0.001207891,-7.850687e-07,0.001204235,359.9628,-0.0986638,-0.00164796,-0.0146027,-179.046
1681336777.5291507,442.3,7.19,0.1,0.001207891,2.869087e-06,0.001207894,359.9628,-0.0986638,-0.00164796,-0.0146027,-179.046
1681336781.5998952,442.3,7.24,0.1,0.001211547,2.869087e-06,0.001207909,0.1360936,-0.0986638,-0.00165559,-0.0146104,-179.04
1681336785.6724157,442.3,7.29,0.1,0.001207891,-7.850687e-07,0.001207891,0.1360936,-0.0986638,-0.00164796,-0.0146104,-179.046
1681336789.738531,442.3,7.34,0.1,0.001204235,-7.850687e-07,0.001207891,0.1360936,-0.0986638,-0.00164796,-0.0146104,-179.046
1681336793.8130095,442.3,7.39,0.1,0.001207891,2.869087e-06,0.001207891,359.9628,-0.0986638,-0.00164796,-0.0146027,-179.046
1681336797.8775008,442.3,7.44,0.1,0.001211547,-7.850687e-07,0.001204239,359.9628,-0.0986638,-0.00164796,-0.0146104,-179.046
1681336801.951711,442.3,7.49,0.1,0.001207891,-7.850687e-07,0.001207899,0.1360936,-0.0986638,-0.00164796,-0.0146027,-179.046
1681336805.9959369,442.3,7.54,0.1,0.001207891,-4.439225e-06,0.001207891,359.9628,-0.0986638,-0.00164796,-0.0146104,-179.046
1681336810.049022,442.3,7.59,0.1,0.001207891,-7.850687e-07,0.001211564,0.1360936,-0.0986638,-0.00164796,-0.0146104,-179.046
1681336814.115646,442.3,7.64,0.1,0.001211547,2.869087e-06,0.001207891,359.9629,-0.0986638,-0.00165559,-0.0146104,-179.04
1681336818.1758723,442.3,7.69,0.1,0.001204235,-7.850687e-07,0.001207894,359.9628,-0.0986638,-0.00164796,-0.0146104,-179.046
1681336822.2392955,442.3,7.74,0.1,0.001204235,-7.850687e-07,0.001207891,0.1360936,-0.0986638,-0.00165559,-0.0146104,-179.04
1681336826.29851,442.3,7.79,0.1,0.001207891,-7.850687e-07,0.001204239,0.1360936,-0.0986638,-0.00165559,-0.0146104,-179.04
1681336830.3588765,442.3,7.84,0.1,0.001211547,-7.850687e-07,0.001204235,359.9628,-0.0986638,-0.00165559,-0.0146104,-179.04
1681336834.4304755,442.3,7.89,0.1,0.001207891,-7.850687e-07,0.001207894,0.1360936,-0.0986638,-0.00164796,-0.0146104,-179.046
1681336838.4945385,442.3,7.94,0.1,0.001207891,2.869087e-06,0.001207891,0.1360936,-0.0986638,-0.00164796,-0.0146027,-179.046
1681336842.5575724,442.3,7.99,0.1,0.001207891,2.869087e-06,0.001207891,0.1365068,-0.0986638,-0.00165559,-0.0146104,-179.04
1681336846.6347337,442.3,8.04,0.1,0.001207891,2.869087e-06,0.001207891,359.9629,-0.0986638,-0.00164796,-0.0146104,-179.046
1681336850.7204988,442.3,8.09,0.1,0.001207891,2.869087e-06,0.001204235,359.9628,-0.0986638,-0.00164796,-0.0146104,-179.046
1681336854.7881985,442.3,8.14,0.1,0.001207891,2.869087e-06,0.001207894,0.1360936,-0.0986638,-0.00164796,-0.0146104,-179.046
1681336858.8523233,442.3,8.19,0.1,0.001207891,2.869087e-06,0.001207891,0.1356829,-0.0986638,-0.00164796,-0.0146104,-179.046
1681336862.920115,442.3,8.24,0.1,0.001207891,2.869087e-06,0.001207894,359.9629,-0.0986638,-0.00164796,-0.0146104,-179.046
1681336866.9951036,442.3,8.29,0.1,0.001207891,2.869087e-06,0.001204253,0.1360936,-0.0986638,-0.00164796,-0.0146104,-179.046
1681336871.0580995,442.3,8.34,0.1,0.001207891,2.869087e-06,0.001207894,0.1360936,-0.0986638,-0.00164796,-0.0146104,-179.046
1681336875.1358538,442.3,8.39,0.1,0.001207891,2.869087e-06,0.001207891,0.1360936,-0.0986638,-0.00164796,-0.0146104,-179.046
1681336879.190385,442.3,8.44,0.1,0.001207891,-7.850687e-07,0.001204253,0.1360936,-0.0986638,-0.00165559,-0.0146104,-179.04
1681336883.2511272,442.3,8.49,0.1,0.001207891,-7.850687e-07,0.001207891,0.1360936,-0.0986638,-0.00164796,-0.0146104,-179.046
1681336887.3200076,442.3,8.54,0.1,0.001204235,-7.850687e-07,0.001207891,359.9628,-0.0986638,-0.00164796,-0.0146104,-179.046
1681336891.3693178,442.3,8.59,0.1,0.001207891,6.523243e-06,0.001207894,359.9628,-0.0986638,-0.00164796,-0.0146104,-179.046
1681336895.441952,442.3,8.64,0.1,0.001207891,-7.850687e-07,0.001207894,0.1360936,-0.0986638,-0.00164796,-0.0146104,-179.046
1681336899.510505,442.3,8.69,0.1,0.001207891,-7.850687e-07,0.001207891,0.1360936,-0.0986638,-0.00164796,-0.0146104,-179.046
1681336903.5576365,442.3,8.74,0.1,0.001207891,2.869087e-06,0.001207891,359.9628,-0.0986638,-0.00165559,-0.0146104,-179.04
1681336907.6197367,442.3,8.79,0.1,0.001207891,2.869087e-06,0.001207909,0.1360936,-0.0986638,-0.00164796,-0.0146104,-179.046
1681336911.6739104,442.3,8.84,0.1,0.001211547,2.869087e-06,0.001204253,359.7888,-0.0986638,-0.00164796,-0.0146104,-179.046
1681336915.743136,442.3,8.89,0.1,0.001207891,6.523243e-06,0.00121155,0.1360936,-0.0986638,-0.00164796,-0.0146104,-179.046
1681336919.8144846,442.3,8.94,0.1,0.001207891,6.523243e-06,0.001207894,359.7901,-0.0986638,-0.00164796,-0.0146104,-179.046
1681336923.8762643,442.3,8.99,0.1,0.001207891,2.869087e-06,0.001204235,359.9628,-0.0986638,-0.00164796,-0.0146104,-179.046
1681336927.948949,442.3,9.05,0.1,0.001207891,2.869087e-06,0.001211547,0.1360936,-0.0986562,-0.00164796,-0.014618,-179.046
1681336932.0165117,442.3,9.1,0.1,0.001207891,2.869087e-06,0.001207899,0.1360936,-0.0986638,-0.00164796,-0.0146104,-179.046
1681336936.077839,442.3,9.15,0.1,0.001204235,2.869087e-06,0.001207894,359.9626,-0.0986638,-0.00164796,-0.0146104,-179.046
1681336940.1297014,442.3,9.2,0.1,0.001207891,-4.439225e-06,0.001204253,359.9628,-0.0986638,-0.00164796,-0.0146027,-179.046
1681336944.18908,442.3,9.25,0.1,0.001207891,2.869087e-06,0.001204253,0.1360936,-0.0986638,-0.00164033,-0.0146104,-179.046
1681336948.2480936,442.3,9.3,0.1,0.001204235,2.869087e-06,0.001207899,0.1360936,-0.0986638,-0.00164796,-0.0146104,-179.046
1681336952.3069413,442.3,9.35,0.1,0.001207891,-7.850687e-07,0.001207909,359.9628,-0.0986638,-0.00164796,-0.0146027,-179.046
1681336956.3819108,442.3,9.4,0.1,0.001211547,2.869087e-06,0.001207891,0.1360936,-0.0986638,-0.00164796,-0.0146104,-179.046
1681336960.452329,442.3,9.45,0.1,0.001207891,-7.850687e-07,0.001204239,0.1360936,-0.0986638,-0.00164796,-0.0146104,-179.046
1681336964.5128753,442.3,9.5,0.1,0.001204235,-7.850687e-07,0.00121155,0.1360936,-0.0986638,-0.00164796,-0.0146104,-179.046
1681336968.5776596,442.3,9.55,0.1,0.001207891,2.869087e-06,0.001207891,359.9628,-0.0986638,-0.00164033,-0.0146104,-179.046
1681336972.6534445,442.3,9.6,0.1,0.001207891,-7.850687e-07,0.001207909,0.1360936,-0.0986638,-0.00164796,-0.0146104,-179.046
1681336976.69551,442.3,9.65,0.1,0.001204235,-7.850687e-07,0.001207894,359.9628,-0.0986638,-0.00164796,-0.0146104,-179.046
1681336980.7505326,442.3,9.7,0.1,0.001207891,-7.850687e-07,0.001204235,0.1360936,-0.0986638,-0.00164796,-0.0146104,-179.046
1681336984.8012083,442.3,9.75,0.1,0.001207891,-4.439225e-06,0.001207891,0.3094241,-0.0986638,-0.00164796,-0.0146104,-179.046
1681336988.8533568,442.3,9.8,0.1,0.001207891,2.869087e-06,0.001207934,359.9628,-0.0986638,-0.00164796,-0.0146104,-179.046
1681336992.9123275,442.3,9.85,0.1,0.001207891,-7.850687e-07,0.001207894,0.1360936,-0.0986638,-0.00164796,-0.0146104,-179.046
1681336996.9771845,442.3,9.9,0.1,0.001207891,2.869087e-06,0.001207894,0.1360936,-0.0986638,-0.00164796,-0.0146104,-179.046
1681337001.0249243,442.3,9.95,0.1,0.001207891,2.869087e-06,0.001207891,359.9628,-0.0986638,-0.00164033,-0.0146104,-179.046
1681337005.103046,442.3,10.0,0.1,0.001207891,-7.850687e-07,0.001207891,359.9628,-0.0986638,-0.00164796,-0.0146104,-179.046
1681337009.174996,442.3,10.0,0.1,0.001207891,-7.850687e-07,0.00121155,0.1360936,-0.0986638,-0.00164796,-0.0146104,-179.046
1681337013.2674048,442.3,9.95,0.1,0.001207891,6.523243e-06,0.001207894,0.3094241,-0.0986638,-0.00164796,-0.0146104,-179.046
1681337017.3455365,442.3,9.9,0.1,0.001207891,-7.850687e-07,0.001207894,0.1360936,-0.0986638,-0.00164033,-0.0146104,-179.046
1681337021.4057474,442.3,9.85,0.1,0.001207891,-7.850687e-07,0.001207899,0.1369224,-0.0986638,-0.00164033,-0.0146104,-179.046
1681337025.4936116,442.3,9.8,0.1,0.001207891,2.869087e-06,0.001211547,359.9628,-0.0986562,-0.00164796,-0.014618,-179.046
1681337029.5644195,442.3,9.75,0.1,0.001211547,-7.850687e-07,0.001204235,0.1360936,-0.0986638,-0.00164796,-0.0146104,-179.046
1681337033.6241248,442.3,9.7,0.1,0.001207891,-7.850687e-07,0.001204235,359.9629,-0.0986638,-0.00164796,-0.0146104,-179.046
1681337037.689156,442.3,9.65,0.1,0.001204235,2.869087e-06,0.00121155,359.9628,-0.0986638,-0.00164033,-0.0146104,-179.046
1681337041.7466948,442.3,9.6,0.1,0.001204235,-4.439225e-06,0.001211547,0.1360936,-0.0986638,-0.00164796,-0.0146104,-179.046
1681337045.8121717,442.3,9.55,0.1,0.001207891,2.869087e-06,0.001204235,359.9628,-0.0986638,-0.00164033,-0.0146104,-179.046
1681337049.8786047,442.3,9.5,0.1,0.001207891,2.869087e-06,0.001204239,0.1365068,-0.0986638,-0.00164796,-0.0146104,-179.046
1681337053.9660769,442.3,9.45,0.1,0.001207891,2.869087e-06,0.001207894,359.9628,-0.0986638,-0.00164796,-0.0146104,-179.046
1681337058.0148978,442.3,9.4,0.1,0.001204235,6.523243e-06,0.00121155,0.1360936,-0.0986638,-0.00164796,-0.0146104,-179.046
1681337062.0744736,442.3,9.35,0.1,0.001207891,-7.850687e-07,0.001207891,0.1365068,-0.0986638,-0.00164796,-0.0146104,-179.046
1681337066.142217,442.3,9.3,0.1,0.001207891,6.523243e-06,0.001207891,0.1365068,-0.0986638,-0.00164033,-0.0146104,-179.046
1681337070.234625,442.3,9.25,0.1,0.001207891,2.869087e-06,0.001207891,0.1360936,-0.0986638,-0.00164033,-0.0146104,-179.046
1681337074.311902,442.3,9.2,0.1,0.001207891,-7.850687e-07,0.001207894,0.1360936,-0.0986638,-0.00164796,-0.0146104,-179.046
1681337078.3896983,442.3,9.15,0.1,0.001207891,6.523243e-06,0.001207909,0.1360936,-0.0986638,-0.00164796,-0.0146104,-179.046
1681337082.4600558,442.3,9.1,0.1,0.001207891,2.869087e-06,0.001204235,0.1365068,-0.0986638,-0.00164033,-0.0146104,-179.046
1681337086.5291715,442.3,9.05,0.1,0.001207891,-7.850687e-07,0.001207891,359.9629,-0.0986638,-0.00164796,-0.0146104,-179.046
1681337090.597763,442.3,8.99,0.1,0.001207891,6.523243e-06,0.001207894,359.9628,-0.0986638,-0.00164796,-0.0146104,-179.046
1681337094.6707506,442.3,8.94,0.1,0.001207891,-7.850687e-07,0.001207894,0.1360936,-0.0986638,-0.00164796,-0.0146104,-179.046
1681337098.7117605,442.3,8.89,0.1,0.001207891,2.869087e-06,0.001204235,0.1360936,-0.0986638,-0.00164796,-0.0146104,-179.046
1681337102.7752264,442.3,8.84,0.1,0.001211547,2.869087e-06,0.001207894,0.1365068,-0.0986638,-0.00164033,-0.0146104,-179.046
1681337106.85407,442.3,8.79,0.1,0.001207891,6.523243e-06,0.001207891,0.1365068,-0.0986638,-0.00164796,-0.0146104,-179.046
1681337110.903526,442.3,8.74,0.1,0.001207891,2.869087e-06,0.001207909,0.1360936,-0.0986638,-0.00164033,-0.0146104,-179.046
1681337114.9660163,442.3,8.69,0.1,0.001207891,-7.850687e-07,0.001207891,359.9628,-0.0986638,-0.00164796,-0.0146104,-179.046
1681337119.032202,442.3,8.64,0.1,0.001211547,2.869087e-06,0.001204239,359.9628,-0.0986638,-0.00164033,-0.0146104,-179.046
1681337123.094469,442.3,8.59,0.1,0.001204235,-7.850687e-07,0.001207894,359.9628,-0.0986638,-0.00164033,-0.0146104,-179.046
1681337127.1621423,442.3,8.54,0.1,0.001207891,6.523243e-06,0.001207891,359.7894,-0.0986638,-0.00164796,-0.0146104,-179.046
1681337131.2284713,442.3,8.49,0.1,0.001207891,6.523243e-06,0.001207899,0.1360936,-0.0986638,-0.00164796,-0.0146104,-179.046
1681337135.2870197,442.3,8.44,0.1,0.001207891,2.869087e-06,0.001204235,0.3094241,-0.0986638,-0.00164033,-0.0146104,-179.046
1681337139.3593237,442.3,8.39,0.1,0.001207891,-7.850687e-07,0.001207891,0.1356829,-0.0986562,-0.00164796,-0.014618,-179.046
1681337143.426775,442.3,8.34,0.1,0.001207891,2.869087e-06,0.001207891,0.1360936,-0.0986638,-0.00164033,-0.0146104,-179.046
1681337147.493244,442.3,8.29,0.1,0.001207891,-7.850687e-07,0.001204239,0.1360936,-0.0986638,-0.00164796,-0.0146104,-179.046
1681337151.5624194,442.3,8.24,0.1,0.001207891,2.869087e-06,0.001207909,0.1360936,-0.0986638,-0.00164796,-0.0146104,-179.046
1681337155.6157014,442.3,8.19,0.1,0.001207891,2.869087e-06,0.001207891,359.9626,-0.0986638,-0.00164796,-0.0146104,-179.046
1681337159.6611588,442.3,8.14,0.1,0.001207891,6.523243e-06,0.001207894,359.9628,-0.0986638,-0.00164796,-0.0146104,-179.046
1681337163.73753,442.3,8.09,0.1,0.001207891,-7.850687e-07,0.001211547,359.9628,-0.0986562,-0.00164796,-0.014618,-179.046
1681337167.816928,442.3,8.04,0.1,0.001207891,2.869087e-06,0.001207891,0.3084905,-0.0986638,-0.00164796,-0.0146104,-179.046
1681337171.8768063,442.3,7.99,0.1,0.001211547,2.869087e-06,0.001207894,0.1360936,-0.0986638,-0.00164033,-0.0146104,-179.046
1681337175.9440925,442.3,7.94,0.1,0.001207891,-7.850687e-07,0.00121155,359.9628,-0.0986562,-0.00164796,-0.014618,-179.046
1681337179.9925532,442.3,7.89,0.1,0.001207891,-7.850687e-07,0.001207894,0.1365068,-0.0986638,-0.00164796,-0.0146104,-179.046
1681337184.0525782,442.3,7.84,0.1,0.001207891,2.869087e-06,0.001207891,359.9628,-0.0986638,-0.00164796,-0.0146104,-179.046
1681337188.1283536,442.3,7.79,0.1,0.001207891,-7.850687e-07,0.001207894,359.9629,-0.0986638,-0.00164796,-0.0146104,-179.046
1681337192.1837077,442.3,7.74,0.1,0.001207891,-7.850687e-07,0.001207891,0.1360936,-0.0986638,-0.00164796,-0.0146104,-179.046
1681337196.2350812,442.3,7.69,0.1,0.001207891,2.869087e-06,0.001211547,359.9626,-0.0986638,-0.00164796,-0.0146104,-179.046
1681337200.2996097,442.3,7.64,0.1,0.001207891,-7.850687e-07,0.001207894,0.1360936,-0.0986638,-0.00164796,-0.0146104,-179.046
1681337204.3815634,442.3,7.59,0.1,0.001207891,2.869087e-06,0.00121155,0.3094241,-0.0986638,-0.00164796,-0.0146104,-179.046
1681337208.4596913,442.3,7.54,0.1,0.001211547,-7.850687e-07,0.001207894,0.1365068,-0.0986638,-0.00164796,-0.0146104,-179.046
1681337212.5360541,442.3,7.49,0.1,0.001207891,-4.439225e-06,0.00121155,359.9629,-0.0986638,-0.00164033,-0.0146104,-179.046
1681337216.6257951,442.3,7.44,0.1,0.001211547,-7.850687e-07,0.001207891,0.1360936,-0.0986638,-0.00164796,-0.0146104,-179.046
1681337220.678141,442.3,7.39,0.1,0.001207891,2.869087e-06,0.001207894,0.1360936,-0.0986638,-0.00164796,-0.0146104,-179.046
1681337224.774241,442.3,7.34,0.1,0.001207891,2.869087e-06,0.001207894,359.9628,-0.0986638,-0.00164796,-0.0146104,-179.046
1681337228.8406668,442.3,7.29,0.1,0.001207891,2.869087e-06,0.001207894,359.9628,-0.0986638,-0.00164796,-0.0146104,-179.046
1681337232.9382484,442.3,7.24,0.1,0.001207891,-7.850687e-07,0.001207891,0.3094241,-0.0986638,-0.00164796,-0.0146104,-179.046
1681337236.9960027,442.3,7.19,0.1,0.001207891,2.869087e-06,0.001207891,359.9628,-0.0986638,-0.00164796,-0.0146104,-179.046
1681337241.0709856,442.3,7.14,0.1,0.001204235,2.869087e-06,0.001207891,0.1360936,-0.0986638,-0.00164796,-0.0146027,-179.046
1681337245.1191332,442.3,7.09,0.1,0.001207891,-7.850687e-07,0.001207894,0.1360936,-0.0986638,-0.00164796,-0.0146104,-179.046
1681337249.171055,442.3,7.04,0.1,0.001207891,2.869087e-06,0.001207891,359.9628,-0.0986638,-0.00164796,-0.0146027,-179.046
1681337253.2352715,442.3,6.98,0.1,0.001207891,2.869087e-06,0.001207891,359.9628,-0.0986638,-0.00164796,-0.0146104,-179.046
1681337257.3053176,442.3,6.93,0.1,0.001207891,2.869087e-06,0.001207894,0.1365068,-0.0986638,-0.00164033,-0.0146104,-179.046
1681337261.3642805,442.3,6.88,0.1,0.001207891,2.869087e-06,0.001204253,0.1360936,-0.0986638,-0.00164796,-0.0146027,-179.046
1681337265.4464908,442.3,6.83,0.1,0.001207891,-7.850687e-07,0.001207899,359.7901,-0.0986638,-0.00164796,-0.0146104,-179.046
1681337269.4960864,442.3,6.78,0.1,0.001207891,2.869087e-06,0.001211547,0.1365068,-0.0986638,-0.00164796,-0.0146104,-179.046
1681337273.5703547,442.3,6.73,0.1,0.001204235,2.869087e-06,0.00121155,0.1360936,-0.0986638,-0.00164796,-0.0146104,-179.046
1681337277.6175256,442.3,6.68,0.1,0.001207891,2.869087e-06,0.001207891,0.1360936,-0.0986638,-0.00165559,-0.0146027,-179.04
1681337281.6984196,442.3,6.63,0.1,0.001207891,2.869087e-06,0.001207891,359.9629,-0.0986638,-0.00164796,-0.0146027,-179.046
1681337285.7778575,442.3,6.58,0.1,0.001207891,-7.850687e-07,0.001211547,0.1360936,-0.0986638,-0.00164796,-0.0146104,-179.046
1681337289.8456507,442.3,6.53,0.1,0.001207891,2.869087e-06,0.001207899,359.7894,-0.0986638,-0.00165559,-0.0146104,-179.04
1681337293.9113734,442.3,6.48,0.1,0.001204235,2.869087e-06,0.001207891,359.9628,-0.0986638,-0.00164796,-0.0146027,-179.046
1681337297.9791687,442.3,6.43,0.1,0.001207891,-7.850687e-07,0.001207894,0.1360936,-0.0986638,-0.00164796,-0.0146027,-179.046
1681337302.0332007,442.3,6.38,0.1,0.001207891,-7.850687e-07,0.001207899,359.9628,-0.0986638,-0.00164796,-0.0146027,-179.046
1681337306.1109684,442.3,6.33,0.1,0.001207891,2.869087e-06,0.001207894,359.9628,-0.0986638,-0.00164796,-0.0146027,-179.046
1681337310.153188,442.3,6.28,0.1,0.001204235,2.869087e-06,0.00121155,0.1360936,-0.0986638,-0.00164033,-0.0146027,-179.046
1681337314.2248497,442.3,6.23,0.1,0.001207891,-7.850687e-07,0.001207909,359.9628,-0.0986638,-0.00164796,-0.0146104,-179.046
1681337318.2926521,442.3,6.18,0.1,0.001207891,-7.850687e-07,0.001207894,0.3094241,-0.0986638,-0.00164796,-0.0146104,-179.046
1681337322.3677964,442.3,6.13,0.1,0.001211547,2.869087e-06,0.001207909,359.7888,-0.0986638,-0.00164796,-0.0146027,-179.046
1681337326.404144,442.3,6.08,0.1,0.001207891,2.869087e-06,0.001207894,0.1360936,-0.0986638,-0.00164796,-0.0146104,-179.046
1681337330.484601,442.3,6.03,0.1,0.001207891,2.869087e-06,0.001207894,0.1360936,-0.0986638,-0.00164796,-0.0146027,-179.046
1681337334.5608435,442.3,5.98,0.1,0.001207891,-7.850687e-07,0.001211547,0.1360936,-0.0986638,-0.00164796,-0.0146104,-179.046
1681337338.5979297,442.3,5.93,0.1,0.001207891,-7.850687e-07,0.001207909,0.3084905,-0.0986638,-0.00164796,-0.0146027,-179.046
1681337342.6748798,442.3,5.88,0.1,0.001207891,2.869087e-06,0.001207891,359.9628,-0.0986638,-0.00164796,-0.0146104,-179.046
1681337346.7261074,442.3,5.83,0.1,0.001207891,2.869087e-06,0.001207894,0.1356829,-0.0986638,-0.00164796,-0.0146027,-179.046
1681337350.7872522,442.3,5.78,0.1,0.001211547,2.869087e-06,0.001204235,359.9628,-0.0986638,-0.00164033,-0.0146027,-179.046
1681337354.8497334,442.3,5.73,0.1,0.001207891,-7.850687e-07,0.001207891,359.9628,-0.0986638,-0.00164796,-0.0146027,-179.046
1681337358.9206946,442.3,5.68,0.1,0.001207891,2.869087e-06,0.001207899,0.1360936,-0.0986638,-0.00164796,-0.0146104,-179.046
1681337363.0046625,442.3,5.63,0.1,0.001207891,-7.850687e-07,0.001207891,359.9628,-0.0986638,-0.00164796,-0.0146104,-179.046
1681337367.0771775,442.3,5.58,0.1,0.001207891,-4.439225e-06,0.00121155,0.1360936,-0.0986638,-0.00164796,-0.0146027,-179.046
1681337371.1342916,442.3,5.53,0.1,0.001207891,-7.850687e-07,0.001207894,359.9628,-0.0986638,-0.00164796,-0.0146104,-179.046
1681337375.1892953,442.3,5.48,0.1,0.001207891,-7.850687e-07,0.001207894,0.1360936,-0.0986638,-0.00164796,-0.0146027,-179.046
1681337379.2482457,442.3,5.43,0.1,0.001211547,-7.850687e-07,0.001207894,359.9628,-0.0986638,-0.00164796,-0.0146027,-179.046
1681337383.3023415,442.3,5.38,0.1,0.001207891,2.869087e-06,0.001207894,0.1360936,-0.0986638,-0.00164796,-0.0146027,-179.046
1681337387.3518538,442.3,5.33,0.1,0.001207891,-7.850687e-07,0.001207894,0.1360936,-0.0986638,-0.00164033,-0.0146104,-179.046
1681337391.4251716,442.3,5.28,0.1,0.001207891,-7.850687e-07,0.001204243,0.3094241,-0.0986638,-0.00164796,-0.0146027,-179.046
1681337395.4697664,442.3,5.23,0.1,0.001207891,-7.850687e-07,0.00121155,359.9629,-0.0986638,-0.00164796,-0.0146104,-179.046
1681337399.5462592,442.3,5.18,0.1,0.001207891,2.869087e-06,0.001207894,359.9628,-0.0986638,-0.00164033,-0.0146027,-179.046
1681337403.645376,442.3,5.13,0.1,0.001204235,-7.850687e-07,0.001211547,359.9628,-0.0986638,-0.00164796,-0.0146027,-179.046
1681337407.69119,442.3,5.08,0.1,0.001207891,6.523243e-06,0.001207891,0.1356829,-0.0986638,-0.00164796,-0.0146027,-179.046
1681337411.7550948,442.3,5.03,0.1,0.001204235,-7.850687e-07,0.001207891,0.1356829,-0.0986638,-0.00164796,-0.0146104,-179.046
1681337415.8484526,442.3,4.97,0.1,0.001204235,2.869087e-06,0.001207891,0.1360936,-0.0986638,-0.00164796,-0.0146104,-179.046
1681337419.908615,442.3,4.92,0.1,0.001207891,-7.850687e-07,0.001207894,0.1360936,-0.0986638,-0.00164033,-0.0146027,-179.046
1681337423.9723763,442.3,4.87,0.1,0.001211547,-7.850687e-07,0.001207894,359.9628,-0.0986638,-0.00164796,-0.0146027,-179.046
1681337428.0327878,442.3,4.82,0.1,0.001211547,-7.850687e-07,0.001207894,359.9628,-0.0986638,-0.00164796,-0.0146027,-179.046
1681337432.1018934,442.3,4.77,0.1,0.001207891,2.869087e-06,0.001207891,359.9629,-0.0986638,-0.00164796,-0.0146027,-179.046
1681337436.1571434,442.3,4.72,0.1,0.001207891,2.869087e-06,0.001207891,359.9629,-0.0986638,-0.00164796,-0.0146027,-179.046
1681337440.2324708,442.3,4.67,0.1,0.001207891,-7.850687e-07,0.00121155,0.1360936,-0.0986638,-0.00164796,-0.0146027,-179.046
1681337444.3116875,442.3,4.62,0.1,0.001207891,2.869087e-06,0.001204235,359.9628,-0.0986638,-0.00164796,-0.0146104,-179.046
1681337448.3699398,442.3,4.57,0.1,0.001207891,2.869087e-06,0.001207891,0.1360936,-0.0986638,-0.00164796,-0.0146104,-179.046
1681337452.4475908,442.3,4.52,0.1,0.001207891,-7.850687e-07,0.001207894,0.3084905,-0.0986638,-0.00164796,-0.0146104,-179.046
1681337456.5130312,442.3,4.47,0.1,0.001207891,-7.850687e-07,0.001207894,359.7901,-0.0986638,-0.00164796,-0.0146104,-179.046
1681337460.575473,442.3,4.42,0.1,0.001207891,2.869087e-06,0.001207891,359.9629,-0.0986638,-0.00164796,-0.0146104,-179.046
1681337464.6502016,442.3,4.37,0.1,0.001207891,2.869087e-06,0.001211547,359.9628,-0.0986638,-0.00164796,-0.0146104,-179.046
1681337468.7162457,442.3,4.32,0.1,0.001207891,2.869087e-06,0.001207894,0.3094241,-0.0986638,-0.00164033,-0.0146027,-179.046
1681337472.7660334,442.3,4.27,0.1,0.001207891,-7.850687e-07,0.001207909,359.9628,-0.0986638,-0.00164033,-0.0146027,-179.046
1681337476.8510768,442.3,4.22,0.1,0.001211547,2.869087e-06,0.001207894,0.1356829,-0.0986638,-0.00164033,-0.0146104,-179.046
1681337480.9169197,442.3,4.17,0.1,0.001207891,2.869087e-06,0.001207891,0.3094241,-0.0986638,-0.00164033,-0.0146104,-179.046
1681337485.00111,442.3,4.12,0.1,0.001207891,-7.850687e-07,0.001207894,0.1356829,-0.0986638,-0.00164033,-0.0146104,-179.046
1681337489.0593736,442.3,4.07,0.1,0.001207891,2.869087e-06,0.001207891,359.9628,-0.0986638,-0.00164796,-0.0146027,-179.046
1681337493.129625,442.3,4.02,0.1,0.001207891,-7.850687e-07,0.001207891,0.3094241,-0.0986638,-0.00164796,-0.0146027,-179.046
1681337497.1965427,442.3,3.97,0.1,0.001207891,2.869087e-06,0.001207894,0.1356829,-0.0986638,-0.00164796,-0.0146104,-179.046
1681337501.259972,442.3,3.92,0.1,0.001207891,-7.850687e-07,0.001207891,359.9628,-0.0986638,-0.00164796,-0.0146027,-179.046
1681337505.333727,442.3,3.87,0.1,0.001211547,-7.850687e-07,0.001207891,359.9629,-0.0986638,-0.00164033,-0.0146027,-179.046
1681337509.4246757,442.3,3.82,0.1,0.001207891,-7.850687e-07,0.001207891,359.9628,-0.0986638,-0.00164796,-0.0146027,-179.046
1681337513.4786508,442.3,3.77,0.1,0.001215203,2.869087e-06,0.00121155,359.9628,-0.0986638,-0.00164796,-0.0146104,-179.046
1681337517.5382707,442.3,3.72,0.1,0.001211547,-7.850687e-07,0.001207894,0.1360936,-0.0986638,-0.00164796,-0.0146027,-179.046
1681337521.591912,442.3,3.67,0.1,0.001211547,2.869087e-06,0.001207891,0.1360936,-0.0986638,-0.00164796,-0.0146027,-179.046
1681337525.6582046,442.3,3.62,0.1,0.001211547,6.523243e-06,0.001207894,359.9628,-0.0986638,-0.00164796,-0.0146027,-179.046
1681337529.719341,442.3,3.57,0.1,0.001211547,2.869087e-06,0.001207909,359.9628,-0.0986638,-0.00164796,-0.0146027,-179.046
1681337533.7897475,442.3,3.52,0.1,0.001204235,-7.850687e-07,0.001207894,359.9628,-0.0986638,-0.00164796,-0.0146027,-179.046
1681337537.8530812,442.3,3.47,0.1,0.001207891,-7.850687e-07,0.001207891,359.9626,-0.0986638,-0.00164796,-0.0146027,-179.046
1681337541.922143,442.3,3.42,0.1,0.001207891,-7.850687e-07,0.001207894,359.9629,-0.0986638,-0.00164796,-0.0146104,-179.046
1681337545.9810965,442.3,3.37,0.1,0.001211547,-7.850687e-07,0.001211547,359.7894,-0.0986638,-0.00164796,-0.0146027,-179.046
1681337550.0732398,442.3,3.32,0.1,0.001204235,2.869087e-06,0.001207894,359.9628,-0.0986638,-0.00164796,-0.0146027,-179.046
1681337554.1326907,442.3,3.27,0.1,0.001207891,2.869087e-06,0.001207891,359.9628,-0.0986638,-0.00164796,-0.0146104,-179.046
1681337558.17701,442.3,3.22,0.1,0.001207891,2.869087e-06,0.001207894,359.9628,-0.0986638,-0.00164796,-0.0146027,-179.046
1681337562.2346597,442.3,3.17,0.1,0.001207891,2.869087e-06,0.001207899,359.9628,-0.0986638,-0.00164796,-0.0146027,-179.046
1681337566.3204489,442.3,3.12,0.1,0.001207891,-7.850687e-07,0.001207891,359.9628,-0.0986638,-0.00164796,-0.0146027,-179.046
1681337570.403166,442.3,3.07,0.1,0.001207891,2.869087e-06,0.001207891,359.9629,-0.0986638,-0.00164796,-0.0146027,-179.046
1681337574.4679396,442.3,3.02,0.1,0.001211547,2.869087e-06,0.001207891,0.1360936,-0.0986638,-0.00164796,-0.0146027,-179.046
1681337578.5399451,442.3,2.96,0.1,0.001207891,-7.850687e-07,0.001204239,0.1360936,-0.0986638,-0.00164796,-0.0146027,-179.046
1681337582.6078093,442.3,2.91,0.1,0.001207891,2.869087e-06,0.001207899,359.7894,-0.0986638,-0.00164796,-0.0146027,-179.046
1681337586.693245,442.3,2.86,0.1,0.001207891,6.523243e-06,0.001207894,359.9628,-0.0986638,-0.00164796,-0.0146027,-179.046
1681337590.767652,442.3,2.81,0.1,0.001207891,-7.850687e-07,0.00121155,0.1360936,-0.0986638,-0.00164796,-0.0146104,-179.046
1681337594.828885,442.3,2.76,0.1,0.001207891,1.01774e-05,0.001207894,359.9629,-0.0986638,-0.00164796,-0.0146104,-179.046
1681337598.8858693,442.3,2.71,0.1,0.001207891,-7.850687e-07,0.001207899,359.9628,-0.0986638,-0.00164796,-0.0146104,-179.046
1681337602.9725697,442.3,2.66,0.1,0.001207891,-7.850687e-07,0.001207909,0.1360936,-0.0986638,-0.00164796,-0.0146104,-179.046
1681337607.031088,442.3,2.61,0.1,0.001207891,2.869087e-06,0.001207891,359.9628,-0.0986638,-0.00165559,-0.0146027,-179.04
1681337611.1151404,442.3,2.56,0.1,0.001211547,2.869087e-06,0.001207891,0.3094241,-0.0986638,-0.00164796,-0.0146104,-179.046
1681337615.1759813,442.3,2.51,0.1,0.001207891,-7.850687e-07,0.001207894,0.1360936,-0.0986638,-0.00164796,-0.0146104,-179.046
1681337619.2556567,442.3,2.46,0.1,0.001207891,-7.850687e-07,0.001207894,359.9629,-0.0986638,-0.00164796,-0.0146027,-179.046
1681337623.3296192,442.3,2.41,0.1,0.001207891,-7.850687e-07,0.001207894,0.1360936,-0.0986638,-0.00164796,-0.0146027,-179.046
1681337627.405342,442.3,2.36,0.1,0.001211547,-7.850687e-07,0.001207894,359.9628,-0.0986638,-0.00164796,-0.0146104,-179.046
1681337631.477817,442.3,2.31,0.1,0.001207891,2.869087e-06,0.001207894,359.9628,-0.0986638,-0.00164796,-0.0146104,-179.046
1681337635.5419772,442.3,2.26,0.1,0.001211547,-7.850687e-07,0.00121155,359.9628,-0.0986638,-0.00164796,-0.0146104,-179.046
1681337639.606507,442.3,2.21,0.1,0.001207891,2.869087e-06,0.001211547,359.9629,-0.0986638,-0.00164796,-0.0146027,-179.046
1681337643.6609046,442.3,2.16,0.1,0.001207891,-7.850687e-07,0.001204239,359.9628,-0.0986638,-0.00164796,-0.0146027,-179.046
1681337647.7467017,442.3,2.11,0.1,0.001207891,2.869087e-06,0.001211555,0.1356829,-0.0986638,-0.00164796,-0.0146104,-179.046
1681337651.8125064,442.3,2.06,0.1,0.001207891,-7.850687e-07,0.001207891,359.7888,-0.0986638,-0.00164796,-0.0146104,-179.046
1681337655.898735,442.3,2.01,0.1,0.001207891,2.869087e-06,0.001207894,0.1360936,-0.0986638,-0.00164796,-0.0146027,-179.046
1681337659.9624665,442.3,1.96,0.1,0.001211547,-7.850687e-07,0.001207891,0.1360936,-0.0986638,-0.00164796,-0.0146104,-179.046
1681337664.0234065,442.3,1.91,0.1,0.001211547,2.869087e-06,0.00121155,359.9628,-0.0986638,-0.00164796,-0.0146027,-179.046
1681337668.095867,442.3,1.86,0.1,0.001211547,-7.850687e-07,0.001207909,0.1360936,-0.0986638,-0.00164796,-0.0146104,-179.046
1681337672.1568298,442.3,1.81,0.1,0.001207891,2.869087e-06,0.001211547,359.9628,-0.0986638,-0.00164796,-0.0146104,-179.046
1681337676.230915,442.3,1.76,0.1,0.001207891,2.869087e-06,0.001207894,0.1360936,-0.0986638,-0.00164796,-0.0146104,-179.046
1681337680.2899795,442.3,1.71,0.1,0.001207891,-7.850687e-07,0.001207891,359.9628,-0.0986638,-0.00164033,-0.0146027,-179.046
1681337684.3376887,442.3,1.66,0.1,0.001204235,-7.850687e-07,0.001207899,359.9628,-0.0986638,-0.00164796,-0.0146104,-179.046
1681337688.3967292,442.3,1.61,0.1,0.001207891,6.523243e-06,0.001207891,359.9629,-0.0986638,-0.00164796,-0.0146104,-179.046
1681337692.485852,442.3,1.56,0.1,0.001207891,2.869087e-06,0.00121155,0.1360936,-0.0986638,-0.00164796,-0.0146027,-179.046
1681337696.558325,442.3,1.51,0.1,0.001207891,2.869087e-06,0.001207894,359.9628,-0.0986638,-0.00164033,-0.0146104,-179.046
1681337700.6429632,442.3,1.46,0.1,0.001207891,2.869087e-06,0.00121155,359.9628,-0.0986638,-0.00164796,-0.0146027,-179.046
1681337704.7071187,442.3,1.41,0.1,0.001211547,2.869087e-06,0.001207891,0.1360936,-0.0986638,-0.00164796,-0.0146027,-179.046
1681337708.7728875,442.3,1.36,0.1,0.001207891,2.869087e-06,0.001211547,0.1360936,-0.0986638,-0.00164796,-0.0146104,-179.046
1681337712.8395813,442.3,1.31,0.1,0.001204235,2.869087e-06,0.001207894,359.9629,-0.0986638,-0.00164796,-0.0146027,-179.046
1681337716.9046996,442.3,1.26,0.1,0.001207891,-7.850687e-07,0.001207894,359.9629,-0.0986638,-0.00164033,-0.0146027,-179.046
1681337720.964035,442.3,1.21,0.1,0.001211547,-7.850687e-07,0.001211547,0.1360936,-0.0986638,-0.00164796,-0.0146027,-179.046
1681337725.0224447,442.3,1.16,0.1,0.001207891,2.869087e-06,0.001207894,359.9628,-0.0986638,-0.00164796,-0.0146104,-179.046
1681337729.0824008,442.3,1.11,0.1,0.001207891,2.869087e-06,0.001215203,359.9628,-0.0986638,-0.00164796,-0.0146027,-179.046
1681337733.1432445,442.3,1.06,0.1,0.001207891,2.869087e-06,0.001211547,359.9628,-0.0986638,-0.00164796,-0.0146027,-179.046
1681337737.2056613,442.3,1.01,0.1,0.001207891,2.869087e-06,0.00121155,0.1360936,-0.0986638,-0.00164796,-0.0146027,-179.046
1681337741.2677217,442.3,0.95,0.1,0.001207891,2.869087e-06,0.001207891,359.9629,-0.0986638,-0.00164796,-0.0146104,-179.046
1681337745.3419805,442.3,0.9,0.1,0.001207891,2.869087e-06,0.001207894,359.9628,-0.0986638,-0.00164033,-0.0146104,-179.046
1681337749.3968756,442.3,0.85,0.1,0.001207891,6.523243e-06,0.001204235,359.9628,-0.0986638,-0.00164796,-0.0146027,-179.046
1681337753.4786403,442.3,0.8,0.1,0.001207891,2.869087e-06,0.001207891,0.1360936,-0.0986638,-0.00164796,-0.0146027,-179.046
1681337757.5436366,442.3,0.75,0.1,0.001207891,-7.850687e-07,0.001207891,0.1360936,-0.0986638,-0.00164796,-0.0146027,-179.046
1681337761.5937874,442.3,0.7,0.1,0.001207891,-7.850687e-07,0.001207891,0.3094241,-0.0986638,-0.00164796,-0.0146027,-179.046
1681337765.6479473,442.3,0.65,0.1,0.001207891,2.869087e-06,0.001207891,359.7894,-0.0986638,-0.00164796,-0.0146027,-179.046
1681337769.7205772,442.3,0.6,0.1,0.001207891,2.869087e-06,0.001204239,359.9629,-0.0986638,-0.00164796,-0.0146027,-179.046
1681337773.7904139,442.3,0.55,0.1,0.001207891,6.523243e-06,0.001207891,0.1360936,-0.0986638,-0.00164796,-0.0146027,-179.046
1681337777.8678553,442.3,0.5,0.1,0.001207891,2.869087e-06,0.00121155,0.3094241,-0.0986638,-0.00164796,-0.0146104,-179.046
1681337781.938672,442.3,0.45,0.1,0.001211547,-4.439225e-06,0.001207899,0.1360936,-0.0986638,-0.00164796,-0.0146104,-179.046
1681337786.0080843,442.3,0.4,0.1,0.001207891,-7.850687e-07,0.001204235,359.9628,-0.0986638,-0.00164796,-0.0146027,-179.046
1681337790.076584,442.3,0.35,0.1,0.001207891,2.869087e-06,0.001211547,0.1360936,-0.0986638,-0.00164033,-0.0146104,-179.046
1681337794.1269531,442.3,0.3,0.1,0.001207891,-7.850687e-07,0.001204235,359.9629,-0.0986638,-0.00164796,-0.0146104,-179.046
1681337798.1802428,442.3,0.25,0.1,0.001207891,-7.850687e-07,0.001207894,0.1356829,-0.0986638,-0.00164796,-0.0146027,-179.046
1681337802.2482395,442.3,0.2,0.1,0.001207891,2.869087e-06,0.001207891,359.9628,-0.0986638,-0.00164796,-0.0146104,-179.046
1681337806.3179138,442.3,0.15,0.1,0.001207891,-7.850687e-07,0.001207894,359.9629,-0.0986638,-0.00164033,-0.0146104,-179.046
1681337810.394614,442.3,0.1,0.1,0.001211547,2.869087e-06,0.001207894,0.1360936,-0.0986638,-0.00164796,-0.0146027,-179.046
1681337814.468508,442.3,0.05,0.1,0.001207891,2.869087e-06,0.00121155,0.1360936,-0.0986638,-0.00164796,-0.0146104,-179.046
1681337818.5451221,442.3,0.0,0.1,0.001207891,-7.850687e-07,0.001207891,359.9626,-0.0986638,-0.00164796,-0.0146104,-179.046
1681337822.6133919,442.3,0.0,0.1,0.001207891,-7.850687e-07,0.001207894,0.1360936,-0.0986638,-0.00164796,-0.0146104,-179.046
1681337826.6733136,442.3,-0.05,0.1,0.001207891,-7.850687e-07,0.001207894,0.1356829,-0.0986638,-0.00164796,-0.0146104,-179.046
1681337830.7394435,442.3,-0.1,0.1,0.001207891,2.869087e-06,0.001207894,0.1360936,-0.0986638,-0.00164033,-0.0146104,-179.046
1681337834.814587,442.3,-0.15,0.1,0.001211547,-7.850687e-07,0.001207891,359.9628,-0.0986638,-0.00164033,-0.0146104,-179.046
1681337838.888766,442.3,-0.2,0.1,0.001207891,2.869087e-06,0.001207894,0.1360936,-0.0986638,-0.00164796,-0.0146104,-179.046
1681337842.9505806,442.3,-0.25,0.1,0.001207891,2.869087e-06,0.001207909,0.3094241,-0.0986638,-0.00164796,-0.0146104,-179.046
1681337847.0379205,442.3,-0.3,0.1,0.001211547,2.869087e-06,0.001207891,359.9628,-0.0986638,-0.00164796,-0.0146104,-179.046
1681337851.1199644,442.3,-0.35,0.1,0.001207891,-7.850687e-07,0.001207909,0.1360936,-0.0986638,-0.00164796,-0.0146104,-179.046
1681337855.1986675,442.3,-0.4,0.1,0.001207891,6.523243e-06,0.001207891,0.3094241,-0.0986638,-0.00164796,-0.0146104,-179.046
1681337859.254088,442.3,-0.45,0.1,0.001207891,2.869087e-06,0.00121155,359.9628,-0.0986638,-0.00164796,-0.0146104,-179.046
1681337863.3393042,442.3,-0.5,0.1,0.001207891,2.869087e-06,0.001207891,359.9628,-0.0986638,-0.00164796,-0.0146104,-179.046
1681337867.4042637,442.3,-0.55,0.1,0.001204235,2.869087e-06,0.001207891,0.1356829,-0.0986638,-0.00164796,-0.0146104,-179.046
1681337871.4680517,442.3,-0.6,0.1,0.001207891,2.869087e-06,0.001211564,0.1360936,-0.0986638,-0.00164796,-0.0146104,-179.046
1681337875.557397,442.3,-0.65,0.1,0.001207891,2.869087e-06,0.001207894,0.1360936,-0.0986638,-0.00164033,-0.0146104,-179.046
1681337879.6230557,442.3,-0.7,0.1,0.001211547,-4.439225e-06,0.001207894,0.3094241,-0.0986638,-0.00164796,-0.0146104,-179.046
1681337883.6906476,442.3,-0.75,0.1,0.001207891,-7.850687e-07,0.001211547,359.9628,-0.0986638,-0.00164796,-0.0146104,-179.046
1681337887.754825,442.3,-0.8,0.1,0.001207891,-7.850687e-07,0.001207894,0.3084905,-0.0986638,-0.00164796,-0.0146104,-179.046
1681337891.82904,442.3,-0.85,0.1,0.001207891,-4.439225e-06,0.001207934,359.9628,-0.0986638,-0.00164796,-0.0146104,-179.046
1681337895.8934085,442.3,-0.9,0.1,0.001207891,-7.850687e-07,0.00121155,0.1360936,-0.0986638,-0.00164796,-0.0146104,-179.046
1681337899.9630003,442.3,-0.95,0.1,0.001207891,-7.850687e-07,0.001207894,359.9628,-0.0986638,-0.00165559,-0.0146104,-179.04
1681337904.0453675,442.3,-1.01,0.1,0.001207891,-7.850687e-07,0.001207894,0.1356829,-0.0986638,-0.00164796,-0.0146104,-179.046
1681337908.1123235,442.3,-1.06,0.1,0.001207891,2.869087e-06,0.001211547,359.7894,-0.0986638,-0.00164796,-0.0146104,-179.046
1681337912.1781738,442.3,-1.11,0.1,0.001207891,6.523243e-06,0.00121155,359.9629,-0.0986638,-0.00164033,-0.0146104,-179.046
1681337916.2527974,442.3,-1.16,0.1,0.001207891,-7.850687e-07,0.001207894,359.7894,-0.0986638,-0.00164796,-0.0146104,-179.046
1681337920.332764,442.3,-1.21,0.1,0.001211547,2.869087e-06,0.001211547,359.7894,-0.0986638,-0.00164796,-0.0146104,-179.046
1681337924.3811662,442.3,-1.26,0.1,0.001207891,-7.850687e-07,0.001207909,359.9628,-0.0986638,-0.00164796,-0.0146104,-179.046
1681337928.4577997,442.3,-1.31,0.1,0.001207891,-7.850687e-07,0.001207894,359.7894,-0.0986638,-0.00164033,-0.0146104,-179.046
1681337932.5387607,442.3,-1.36,0.1,0.001211547,2.869087e-06,0.001207891,0.3094241,-0.0986638,-0.00164796,-0.0146104,-179.046
1681337936.6145856,442.3,-1.41,0.1,0.001211547,-7.850687e-07,0.001207894,359.9629,-0.0986638,-0.00164796,-0.0146104,-179.046
1681337940.6865199,442.3,-1.46,0.1,0.001211547,2.869087e-06,0.001211564,359.7894,-0.0986638,-0.00164796,-0.0146104,-179.046
1681337944.7578788,442.3,-1.51,0.1,0.001207891,2.869087e-06,0.001207894,359.9628,-0.0986638,-0.00164796,-0.0146104,-179.046
1681337948.8343112,442.3,-1.56,0.1,0.001211547,2.869087e-06,0.00121155,0.1360936,-0.0986638,-0.00164796,-0.0146104,-179.046
1681337952.9023407,442.3,-1.61,0.1,0.001207891,2.869087e-06,0.001211547,0.1356829,-0.0986638,-0.00164796,-0.0146104,-179.046
1681337956.9726524,442.3,-1.66,0.1,0.001211547,-4.439225e-06,0.001207894,0.1360936,-0.0986638,-0.00164796,-0.0146104,-179.046
1681337961.037367,442.3,-1.71,0.1,0.001207891,2.869087e-06,0.001211547,0.1360936,-0.0986638,-0.00164796,-0.0146104,-179.046
1681337965.0842094,442.3,-1.76,0.1,0.001207891,2.869087e-06,0.001207891,0.3094241,-0.0986638,-0.00164796,-0.0146104,-179.046
1681337969.1485193,442.3,-1.81,0.1,0.001211547,-7.850687e-07,0.001207891,0.1360936,-0.0986638,-0.00164796,-0.0146104,-179.046
1681337973.1981988,442.3,-1.86,0.1,0.001204235,2.869087e-06,0.001207894,359.9629,-0.0986638,-0.00164796,-0.0146104,-179.046
1681337977.2740245,442.3,-1.91,0.1,0.001207891,2.869087e-06,0.00121155,359.9628,-0.0986638,-0.00164796,-0.0146104,-179.046
1681337981.3316228,442.3,-1.96,0.1,0.001207891,2.869087e-06,0.00121155,0.1360936,-0.0986638,-0.00164796,-0.0146104,-179.046
1681337985.3796623,442.3,-2.01,0.1,0.001204235,2.869087e-06,0.001207891,359.9628,-0.0986638,-0.00164796,-0.0146104,-179.046
1681337989.4537482,442.3,-2.06,0.1,0.001207891,2.869087e-06,0.001207894,0.1360936,-0.0986638,-0.00164796,-0.0146104,-179.046
1681337993.531844,442.3,-2.11,0.1,0.001211547,-7.850687e-07,0.001207909,359.9628,-0.0986638,-0.00164796,-0.0146104,-179.046
1681337997.6022177,442.3,-2.16,0.1,0.001211547,2.869087e-06,0.001207899,0.1356829,-0.0986638,-0.00164796,-0.0146104,-179.046
1681338001.6590598,442.3,-2.21,0.1,0.001207891,6.523243e-06,0.00121155,359.9628,-0.0986638,-0.00164796,-0.0146104,-179.046
1681338005.7441258,442.3,-2.26,0.1,0.001207891,2.869087e-06,0.001207891,359.7894,-0.0986638,-0.00164796,-0.0146104,-179.046
1681338009.8208122,442.3,-2.31,0.1,0.001207891,-7.850687e-07,0.001207894,0.1360936,-0.0986638,-0.00164796,-0.0146104,-179.046
1681338013.8851943,442.3,-2.36,0.1,0.001207891,2.869087e-06,0.001207899,359.9628,-0.0986638,-0.00164796,-0.0146104,-179.046
1681338017.941409,442.3,-2.41,0.1,0.001207891,-7.850687e-07,0.00121155,359.9628,-0.0986638,-0.00164033,-0.0146104,-179.046
1681338021.994929,442.3,-2.46,0.1,0.001211547,2.869087e-06,0.00121155,0.1360936,-0.0986638,-0.00164796,-0.0146104,-179.046
1681338026.0599265,442.3,-2.51,0.1,0.001211547,2.869087e-06,0.001211547,359.9629,-0.0986638,-0.00164796,-0.0146104,-179.046
1681338030.1172628,442.3,-2.56,0.1,0.001211547,-7.850687e-07,0.001207891,0.1356829,-0.0986638,-0.00164796,-0.0146104,-179.046
1681338034.1682942,442.3,-2.61,0.1,0.001211547,-7.850687e-07,0.00121155,0.3094241,-0.0986638,-0.00164796,-0.0146104,-179.046
1681338038.225757,442.3,-2.66,0.1,0.001207891,-7.850687e-07,0.001207894,0.1360936,-0.0986638,-0.00164796,-0.0146104,-179.046
1681338042.312748,442.3,-2.71,0.1,0.001207891,2.869087e-06,0.001207894,0.3084905,-0.0986638,-0.00164796,-0.0146104,-179.046
1681338046.3891852,442.3,-2.76,0.1,0.001207891,-7.850687e-07,0.001207891,0.3084905,-0.0986638,-0.00164796,-0.0146104,-179.046
1681338050.4556937,442.3,-2.81,0.1,0.001211547,2.869087e-06,0.001211547,359.7901,-0.0986638,-0.00164796,-0.0146104,-179.046
1681338054.5100546,442.3,-2.86,0.1,0.001207891,2.869087e-06,0.001204239,0.1360936,-0.0986638,-0.00164796,-0.0146104,-179.046
1681338058.5604584,442.3,-2.91,0.1,0.001207891,-7.850687e-07,0.001207891,359.9629,-0.0986638,-0.00164033,-0.0146104,-179.046
1681338062.6146536,442.3,-2.96,0.1,0.001207891,2.869087e-06,0.001207891,359.9628,-0.0986638,-0.00164033,-0.0146104,-179.046
1681338066.674201,442.3,-3.02,0.1,0.001211547,-7.850687e-07,0.001207894,359.9628,-0.0986638,-0.00164033,-0.0146104,-179.046
1681338070.729642,442.3,-3.07,0.1,0.001204235,-7.850687e-07,0.001211547,359.9628,-0.0986562,-0.00164796,-0.014618,-179.046
1681338074.797223,442.3,-3.12,0.1,0.001215203,6.523243e-06,0.00121155,359.9629,-0.0986638,-0.00164796,-0.0146104,-179.046
1681338078.8721366,442.3,-3.17,0.1,0.001207891,-7.850687e-07,0.001211547,0.1360936,-0.0986562,-0.00164796,-0.014618,-179.046
1681338082.939871,442.3,-3.22,0.1,0.001211547,-7.850687e-07,0.001207891,0.1356829,-0.0986562,-0.00164796,-0.014618,-179.046
1681338086.997969,442.3,-3.27,0.1,0.001211547,-7.850687e-07,0.001207891,359.9628,-0.0986638,-0.00164033,-0.0146104,-179.046
1681338091.055372,442.3,-3.32,0.1,0.001207891,6.523243e-06,0.001211547,359.9628,-0.0986562,-0.00164796,-0.014618,-179.046
1681338095.1330526,442.3,-3.37,0.1,0.001211547,-7.850687e-07,0.001211547,359.9629,-0.0986638,-0.00164033,-0.0146104,-179.046
1681338099.1971242,442.3,-3.42,0.1,0.001207891,2.869087e-06,0.00121155,359.9628,-0.0986638,-0.00164033,-0.0146104,-179.046
1681338103.2578123,442.3,-3.47,0.1,0.001204235,-7.850687e-07,0.001211547,0.1360936,-0.0986562,-0.00164796,-0.014618,-179.046
1681338107.31927,442.3,-3.52,0.1,0.001207891,-7.850687e-07,0.001207891,359.9629,-0.0986638,-0.00164796,-0.0146104,-179.046
1681338111.3715053,442.3,-3.57,0.1,0.001211547,2.869087e-06,0.00121155,0.1360936,-0.0986562,-0.00164033,-0.014618,-179.046
1681338115.4426234,442.3,-3.62,0.1,0.001207891,2.869087e-06,0.001207891,0.3084905,-0.0986638,-0.00164033,-0.0146104,-179.046
1681338119.5081987,442.3,-3.67,0.1,0.001207891,2.869087e-06,0.00121155,0.1360936,-0.0986638,-0.00164796,-0.0146104,-179.046
1681338123.5744572,442.3,-3.72,0.1,0.001211547,2.869087e-06,0.001207891,359.9628,-0.0986638,-0.00164796,-0.0146104,-179.046
1681338127.6411283,442.3,-3.77,0.1,0.001207891,2.869087e-06,0.001207894,0.1356829,-0.0986638,-0.00164796,-0.0146104,-179.046
1681338131.7336287,442.3,-3.82,0.1,0.001207891,-7.850687e-07,0.001207894,0.3094241,-0.0986638,-0.00164033,-0.0146104,-179.046
1681338135.7968097,442.3,-3.87,0.1,0.001207891,2.869087e-06,0.001207891,359.9628,-0.0986638,-0.00164796,-0.0146027,-179.046
1681338139.8396003,442.3,-3.92,0.1,0.001211547,2.869087e-06,0.001207894,359.9629,-0.0986638,-0.00165559,-0.0146104,-179.04
1681338143.8898408,442.3,-3.97,0.1,0.001207891,2.869087e-06,0.001207891,359.7894,-0.0986638,-0.00165559,-0.0146104,-179.04
1681338147.957996,442.3,-4.02,0.1,0.001211547,2.869087e-06,0.001211547,0.1356829,-0.0986638,-0.00164796,-0.0146104,-179.046
1681338152.0266235,442.3,-4.07,0.1,0.001211547,2.869087e-06,0.00121155,359.9628,-0.0986638,-0.00164033,-0.0146104,-179.046
1681338156.081292,442.3,-4.12,0.1,0.001207891,-7.850687e-07,0.001207891,0.1360936,-0.0986638,-0.00164796,-0.0146104,-179.046
1681338160.1303554,442.3,-4.17,0.1,0.001207891,2.869087e-06,0.001211589,0.1360936,-0.0986638,-0.00164796,-0.0146104,-179.046
1681338164.202052,442.3,-4.22,0.1,0.001211547,2.869087e-06,0.001207894,0.1360936,-0.0986638,-0.00164796,-0.0146104,-179.046
1681338168.2738264,442.3,-4.27,0.1,0.001207891,-7.850687e-07,0.001211547,359.9628,-0.0986638,-0.00164033,-0.0146104,-179.046
1681338172.3379195,442.3,-4.32,0.1,0.001207891,-7.850687e-07,0.001207891,0.1356829,-0.0986638,-0.00164796,-0.0146104,-179.046
1681338176.3935463,442.3,-4.37,0.1,0.001207891,2.869087e-06,0.001207894,0.3094241,-0.0986638,-0.00164033,-0.0146104,-179.046
1681338180.4688206,442.3,-4.42,0.1,0.001207891,2.869087e-06,0.001207891,359.9628,-0.0986562,-0.00164796,-0.014618,-179.046
1681338184.5294042,442.3,-4.47,0.1,0.001211547,-7.850687e-07,0.00121155,0.1360936,-0.0986562,-0.00164796,-0.014618,-179.046
1681338188.6029873,442.3,-4.52,0.1,0.001211547,2.869087e-06,0.001207891,0.1356829,-0.0986638,-0.00164033,-0.0146104,-179.046
1681338192.652801,442.3,-4.57,0.1,0.001207891,-7.850687e-07,0.001207894,0.1356829,-0.0986638,-0.00164796,-0.0146104,-179.046
1681338196.715337,442.3,-4.62,0.1,0.001207891,-7.850687e-07,0.001211547,0.1360936,-0.0986638,-0.00164033,-0.0146104,-179.046
1681338200.787737,442.3,-4.67,0.1,0.001211547,2.869087e-06,0.001207891,0.1360936,-0.0986638,-0.00164033,-0.0146104,-179.046
1681338204.835515,442.3,-4.72,0.1,0.001211547,-4.439225e-06,0.001207894,0.1356829,-0.0986562,-0.00164796,-0.014618,-179.046
1681338208.903494,442.3,-4.77,0.1,0.001207891,6.523243e-06,0.001207891,0.1356829,-0.0986638,-0.00164033,-0.0146104,-179.046
1681338212.9650896,442.3,-4.82,0.1,0.001207891,-7.850687e-07,0.001207891,0.1360936,-0.0986638,-0.00164796,-0.0146104,-179.046
1681338217.0277908,442.3,-4.87,0.1,0.001211547,-7.850687e-07,0.00121155,359.9629,-0.0986638,-0.00164033,-0.0146104,-179.046
1681338221.1004636,442.3,-4.92,0.1,0.001211547,-7.850687e-07,0.001207894,0.1360936,-0.0986638,-0.00164033,-0.0146104,-179.046
1681338225.1540158,442.3,-4.97,0.1,0.001207891,2.869087e-06,0.001207891,359.7894,-0.0986638,-0.00164796,-0.0146104,-179.046
1681338229.2159154,442.3,-5.03,0.1,0.001211547,-7.850687e-07,0.00121155,359.9628,-0.0986562,-0.00164033,-0.014618,-179.046
1681338233.2762861,442.3,-5.08,0.1,0.001207891,-7.850687e-07,0.001207894,0.1360936,-0.0986638,-0.00164796,-0.0146104,-179.046
1681338237.3397305,442.3,-5.13,0.1,0.001211547,2.869087e-06,0.001207894,0.1360936,-0.0986638,-0.00164796,-0.0146104,-179.046
1681338241.4046905,442.3,-5.18,0.1,0.001207891,-7.850687e-07,0.001207894,359.9628,-0.0986638,-0.00164033,-0.0146104,-179.046
1681338245.4595945,442.3,-5.23,0.1,0.001207891,-7.850687e-07,0.001207894,0.1356829,-0.0986638,-0.00164796,-0.0146104,-179.046
1681338249.5332444,442.3,-5.28,0.1,0.001211547,2.869087e-06,0.00121155,0.1360936,-0.0986638,-0.00164796,-0.0146104,-179.046
1681338253.6059773,442.3,-5.33,0.1,0.001207891,2.869087e-06,0.001207891,0.1356829,-0.0986638,-0.00164796,-0.0146104,-179.046
1681338257.6793163,442.3,-5.38,0.1,0.001211547,-7.850687e-07,0.001207894,0.1356829,-0.0986638,-0.00164796,-0.0146027,-179.046
1681338261.7623465,442.3,-5.43,0.1,0.001207891,-7.850687e-07,0.001211547,0.1356829,-0.0986638,-0.00164796,-0.0146104,-179.046
1681338265.8278427,442.3,-5.48,0.1,0.001211547,2.869087e-06,0.001211547,359.9628,-0.0986638,-0.00164796,-0.0146104,-179.046
1681338269.893769,442.3,-5.53,0.1,0.001211547,2.869087e-06,0.001211547,0.1356829,-0.0986638,-0.00164796,-0.0146104,-179.046
1681338273.9653733,442.3,-5.58,0.1,0.001207891,-7.850687e-07,0.001207899,0.1360936,-0.0986638,-0.00164796,-0.0146104,-179.046
1681338278.0459783,442.3,-5.63,0.1,0.001207891,2.869087e-06,0.00121155,0.1360936,-0.0986638,-0.00164796,-0.0146104,-179.046
1681338282.1099746,442.3,-5.68,0.1,0.001207891,-7.850687e-07,0.00121155,0.1360936,-0.0986638,-0.00164796,-0.0146104,-179.046
1681338286.1869826,442.3,-5.73,0.1,0.001207891,6.523243e-06,0.00121155,0.1356829,-0.0986638,-0.00164796,-0.0146104,-179.046
1681338290.2675571,442.3,-5.78,0.1,0.001207891,2.869087e-06,0.001207894,359.9628,-0.0986638,-0.00164796,-0.0146104,-179.046
1681338294.333144,442.3,-5.83,0.1,0.001207891,-4.439225e-06,0.001211547,0.1360936,-0.0986638,-0.00164796,-0.0146027,-179.046
1681338298.3938787,442.3,-5.88,0.1,0.001207891,2.869087e-06,0.00121155,359.9628,-0.0986638,-0.00164796,-0.0146104,-179.046
1681338302.4757655,442.3,-5.93,0.1,0.001204235,-4.439225e-06,0.001207894,0.1356829,-0.0986638,-0.00164796,-0.0146104,-179.046
1681338306.5322785,442.3,-5.98,0.1,0.001207891,2.869087e-06,0.001207894,0.3084905,-0.0986638,-0.00164796,-0.0146104,-179.046
1681338310.6109178,442.3,-6.03,0.1,0.001211547,6.523243e-06,0.001211547,0.1360936,-0.0986638,-0.00164796,-0.0146104,-179.046
1681338314.681147,442.3,-6.08,0.1,0.001211547,2.869087e-06,0.001207894,359.9629,-0.0986638,-0.00164796,-0.0146104,-179.046
1681338318.7481802,442.3,-6.13,0.1,0.001207891,-7.850687e-07,0.001207909,0.1360936,-0.0986638,-0.00164796,-0.0146104,-179.046
1681338322.7997043,442.3,-6.18,0.1,0.001211547,-7.850687e-07,0.001207891,359.9628,-0.0986638,-0.00164796,-0.0146027,-179.046
1681338326.8696938,442.3,-6.23,0.1,0.001211547,6.523243e-06,0.001207891,359.9628,-0.0986638,-0.00164796,-0.0146027,-179.046
1681338330.9211826,442.3,-6.28,0.1,0.001211547,2.869087e-06,0.001211564,359.9629,-0.0986638,-0.00164796,-0.0146104,-179.046
1681338334.993491,442.3,-6.33,0.1,0.001207891,-7.850687e-07,0.001207894,359.9628,-0.0986638,-0.00164796,-0.0146104,-179.046
1681338339.0555072,442.3,-6.38,0.1,0.001207891,-7.850687e-07,0.001207891,0.1360936,-0.0986638,-0.00164796,-0.0146104,-179.046
1681338343.0986214,442.3,-6.43,0.1,0.001211547,-7.850687e-07,0.001207891,0.1360936,-0.0986638,-0.00164796,-0.0146104,-179.046
1681338347.1577888,442.3,-6.48,0.1,0.001207891,-4.439225e-06,0.001211555,359.9629,-0.0986638,-0.00164796,-0.0146104,-179.046
1681338351.2416656,442.3,-6.53,0.1,0.001207891,-7.850687e-07,0.001211547,359.9628,-0.0986638,-0.00164796,-0.0146104,-179.046
1681338355.2906065,442.3,-6.58,0.1,0.001207891,2.869087e-06,0.001207891,0.1360936,-0.0986638,-0.00164796,-0.0146104,-179.046
1681338359.378934,442.3,-6.63,0.1,0.001207891,2.869087e-06,0.001211547,0.1356829,-0.0986638,-0.00164796,-0.0146104,-179.046
1681338363.449515,442.3,-6.68,0.1,0.001211547,-4.439225e-06,0.001207891,0.1360936,-0.0986638,-0.00164796,-0.0146104,-179.046
1681338367.5059385,442.3,-6.73,0.1,0.001211547,-7.850687e-07,0.00121155,0.1356829,-0.0986638,-0.00164796,-0.0146104,-179.046
1681338371.581415,442.3,-6.78,0.1,0.001207891,2.869087e-06,0.00121155,359.9629,-0.0986638,-0.00164796,-0.0146104,-179.046
1681338375.6406353,442.3,-6.83,0.1,0.001211547,2.869087e-06,0.00121155,359.9628,-0.0986638,-0.00164796,-0.0146104,-179.046
1681338379.7183824,442.3,-6.88,0.1,0.001207891,2.869087e-06,0.001211547,0.1356829,-0.0986638,-0.00164796,-0.0146104,-179.046
1681338383.777209,442.3,-6.93,0.1,0.001211547,-7.850687e-07,0.001207894,359.9628,-0.0986638,-0.00165559,-0.0146104,-179.04
1681338387.82805,442.3,-6.98,0.1,0.001207891,-7.850687e-07,0.001211547,0.3094241,-0.0986638,-0.00165559,-0.0146104,-179.04
1681338391.8977933,442.3,-7.04,0.1,0.001211547,-7.850687e-07,0.001207894,359.9628,-0.0986638,-0.00164796,-0.0146104,-179.046
1681338395.9539177,442.3,-7.09,0.1,0.001211547,2.869087e-06,0.001207891,0.1360936,-0.0986638,-0.00164796,-0.0146104,-179.046
1681338400.0172641,442.3,-7.14,0.1,0.001207891,-7.850687e-07,0.001211547,0.1360936,-0.0986638,-0.00164796,-0.0146104,-179.046
1681338404.0817976,442.3,-7.19,0.1,0.001207891,-7.850687e-07,0.001207891,359.9626,-0.0986638,-0.00164796,-0.0146104,-179.046
1681338408.15103,442.3,-7.24,0.1,0.001207891,2.869087e-06,0.001211547,0.1360936,-0.0986638,-0.00164796,-0.0146104,-179.046
1681338412.2001827,442.3,-7.29,0.1,0.001207891,-7.850687e-07,0.00121155,359.9629,-0.0986638,-0.00164796,-0.0146104,-179.046
1681338416.2591784,442.3,-7.34,0.1,0.001207891,-7.850687e-07,0.00121155,359.9628,-0.0986638,-0.00164796,-0.0146104,-179.046
1681338420.306976,442.3,-7.39,0.1,0.001207891,-7.850687e-07,0.00121155,0.1356829,-0.0986638,-0.00164796,-0.0146104,-179.046
1681338424.357568,442.3,-7.44,0.1,0.001207891,2.869087e-06,0.00121155,0.3084905,-0.0986638,-0.00164033,-0.0146104,-179.046
1681338428.437225,442.3,-7.49,0.1,0.001211547,-4.439225e-06,0.001207899,359.9628,-0.0986638,-0.00164796,-0.0146104,-179.046
1681338432.5093071,442.3,-7.54,0.1,0.001207891,6.523243e-06,0.001211555,0.1360936,-0.0986638,-0.00164796,-0.0146104,-179.046
1681338436.570777,442.3,-7.59,0.1,0.001211547,-7.850687e-07,0.001204235,0.1360936,-0.0986638,-0.00164796,-0.0146104,-179.046
1681338440.640032,442.3,-7.64,0.1,0.001207891,-7.850687e-07,0.001207894,0.1360936,-0.0986562,-0.00164796,-0.014618,-179.046
1681338444.6956358,442.3,-7.69,0.1,0.001207891,2.869087e-06,0.001211555,0.1360936,-0.0986638,-0.00164796,-0.0146104,-179.046
1681338448.7634864,442.3,-7.74,0.1,0.001211547,-7.850687e-07,0.001207894,359.9629,-0.0986638,-0.00164796,-0.0146104,-179.046
1681338452.8524952,442.3,-7.79,0.1,0.001211547,-7.850687e-07,0.001211547,359.7894,-0.0986638,-0.00164796,-0.0146104,-179.046
1681338456.888302,442.3,-7.84,0.1,0.001207891,-7.850687e-07,0.001211564,0.1360936,-0.0986638,-0.00164033,-0.0146104,-179.046
1681338460.9542427,442.3,-7.89,0.1,0.001211547,-7.850687e-07,0.001207899,359.9629,-0.0986638,-0.00164033,-0.0146104,-179.046
1681338465.0264714,442.3,-7.94,0.1,0.001207891,-7.850687e-07,0.001211547,0.1356829,-0.0986638,-0.00164033,-0.0146104,-179.046
1681338469.1115239,442.3,-7.99,0.1,0.001207891,2.869087e-06,0.001211564,0.3084905,-0.0986638,-0.00164796,-0.0146104,-179.046
1681338473.1902468,442.3,-8.04,0.1,0.001207891,2.869087e-06,0.001207894,359.9629,-0.0986638,-0.00164033,-0.0146104,-179.046
1681338477.2689517,442.3,-8.09,0.1,0.001207891,2.869087e-06,0.001207894,0.1360936,-0.0986638,-0.00164033,-0.0146104,-179.046
1681338481.340348,442.3,-8.14,0.1,0.001211547,2.869087e-06,0.001207891,0.1360936,-0.0986638,-0.00164796,-0.0146104,-179.046
1681338485.4293804,442.3,-8.19,0.1,0.001207891,-7.850687e-07,0.00121155,0.1356829,-0.0986562,-0.00164796,-0.014618,-179.046
1681338489.4952018,442.3,-8.24,0.1,0.001211547,-7.850687e-07,0.001207899,0.3094241,-0.0986638,-0.00164796,-0.0146104,-179.046
1681338493.5723124,442.3,-8.29,0.1,0.001215203,-7.850687e-07,0.001207894,0.4812923,-0.0986638,-0.00164796,-0.0146104,-179.046
1681338497.6472864,442.3,-8.34,0.1,0.001207891,2.869087e-06,0.001207899,0.1360936,-0.0986562,-0.00164796,-0.014618,-179.046
1681338501.728721,442.3,-8.39,0.1,0.001211547,-7.850687e-07,0.001207891,359.9629,-0.0986638,-0.00164796,-0.0146104,-179.046
1681338505.788585,442.3,-8.44,0.1,0.001207891,-7.850687e-07,0.001211547,359.9629,-0.0986638,-0.00164796,-0.0146104,-179.046
1681338509.8648107,442.3,-8.49,0.1,0.001211547,2.869087e-06,0.001207891,359.9629,-0.0986638,-0.00164796,-0.0146104,-179.046
1681338513.9345748,442.3,-8.54,0.1,0.001211547,2.869087e-06,0.001211547,359.963,-0.0986638,-0.00164033,-0.0146104,-179.046
1681338517.9979746,442.3,-8.59,0.1,0.001211547,-7.850687e-07,0.001207891,359.963,-0.0986638,-0.00164796,-0.0146104,-179.046
1681338522.063158,442.3,-8.64,0.1,0.001207891,2.869087e-06,0.001211547,359.9629,-0.0986638,-0.00164033,-0.0146104,-179.046
1681338526.1414304,442.3,-8.69,0.1,0.001211547,6.523243e-06,0.00121155,359.7901,-0.0986638,-0.00164033,-0.0146104,-179.046
1681338530.2139676,442.3,-8.74,0.1,0.001211547,2.869087e-06,0.001207891,359.9629,-0.0986638,-0.00164796,-0.0146104,-179.046
1681338534.2629688,442.3,-8.79,0.1,0.001211547,-7.850687e-07,0.001207891,359.9629,-0.0986638,-0.00164796,-0.0146104,-179.046
1681338538.3474238,442.3,-8.84,0.1,0.001211547,-7.850687e-07,0.001211547,359.9629,-0.0986638,-0.00164796,-0.0146104,-179.046
1681338542.4327838,442.3,-8.89,0.1,0.001211547,2.869087e-06,0.001207894,0.1356829,-0.0986638,-0.00164796,-0.0146104,-179.046
1681338546.5107584,442.3,-8.94,0.1,0.001211547,-7.850687e-07,0.001207894,0.1356829,-0.0986638,-0.00164796,-0.0146027,-179.046
1681338550.5983214,442.3,-8.99,0.1,0.001211547,2.869087e-06,0.00121155,0.1352748,-0.0986638,-0.00164796,-0.0146104,-179.046
1681338554.644648,442.3,-9.05,0.1,0.001207891,-7.850687e-07,0.001207894,359.9629,-0.0986638,-0.00164796,-0.0146104,-179.046
1681338558.7068715,442.3,-9.1,0.1,0.001211547,2.869087e-06,0.001211547,359.9628,-0.0986638,-0.00164033,-0.0146104,-179.046
1681338562.779424,442.3,-9.15,0.1,0.001207891,-7.850687e-07,0.001207894,359.9629,-0.0986638,-0.00164033,-0.0146104,-179.046
1681338566.8403273,442.3,-9.2,0.1,0.001211547,-7.850687e-07,0.001207894,0.1356829,-0.0986638,-0.00164796,-0.0146104,-179.046
1681338570.9051423,442.3,-9.25,0.1,0.001207891,2.869087e-06,0.001207894,0.1360936,-0.0986638,-0.00164796,-0.0146104,-179.046
1681338574.9724503,442.3,-9.3,0.1,0.001211547,-7.850687e-07,0.001207899,359.9629,-0.0986638,-0.00164796,-0.0146104,-179.046
1681338579.038136,442.3,-9.35,0.1,0.001211547,6.523243e-06,0.001211564,359.9629,-0.0986638,-0.00164796,-0.0146104,-179.046
1681338583.090546,442.3,-9.4,0.1,0.001211547,-7.850687e-07,0.001211547,359.9628,-0.0986638,-0.00164796,-0.0146104,-179.046
1681338587.1586676,442.3,-9.45,0.1,0.001211547,-7.850687e-07,0.001207899,0.1356829,-0.0986638,-0.00164033,-0.0146027,-179.046
1681338591.2154841,442.3,-9.5,0.1,0.001211547,-4.439225e-06,0.001207891,0.1356829,-0.0986638,-0.00164796,-0.0146104,-179.046
1681338595.2781549,442.3,-9.55,0.1,0.001211547,-4.439225e-06,0.001207891,0.1356829,-0.0986638,-0.00164796,-0.0146104,-179.046
1681338599.3360941,442.3,-9.6,0.1,0.001211547,-7.850687e-07,0.001207891,359.9629,-0.0986638,-0.00164796,-0.0146104,-179.046
1681338603.4144874,442.3,-9.65,0.1,0.001211547,2.869087e-06,0.001211547,359.9629,-0.0986638,-0.00164796,-0.0146104,-179.046
1681338607.47804,442.3,-9.7,0.1,0.001207891,6.523243e-06,0.00121155,0.3084905,-0.0986638,-0.00164796,-0.0146104,-179.046
1681338611.5566876,442.3,-9.75,0.1,0.001207891,-7.850687e-07,0.001207894,0.1360936,-0.0986638,-0.00164796,-0.0146027,-179.046
1681338615.6092074,442.3,-9.8,0.1,0.001211547,2.869087e-06,0.00121155,0.3084905,-0.0986638,-0.00164796,-0.0146027,-179.046
1681338619.6775184,442.3,-9.85,0.1,0.001207891,-7.850687e-07,0.00121155,359.9629,-0.0986638,-0.00164796,-0.0146104,-179.046
1681338623.7407055,442.3,-9.9,0.1,0.001207891,-7.850687e-07,0.001211547,0.1356829,-0.0986638,-0.00164033,-0.0146104,-179.046
1681338627.8169181,442.3,-9.95,0.1,0.001211547,6.523243e-06,0.00121155,0.3094241,-0.0986638,-0.00164796,-0.0146104,-179.046
1681338631.88755,442.3,-10.0,0.1,0.001207891,-4.439225e-06,0.001207891,0.1360936,-0.0986638,-0.00164796,-0.0146104,-179.046
1681338635.9404979,442.3,-10.0,0.1,0.001211547,-7.850687e-07,0.001211547,0.1360936,-0.0986638,-0.00164796,-0.0146104,-179.046
1681338640.0123909,442.3,-9.95,0.1,0.001211547,2.869087e-06,0.001211547,0.1360936,-0.0986638,-0.00164796,-0.0146104,-179.046
1681338644.0751712,442.3,-9.9,0.1,0.001211547,-7.850687e-07,0.001211547,359.9629,-0.0986638,-0.00164796,-0.0146104,-179.046
1681338648.147832,442.3,-9.85,0.1,0.001207891,2.869087e-06,0.001211547,0.1352748,-0.0986638,-0.00164796,-0.0146104,-179.046
1681338652.1932554,442.3,-9.8,0.1,0.001211547,-7.850687e-07,0.001207891,0.1360936,-0.0986638,-0.00164796,-0.0146104,-179.046
1681338656.243583,442.3,-9.75,0.1,0.001207891,-4.439225e-06,0.00121155,359.9629,-0.0986638,-0.00164796,-0.0146104,-179.046
1681338660.3005023,442.3,-9.7,0.1,0.001207891,2.869087e-06,0.00121155,0.1360936,-0.0986638,-0.00164796,-0.0146104,-179.046
1681338664.3815157,442.3,-9.65,0.1,0.001211547,-7.850687e-07,0.001211547,0.1356829,-0.0986638,-0.00165559,-0.0146104,-179.04
1681338668.4490054,442.3,-9.6,0.1,0.001211547,-7.850687e-07,0.001211547,0.1356829,-0.0986638,-0.00164796,-0.0146104,-179.046
1681338672.5215137,442.3,-9.55,0.1,0.001211547,-7.850687e-07,0.00121155,359.7901,-0.0986638,-0.00164796,-0.0146104,-179.046
1681338676.59526,442.3,-9.5,0.1,0.001207891,6.523243e-06,0.001207894,359.9628,-0.0986638,-0.00164796,-0.0146027,-179.046
1681338680.6550155,442.3,-9.45,0.1,0.001211547,2.869087e-06,0.00121155,359.9629,-0.0986638,-0.00164796,-0.0146104,-179.046
1681338684.6926956,442.3,-9.4,0.1,0.001211547,-7.850687e-07,0.001211555,0.1356829,-0.0986638,-0.00164796,-0.0146104,-179.046
1681338688.7510684,442.3,-9.35,0.1,0.001207891,-7.850687e-07,0.001207891,359.9629,-0.0986638,-0.00164796,-0.0146104,-179.046
1681338692.794663,442.3,-9.3,0.1,0.001211547,2.869087e-06,0.00121155,359.7901,-0.0986638,-0.00164796,-0.0146104,-179.046
1681338696.875167,442.3,-9.25,0.1,0.001211547,-7.850687e-07,0.001211547,359.7894,-0.0986638,-0.00164796,-0.0146104,-179.046
1681338700.9440372,442.3,-9.2,0.1,0.001211547,-7.850687e-07,0.001211555,0.1356829,-0.0986638,-0.00164796,-0.0146104,-179.046
1681338705.024914,442.3,-9.15,0.1,0.001207891,-7.850687e-07,0.001211547,359.9629,-0.0986638,-0.00164796,-0.0146104,-179.046
1681338709.085977,442.3,-9.1,0.1,0.001211547,-7.850687e-07,0.00121155,359.7901,-0.0986638,-0.00164796,-0.0146104,-179.046
1681338713.162154,442.3,-9.05,0.1,0.001215203,2.869087e-06,0.001211547,0.1356829,-0.0986638,-0.00164796,-0.0146104,-179.046
1681338717.2362936,442.3,-8.99,0.1,0.001211547,2.869087e-06,0.001211547,359.9629,-0.0986638,-0.00165559,-0.0146104,-179.04
1681338721.2948234,442.3,-8.94,0.1,0.001211547,2.869087e-06,0.001211547,0.1356829,-0.0986638,-0.00164796,-0.0146104,-179.046
1681338725.3559322,442.3,-8.89,0.1,0.001211547,2.869087e-06,0.001207891,359.9629,-0.0986638,-0.00164796,-0.0146104,-179.046
1681338729.4278398,442.3,-8.84,0.1,0.001211547,-7.850687e-07,0.001207891,359.963,-0.0986638,-0.00164796,-0.0146104,-179.046
1681338733.4813578,442.3,-8.79,0.1,0.001211547,-7.850687e-07,0.001207899,0.1356829,-0.0986638,-0.00164796,-0.0146104,-179.046
1681338737.5342884,442.3,-8.74,0.1,0.001215203,6.523243e-06,0.00121155,359.9628,-0.0986638,-0.00164796,-0.0146104,-179.046
1681338741.6015887,442.3,-8.69,0.1,0.001207891,-7.850687e-07,0.00121155,0.3094241,-0.0986638,-0.00165559,-0.0146027,-179.04
1681338745.6606987,442.3,-8.64,0.1,0.001211547,-7.850687e-07,0.001211555,359.7901,-0.0986638,-0.00164796,-0.0146027,-179.046
1681338749.725735,442.3,-8.59,0.1,0.001211547,-7.850687e-07,0.001211547,359.7901,-0.0986638,-0.00164796,-0.0146104,-179.046
1681338753.8114626,442.3,-8.54,0.1,0.001207891,-7.850687e-07,0.00121155,359.9629,-0.0986638,-0.00164796,-0.0146027,-179.046
1681338757.8792596,442.3,-8.49,0.1,0.001207891,-7.850687e-07,0.001207894,0.1356829,-0.0986638,-0.00164796,-0.0146104,-179.046
1681338761.9356062,442.3,-8.44,0.1,0.001207891,6.523243e-06,0.001211547,359.9629,-0.0986638,-0.00164796,-0.0146104,-179.046
1681338765.9778147,442.3,-8.39,0.1,0.001211547,-7.850687e-07,0.001211547,0.3084905,-0.0986638,-0.00164796,-0.0146104,-179.046
1681338770.06602,442.3,-8.34,0.1,0.001211547,-7.850687e-07,0.00121155,359.9629,-0.0986638,-0.00164796,-0.0146027,-179.046
1681338774.1411755,442.3,-8.29,0.1,0.001211547,-7.850687e-07,0.001211547,359.9629,-0.0986638,-0.00164796,-0.0146104,-179.046
1681338778.2010214,442.3,-8.24,0.1,0.001211547,-7.850687e-07,0.00121155,0.1356829,-0.0986638,-0.00164796,-0.0146027,-179.046
1681338782.2685702,442.3,-8.19,0.1,0.001211547,-7.850687e-07,0.001211547,0.1356829,-0.0986638,-0.00164796,-0.0146104,-179.046
1681338786.3495808,442.3,-8.14,0.1,0.001211547,-7.850687e-07,0.001211547,359.9628,-0.0986638,-0.00164796,-0.0146104,-179.046
1681338790.4169064,442.3,-8.09,0.1,0.001211547,2.869087e-06,0.001207891,359.9629,-0.0986638,-0.00164796,-0.0146104,-179.046
1681338794.4895256,442.3,-8.04,0.1,0.001211547,2.869087e-06,0.001211547,0.1356829,-0.0986638,-0.00164796,-0.0146027,-179.046
1681338798.568151,442.3,-7.99,0.1,0.001211547,2.869087e-06,0.00121155,359.7907,-0.0986638,-0.00164796,-0.0146104,-179.046
1681338802.6226447,442.3,-7.94,0.1,0.001211547,6.523243e-06,0.001211547,0.1360936,-0.0986638,-0.00164796,-0.0146104,-179.046
1681338806.6841948,442.3,-7.89,0.1,0.001215203,-7.850687e-07,0.001207894,0.1352748,-0.0986638,-0.00164796,-0.0146027,-179.046
1681338810.774907,442.3,-7.84,0.1,0.001215203,2.869087e-06,0.001211547,359.963,-0.0986638,-0.00165559,-0.0146027,-179.04
1681338814.8336608,442.3,-7.79,0.1,0.001211547,-7.850687e-07,0.001207894,359.9629,-0.0986638,-0.00164796,-0.0146104,-179.046
1681338818.9148428,442.3,-7.74,0.1,0.001211547,2.869087e-06,0.001207891,0.1356829,-0.0986638,-0.00164796,-0.0146104,-179.046
1681338822.9541056,442.3,-7.69,0.1,0.001211547,-7.850687e-07,0.001211547,359.9628,-0.0986638,-0.00164796,-0.0146027,-179.046
1681338827.0232704,442.3,-7.64,0.1,0.001215203,2.869087e-06,0.00121155,359.9629,-0.0986638,-0.00164796,-0.0146027,-179.046
1681338831.062609,442.3,-7.59,0.1,0.001211547,-7.850687e-07,0.001215206,359.9628,-0.0986638,-0.00164796,-0.0146027,-179.046
1681338835.11009,442.3,-7.54,0.1,0.001211547,2.869087e-06,0.001211555,0.1352748,-0.0986638,-0.00164796,-0.0146027,-179.046
1681338839.203711,442.3,-7.49,0.1,0.001211547,-4.439225e-06,0.001211555,0.1352748,-0.0986638,-0.00165559,-0.0146027,-179.04
1681338843.2805834,442.3,-7.44,0.1,0.001211547,2.869087e-06,0.001207891,0.1360936,-0.0986638,-0.00165559,-0.0146027,-179.04
1681338847.3688664,442.3,-7.39,0.1,0.001211547,-4.439225e-06,0.001211547,359.9629,-0.0986638,-0.00164796,-0.0146027,-179.046
1681338851.4232109,442.3,-7.34,0.1,0.001215203,2.869087e-06,0.001211555,0.1356829,-0.0986638,-0.00164796,-0.0146027,-179.046
1681338855.5097697,442.3,-7.29,0.1,0.001211547,-7.850687e-07,0.00121155,0.1356829,-0.0986638,-0.00164796,-0.0146104,-179.046
1681338859.5918782,442.3,-7.24,0.1,0.001207891,-7.850687e-07,0.001211547,359.9629,-0.0986638,-0.00164796,-0.0146027,-179.046
1681338863.6328642,442.3,-7.19,0.1,0.001215203,2.869087e-06,0.001207891,0.1360936,-0.0986638,-0.00164796,-0.0146027,-179.046
1681338867.7019873,442.3,-7.14,0.1,0.001211547,2.869087e-06,0.001211547,359.9629,-0.0986638,-0.00165559,-0.0146027,-179.04
1681338871.7638216,442.3,-7.09,0.1,0.001207891,-7.850687e-07,0.001215203,0.1356829,-0.0986638,-0.00165559,-0.0146027,-179.04
1681338875.828962,442.3,-7.04,0.1,0.001211547,-7.850687e-07,0.001211547,359.9628,-0.0986638,-0.00164796,-0.0146027,-179.046
1681338879.8949306,442.3,-6.98,0.1,0.001211547,-7.850687e-07,0.001211555,0.3084905,-0.0986638,-0.00164796,-0.0146104,-179.046
1681338883.9723232,442.3,-6.93,0.1,0.001211547,-7.850687e-07,0.001207894,359.9629,-0.0986638,-0.00164796,-0.0146104,-179.046
1681338888.0383992,442.3,-6.88,0.1,0.001211547,-7.850687e-07,0.001211547,359.963,-0.0986638,-0.00164796,-0.0146027,-179.046
1681338892.1057153,442.3,-6.83,0.1,0.001211547,-7.850687e-07,0.001207894,359.9629,-0.0986638,-0.00164796,-0.0146027,-179.046
1681338896.1435723,442.3,-6.78,0.1,0.001211547,6.523243e-06,0.00121155,0.1356829,-0.0986638,-0.00164796,-0.0146027,-179.046
1681338900.2191663,442.3,-6.73,0.1,0.001211547,2.869087e-06,0.001211547,0.1356829,-0.0986638,-0.00164796,-0.0146104,-179.046
1681338904.252778,442.3,-6.68,0.1,0.001207891,2.869087e-06,0.001207891,0.1356829,-0.0986638,-0.00164796,-0.0146027,-179.046
1681338908.3360507,442.3,-6.63,0.1,0.001211547,-7.850687e-07,0.00121155,0.1356829,-0.0986638,-0.00165559,-0.0146027,-179.04
1681338912.4010262,442.3,-6.58,0.1,0.001211547,2.869087e-06,0.001211547,359.9628,-0.0986638,-0.00164796,-0.0146027,-179.046
1681338916.4568229,442.3,-6.53,0.1,0.001207891,-7.850687e-07,0.00121155,359.9629,-0.0986638,-0.00164796,-0.0146027,-179.046
1681338920.5225897,442.3,-6.48,0.1,0.001211547,-7.850687e-07,0.00121155,0.1356829,-0.0986638,-0.00164796,-0.0146027,-179.046
1681338924.57021,442.3,-6.43,0.1,0.001211547,2.869087e-06,0.001211547,359.9629,-0.0986638,-0.00164796,-0.0146027,-179.046
1681338928.6200767,442.3,-6.38,0.1,0.001211547,2.869087e-06,0.00121155,359.7901,-0.0986638,-0.00164796,-0.0146027,-179.046
1681338932.7073758,442.3,-6.33,0.1,0.001207891,2.869087e-06,0.001215206,359.9629,-0.0986638,-0.00164796,-0.0146104,-179.046
1681338936.7703967,442.3,-6.28,0.1,0.001211547,2.869087e-06,0.001211547,0.1356829,-0.0986638,-0.00164796,-0.0146027,-179.046
1681338940.8357465,442.3,-6.23,0.1,0.001215203,-7.850687e-07,0.00121155,0.1356829,-0.0986638,-0.00164796,-0.0146027,-179.046
1681338944.908161,442.3,-6.18,0.1,0.001211547,-7.850687e-07,0.001211555,359.9629,-0.0986638,-0.00164796,-0.0146027,-179.046
1681338948.987403,442.3,-6.13,0.1,0.001211547,-7.850687e-07,0.00121155,0.1356829,-0.0986638,-0.00164796,-0.0146027,-179.046
1681338953.050002,442.3,-6.08,0.1,0.001207891,-7.850687e-07,0.001207909,359.9629,-0.0986638,-0.00164796,-0.0146104,-179.046
1681338957.118481,442.3,-6.03,0.1,0.001211547,2.869087e-06,0.001211564,0.1356829,-0.0986638,-0.00164796,-0.0146027,-179.046
1681338961.174279,442.3,-5.98,0.1,0.001211547,2.869087e-06,0.001211555,359.9628,-0.0986638,-0.00164796,-0.0146027,-179.046
1681338965.2404346,442.3,-5.93,0.1,0.001211547,2.869087e-06,0.001215203,0.1352748,-0.0986638,-0.00164796,-0.0146104,-179.046
1681338969.3209996,442.3,-5.88,0.1,0.001211547,-7.850687e-07,0.001211547,359.7901,-0.0986638,-0.00164796,-0.0146027,-179.046
1681338973.379933,442.3,-5.83,0.1,0.001215203,2.869087e-06,0.001211547,0.1356829,-0.0986638,-0.00164796,-0.0146104,-179.046
1681338977.4492133,442.3,-5.78,0.1,0.001207891,-7.850687e-07,0.00121155,0.1356829,-0.0986638,-0.00164796,-0.0146027,-179.046
1681338981.5017571,442.3,-5.73,0.1,0.001211547,-7.850687e-07,0.001211547,0.1356829,-0.0986638,-0.00164796,-0.0146027,-179.046
1681338985.5873046,442.3,-5.68,0.1,0.001207891,-7.850687e-07,0.001207899,359.9628,-0.0986638,-0.00164796,-0.0146027,-179.046
1681338989.6484652,442.3,-5.63,0.1,0.001211547,2.869087e-06,0.001211547,0.1356829,-0.0986638,-0.00164796,-0.0146027,-179.046
1681338993.7343915,442.3,-5.58,0.1,0.001211547,-7.850687e-07,0.00121155,359.7894,-0.0986638,-0.00164796,-0.0146027,-179.046
1681338997.7951891,442.3,-5.53,0.1,0.001207891,-7.850687e-07,0.001207894,0.1360936,-0.0986638,-0.00164796,-0.0146027,-179.046
1681339001.8573945,442.3,-5.48,0.1,0.001215203,-7.850687e-07,0.001211547,359.9629,-0.0986638,-0.00164796,-0.0146027,-179.046
1681339005.9119186,442.3,-5.43,0.1,0.001211547,2.869087e-06,0.00121155,359.9629,-0.0986638,-0.00164796,-0.0146027,-179.046
1681339009.9812927,442.3,-5.38,0.1,0.001211547,2.869087e-06,0.001211547,0.1360936,-0.0986638,-0.00164796,-0.0146104,-179.046
1681339014.0587275,442.3,-5.33,0.1,0.001211547,2.869087e-06,0.001215203,0.1356829,-0.0986638,-0.00165559,-0.0146027,-179.04
1681339018.1230884,442.3,-5.28,0.1,0.001211547,2.869087e-06,0.001211547,359.9629,-0.0986638,-0.00164796,-0.0146027,-179.046
1681339022.2130823,442.3,-5.23,0.1,0.001211547,-7.850687e-07,0.001215206,359.9629,-0.0986638,-0.00164796,-0.0146027,-179.046
1681339026.2636456,442.3,-5.18,0.1,0.001211547,2.869087e-06,0.00121155,359.9629,-0.0986638,-0.00164796,-0.0146027,-179.046
1681339030.3356943,442.3,-5.13,0.1,0.001211547,2.869087e-06,0.001207909,359.9628,-0.0986638,-0.00164796,-0.0146027,-179.046
1681339034.401632,442.3,-5.08,0.1,0.001211547,-7.850687e-07,0.001211547,359.9629,-0.0986638,-0.00165559,-0.0146027,-179.04
1681339038.4680896,442.3,-5.03,0.1,0.001211547,-7.850687e-07,0.001207891,0.1356829,-0.0986638,-0.00164796,-0.0146027,-179.046
1681339042.5448973,442.3,-4.97,0.1,0.001211547,2.869087e-06,0.00121155,0.1352748,-0.0986638,-0.00164796,-0.0146027,-179.046
1681339046.615945,442.3,-4.92,0.1,0.001211547,2.869087e-06,0.001207891,0.1352748,-0.0986638,-0.00165559,-0.0146027,-179.04
1681339050.6901371,442.3,-4.87,0.1,0.001207891,6.523243e-06,0.001207899,0.1356829,-0.0986638,-0.00164796,-0.0146027,-179.046
1681339054.7625735,442.3,-4.82,0.1,0.001211547,-7.850687e-07,0.001211547,359.9629,-0.0986638,-0.00164796,-0.0146104,-179.046
1681339058.8293788,442.3,-4.77,0.1,0.001215203,2.869087e-06,0.001211547,359.9628,-0.0986638,-0.00164796,-0.0146027,-179.046
1681339062.8977282,442.3,-4.72,0.1,0.001211547,-7.850687e-07,0.001207891,359.9628,-0.0986638,-0.00164796,-0.0146104,-179.046
1681339066.988401,442.3,-4.67,0.1,0.001211547,-4.439225e-06,0.001211564,0.3084905,-0.0986638,-0.00164796,-0.0146027,-179.046
1681339071.054345,442.3,-4.62,0.1,0.001211547,2.869087e-06,0.001207891,0.1356829,-0.0986638,-0.00164796,-0.0146027,-179.046
1681339075.0986311,442.3,-4.57,0.1,0.001211547,-7.850687e-07,0.001215206,0.1356829,-0.0986638,-0.00164796,-0.0146027,-179.046
1681339079.1578374,442.3,-4.52,0.1,0.001211547,-7.850687e-07,0.001211547,359.9629,-0.0986638,-0.00164796,-0.0146027,-179.046
1681339083.2455559,442.3,-4.47,0.1,0.001211547,2.869087e-06,0.001207891,359.9629,-0.0986638,-0.00164796,-0.0146027,-179.046
1681339087.2912786,442.3,-4.42,0.1,0.001211547,2.869087e-06,0.001207894,359.9629,-0.0986638,-0.00164796,-0.0146027,-179.046
1681339091.353878,442.3,-4.37,0.1,0.001207891,-7.850687e-07,0.001211547,359.9628,-0.0986638,-0.00164796,-0.0146027,-179.046
1681339095.4219472,442.3,-4.32,0.1,0.001215203,2.869087e-06,0.00121155,0.1356829,-0.0986638,-0.00164796,-0.0146027,-179.046
1681339099.50466,442.3,-4.27,0.1,0.001207891,-7.850687e-07,0.00121155,0.1356829,-0.0986638,-0.00164796,-0.0146027,-179.046
1681339103.5599546,442.3,-4.22,0.1,0.001211547,-7.850687e-07,0.001211547,359.9629,-0.0986714,-0.00164796,-0.0145951,-179.046
1681339107.6191266,442.3,-4.17,0.1,0.001211547,2.869087e-06,0.001211555,359.9629,-0.0986638,-0.00164796,-0.0146027,-179.046
1681339111.6828775,442.3,-4.12,0.1,0.001211547,2.869087e-06,0.001211547,359.9629,-0.0986714,-0.00164796,-0.0145951,-179.046
1681339115.7655172,442.3,-4.07,0.1,0.001211547,2.869087e-06,0.001211547,0.1352748,-0.0986638,-0.00164796,-0.0146027,-179.046
1681339119.8231597,442.3,-4.02,0.1,0.001207891,-7.850687e-07,0.00121155,359.9629,-0.0986714,-0.00164796,-0.0145951,-179.046
1681339123.8781505,442.3,-3.97,0.1,0.001211547,-7.850687e-07,0.001211555,359.9628,-0.0986714,-0.00164796,-0.0145951,-179.046
1681339127.9333026,442.3,-3.92,0.1,0.001211547,6.523243e-06,0.00121155,359.9628,-0.0986638,-0.00164796,-0.0146027,-179.046
1681339132.017874,442.3,-3.87,0.1,0.001211547,2.869087e-06,0.00121155,359.9629,-0.0986638,-0.00165559,-0.0146027,-179.04
1681339136.0895803,442.3,-3.82,0.1,0.001211547,6.523243e-06,0.001211547,0.1356829,-0.0986638,-0.00164796,-0.0146027,-179.046
1681339140.1502244,442.3,-3.77,0.1,0.001211547,-7.850687e-07,0.001207894,0.1352748,-0.0986638,-0.00164796,-0.0146027,-179.046
1681339144.2153268,442.3,-3.72,0.1,0.001215203,-7.850687e-07,0.001211547,359.9628,-0.0986638,-0.00164796,-0.0146027,-179.046
1681339148.2646644,442.3,-3.67,0.1,0.001207891,-7.850687e-07,0.001211555,359.9629,-0.0986638,-0.00164796,-0.0146027,-179.046
1681339152.318747,442.3,-3.62,0.1,0.001215203,6.523243e-06,0.001211547,359.7901,-0.0986638,-0.00164796,-0.0146027,-179.046
1681339156.3952732,442.3,-3.57,0.1,0.001211547,2.869087e-06,0.001211547,359.9628,-0.0986638,-0.00164796,-0.0146027,-179.046
1681339160.4720907,442.3,-3.52,0.1,0.001211547,2.869087e-06,0.001207899,0.1356829,-0.0986638,-0.00164796,-0.0146027,-179.046
1681339164.545074,442.3,-3.47,0.1,0.001207891,-7.850687e-07,0.001207891,359.7894,-0.0986638,-0.00164796,-0.0146027,-179.046
1681339168.599047,442.3,-3.42,0.1,0.001211547,2.869087e-06,0.001207891,0.1360936,-0.0986638,-0.00164796,-0.0146027,-179.046
1681339172.6623108,442.3,-3.37,0.1,0.001211547,2.869087e-06,0.00121155,359.9628,-0.0986638,-0.00164796,-0.0146027,-179.046
1681339176.7423096,442.3,-3.32,0.1,0.001207891,-7.850687e-07,0.00121155,359.9629,-0.0986638,-0.00164796,-0.0146027,-179.046
1681339180.7944288,442.3,-3.27,0.1,0.001207891,2.869087e-06,0.00121155,0.1356829,-0.0986638,-0.00164796,-0.0146027,-179.046
1681339184.8702526,442.3,-3.22,0.1,0.001211547,-7.850687e-07,0.001211547,0.1356829,-0.0986638,-0.00164796,-0.0146027,-179.046
1681339188.9038038,442.3,-3.17,0.1,0.001211547,-7.850687e-07,0.001211547,359.9628,-0.0986638,-0.00164796,-0.0146027,-179.046
1681339192.9529707,442.3,-3.12,0.1,0.001207891,2.869087e-06,0.001207894,359.9629,-0.0986638,-0.00164796,-0.0146027,-179.046
1681339197.0136156,442.3,-3.07,0.1,0.001211547,-7.850687e-07,0.001207891,359.9629,-0.0986638,-0.00164796,-0.0146027,-179.046
1681339201.0810285,442.3,-3.02,0.1,0.001207891,-7.850687e-07,0.001207891,359.7901,-0.0986714,-0.00164796,-0.0145951,-179.046
1681339205.1455445,442.3,-2.96,0.1,0.001211547,2.869087e-06,0.00121155,359.7901,-0.0986638,-0.00164796,-0.0146027,-179.046
1681339209.2205825,442.3,-2.91,0.1,0.001211547,-7.850687e-07,0.001211547,0.1356829,-0.0986638,-0.00164796,-0.0146027,-179.046
1681339213.2787416,442.3,-2.86,0.1,0.001211547,2.869087e-06,0.001211564,0.1356829,-0.0986638,-0.00164796,-0.0146104,-179.046
1681339217.3313715,442.3,-2.81,0.1,0.001215203,2.869087e-06,0.001207891,359.7901,-0.0986638,-0.00164796,-0.0146104,-179.046
1681339221.3996775,442.3,-2.76,0.1,0.001211547,2.869087e-06,0.00121155,359.9629,-0.0986638,-0.00165559,-0.0146027,-179.04
1681339225.4761097,442.3,-2.71,0.1,0.001211547,-7.850687e-07,0.001211547,359.9629,-0.0986638,-0.00164796,-0.0146027,-179.046
1681339229.5441926,442.3,-2.66,0.1,0.001211547,2.869087e-06,0.001215206,359.9628,-0.0986638,-0.00165559,-0.0146027,-179.04
1681339233.602895,442.3,-2.61,0.1,0.001211547,2.869087e-06,0.001207894,359.9628,-0.0986638,-0.00165559,-0.0146027,-179.04
1681339237.672349,442.3,-2.56,0.1,0.001211547,2.869087e-06,0.001207894,359.9629,-0.0986638,-0.00164796,-0.0146027,-179.046
1681339241.7296247,442.3,-2.51,0.1,0.001211547,2.869087e-06,0.00121155,0.1360936,-0.0986638,-0.00164796,-0.0146027,-179.046
1681339245.7955885,442.3,-2.46,0.1,0.001207891,-7.850687e-07,0.001207894,0.1360936,-0.0986638,-0.00164796,-0.0146027,-179.046
1681339249.8430052,442.3,-2.41,0.1,0.001211547,-7.850687e-07,0.001207891,359.9628,-0.0986638,-0.00165559,-0.0146027,-179.04
1681339253.9129455,442.3,-2.36,0.1,0.001211547,6.523243e-06,0.001211547,0.3084905,-0.0986638,-0.00164796,-0.0146027,-179.046
1681339257.982726,442.3,-2.31,0.1,0.001207891,2.869087e-06,0.001211555,0.1360936,-0.0986638,-0.00165559,-0.0146027,-179.04
1681339262.0504591,442.3,-2.26,0.1,0.001211547,-7.850687e-07,0.001207891,359.9629,-0.0986714,-0.00164796,-0.0145951,-179.046
1681339266.1186538,442.3,-2.21,0.1,0.001215203,2.869087e-06,0.001207891,0.1356829,-0.0986638,-0.00164796,-0.0146027,-179.046
1681339270.1974826,442.3,-2.16,0.1,0.001211547,-4.439225e-06,0.001207899,0.1356829,-0.0986638,-0.00164033,-0.0146027,-179.046
1681339274.256442,442.3,-2.11,0.1,0.001211547,-7.850687e-07,0.00121155,0.1356829,-0.0986638,-0.00164796,-0.0146027,-179.046
1681339278.3344936,442.3,-2.06,0.1,0.001211547,-4.439225e-06,0.001211555,359.9629,-0.0986638,-0.00164796,-0.0146027,-179.046
1681339282.400148,442.3,-2.01,0.1,0.001207891,-7.850687e-07,0.001211547,0.3094241,-0.0986638,-0.00164796,-0.0146027,-179.046
1681339286.4792929,442.3,-1.96,0.1,0.001211547,-7.850687e-07,0.00121155,0.1356829,-0.0986638,-0.00164796,-0.0146027,-179.046
1681339290.5378132,442.3,-1.91,0.1,0.001211547,2.869087e-06,0.00121155,0.1360936,-0.0986638,-0.00164796,-0.0146027,-179.046
1681339294.6083117,442.3,-1.86,0.1,0.001211547,2.869087e-06,0.001207891,0.1356829,-0.0986638,-0.00164796,-0.0146027,-179.046
1681339298.6629176,442.3,-1.81,0.1,0.001211547,-7.850687e-07,0.001211547,0.1352748,-0.0986638,-0.00165559,-0.0146027,-179.04
1681339302.7196815,442.3,-1.76,0.1,0.001211547,2.869087e-06,0.001207894,0.1360936,-0.0986638,-0.00164796,-0.0146027,-179.046
1681339306.7837806,442.3,-1.71,0.1,0.001211547,-7.850687e-07,0.001207894,359.9629,-0.0986638,-0.00164796,-0.0146104,-179.046
1681339310.8330398,442.3,-1.66,0.1,0.001211547,2.869087e-06,0.001215206,0.1360936,-0.0986638,-0.00164796,-0.0146027,-179.046
1681339314.8907673,442.3,-1.61,0.1,0.001211547,-7.850687e-07,0.001207891,0.1360936,-0.0986638,-0.00164796,-0.0146027,-179.046
1681339318.9718268,442.3,-1.56,0.1,0.001211547,2.869087e-06,0.001207891,0.1356829,-0.0986638,-0.00164796,-0.0146027,-179.046
1681339323.0591974,442.3,-1.51,0.1,0.001211547,-7.850687e-07,0.001211555,0.1360936,-0.0986638,-0.00164796,-0.0146027,-179.046
1681339327.1296158,442.3,-1.46,0.1,0.001207891,2.869087e-06,0.001211547,359.9629,-0.0986714,-0.00164796,-0.0145951,-179.046
1681339331.2173738,442.3,-1.41,0.1,0.001207891,-7.850687e-07,0.001207891,359.9629,-0.0986638,-0.00164796,-0.0146027,-179.046
1681339335.2907445,442.3,-1.36,0.1,0.001207891,2.869087e-06,0.001204253,0.1356829,-0.0986638,-0.00164796,-0.0146027,-179.046
1681339339.3591797,442.3,-1.31,0.1,0.001211547,2.869087e-06,0.001207891,0.1356829,-0.0986638,-0.00164796,-0.0146027,-179.046
1681339343.431914,442.3,-1.26,0.1,0.001211547,2.869087e-06,0.001207891,0.1360936,-0.0986638,-0.00164796,-0.0146027,-179.046
1681339347.5126574,442.3,-1.21,0.1,0.001211547,-7.850687e-07,0.00121155,0.1356829,-0.0986638,-0.00164796,-0.0146027,-179.046
1681339351.5918694,442.3,-1.16,0.1,0.001207891,2.869087e-06,0.00121155,359.9629,-0.0986638,-0.00164796,-0.0146027,-179.046
1681339355.6543918,442.3,-1.11,0.1,0.001211547,-7.850687e-07,0.00121155,0.1356829,-0.0986638,-0.00164796,-0.0146027,-179.046
1681339359.7412627,442.3,-1.06,0.1,0.001211547,2.869087e-06,0.00121155,0.1356829,-0.0986638,-0.00164796,-0.0146027,-179.046
1681339363.7984889,442.3,-1.01,0.1,0.001211547,-7.850687e-07,0.00121155,359.9629,-0.0986638,-0.00164796,-0.0146027,-179.046
1681339367.8854167,442.3,-0.95,0.1,0.001211547,-7.850687e-07,0.001207894,0.1360936,-0.0986638,-0.00164796,-0.0146027,-179.046
1681339371.955415,442.3,-0.9,0.1,0.001211547,2.869087e-06,0.001207909,359.9629,-0.0986638,-0.00164796,-0.0146104,-179.046
1681339376.0305848,442.3,-0.85,0.1,0.001207891,-7.850687e-07,0.00121155,0.1356829,-0.0986638,-0.00164796,-0.0146104,-179.046
1681339380.1030748,442.3,-0.8,0.1,0.001207891,2.869087e-06,0.001211547,359.9628,-0.0986638,-0.00164796,-0.0146027,-179.046
1681339384.1488366,442.3,-0.75,0.1,0.001207891,-7.850687e-07,0.001211564,0.1360936,-0.0986638,-0.00164796,-0.0146027,-179.046
1681339388.215754,442.3,-0.7,0.1,0.001211547,2.869087e-06,0.00121155,359.9628,-0.0986638,-0.00164796,-0.0146027,-179.046
1681339392.2758803,442.3,-0.65,0.1,0.001211547,2.869087e-06,0.001211547,359.9629,-0.0986638,-0.00164796,-0.0146027,-179.046
1681339396.3412054,442.3,-0.6,0.1,0.001207891,2.869087e-06,0.001207894,359.9629,-0.0986638,-0.00164796,-0.0146104,-179.046
1681339400.412832,442.3,-0.55,0.1,0.001211547,-7.850687e-07,0.00121155,0.1356829,-0.0986638,-0.00164796,-0.0146027,-179.046
1681339404.4567115,442.3,-0.5,0.1,0.001211547,-7.850687e-07,0.00121155,0.3084905,-0.0986638,-0.00164796,-0.0146027,-179.046
1681339408.5125952,442.3,-0.45,0.1,0.001207891,2.869087e-06,0.001207891,359.7894,-0.0986638,-0.00164796,-0.0146027,-179.046
1681339412.5712886,442.3,-0.4,0.1,0.001207891,6.523243e-06,0.001207891,0.1356829,-0.0986638,-0.00164796,-0.0146104,-179.046
1681339416.6344457,442.3,-0.35,0.1,0.001207891,2.869087e-06,0.001207894,0.1356829,-0.0986638,-0.00164796,-0.0146104,-179.046
1681339420.6802616,442.3,-0.3,0.1,0.001207891,6.523243e-06,0.00121155,0.1356829,-0.0986638,-0.00164796,-0.0146104,-179.046
1681339424.7374308,442.3,-0.25,0.1,0.001211547,2.869087e-06,0.001207894,0.1360936,-0.0986638,-0.00164796,-0.0146027,-179.046
1681339428.7902927,442.3,-0.2,0.1,0.001211547,-7.850687e-07,0.001211547,359.9629,-0.0986638,-0.00164796,-0.0146027,-179.046
1681339432.85613,442.3,-0.15,0.1,0.001207891,6.523243e-06,0.00121155,0.1356829,-0.0986638,-0.00164796,-0.0146027,-179.046
1681339436.9281006,442.3,-0.1,0.1,0.001207891,-7.850687e-07,0.00121155,359.9628,-0.0986638,-0.00164796,-0.0146027,-179.046
1681339440.9850235,442.3,-0.05,0.1,0.001211547,2.869087e-06,0.001211547,359.9629,-0.0986638,-0.00164796,-0.0146027,-179.046
1681339445.0386422,442.3,0.0,0.1,0.001211547,2.869087e-06,0.001207891,0.1356829,-0.0986638,-0.00164796,-0.0146027,-179.046
