f,v,x,y,r,theta
10.0,0.0,-9.58047e-07,-1.28058e-09,9.57989e-07,-179.928
10.0,0.003448275862068966,-9.57931e-07,-1.28058e-09,9.57873e-07,-179.928
10.0,0.006896551724137932,-5.13976e-08,-1.16416e-10,5.13394e-08,-179.928
10.0,0.010344827586206898,-8.55075e-08,-1.74624e-10,8.54493e-08,-179.91
10.0,0.013793103448275864,-1.19909e-07,-1.74624e-10,1.1985e-07,-179.922
10.0,0.01724137931034483,-1.36964e-07,-2.9104e-10,1.36905e-07,-179.904
10.0,0.020689655172413796,-1.71306e-07,-2.9104e-10,1.71248e-07,-179.922
10.0,0.024137931034482762,-2.05474e-07,-2.9104e-10,2.05416e-07,-179.928
10.0,0.027586206896551727,-2.39701e-07,-3.49248e-10,2.39643e-07,-179.922
10.0,0.031034482758620693,-2.56756e-07,-3.49248e-10,2.56698e-07,-179.928
10.0,0.03448275862068966,-2.90924e-07,-4.07455e-10,2.90866e-07,-179.922
10.0,0.03793103448275863,-3.2515e-07,-4.65665e-10,3.25092e-07,-179.922
10.0,0.04137931034482759,-3.42205e-07,-5.23873e-10,3.42146e-07,-179.922
10.0,0.04482758620689656,-3.76431e-07,-5.23873e-10,3.76373e-07,-179.922
10.0,0.048275862068965524,-4.10657e-07,-5.8208e-10,4.10599e-07,-179.922
10.0,0.05172413793103449,-4.44883e-07,-6.40288e-10,4.44825e-07,-179.922
10.0,0.055172413793103454,-4.61996e-07,-6.40288e-10,4.61938e-07,-179.922
10.0,0.05862068965517242,-4.96166e-07,-6.98495e-10,4.96108e-07,-179.922
10.0,0.062068965517241385,-5.30392e-07,-7.56703e-10,5.30334e-07,-179.922
10.0,0.06551724137931035,-5.64385e-07,-8.14911e-10,5.64327e-07,-179.922
10.0,0.06896551724137932,-5.81556e-07,-8.14911e-10,5.81498e-07,-179.922
10.0,0.07241379310344828,-6.15782e-07,-8.73118e-10,6.15724e-07,-179.922
10.0,0.07586206896551725,-6.4995e-07,-8.73118e-10,6.49892e-07,-179.922
10.0,0.07931034482758621,-6.67063e-07,-9.3133e-10,6.67005e-07,-179.922
10.0,0.08275862068965519,-7.0129e-07,-9.89537e-10,7.01231e-07,-179.922
10.0,0.08620689655172414,-7.35516e-07,-9.89537e-10,7.35457e-07,-179.922
10.0,0.08965517241379312,-7.69684e-07,-1.04775e-09,7.69625e-07,-179.922
10.0,0.09310344827586207,-7.86797e-07,-1.10595e-09,7.86738e-07,-179.922
10.0,0.09655172413793105,-8.20906e-07,-1.10595e-09,8.20848e-07,-179.922
10.0,0.1,-8.55132e-07,-1.16416e-09,8.55074e-07,-179.922
20.0,0.0,-8.54609e-07,1.32132e-08,8.54609e-07,179.112
20.0,0.003448275862068966,-8.54667e-07,1.32132e-08,8.54667e-07,179.112
20.0,0.006896551724137932,-5.13394e-08,7.56703e-10,5.12812e-08,179.142
20.0,0.010344827586206898,-8.55657e-08,1.28058e-09,8.55075e-08,179.13
20.0,0.013793103448275864,-1.19792e-07,1.80444e-09,1.19734e-07,179.124
20.0,0.01724137931034483,-1.36905e-07,2.09549e-09,1.36847e-07,179.124
20.0,0.020689655172413796,-1.7119e-07,2.61936e-09,1.7119e-07,179.118
20.0,0.024137931034482762,-2.05299e-07,3.14323e-09,2.05299e-07,179.118
20.0,0.027586206896551727,-2.39526e-07,3.6671e-09,2.39468e-07,179.112
20.0,0.031034482758620693,-2.56581e-07,3.95815e-09,2.56581e-07,179.112
20.0,0.03448275862068966,-2.90633e-07,4.48202e-09,2.90633e-07,179.106
20.0,0.03793103448275863,-3.24859e-07,5.00589e-09,3.24859e-07,179.112
20.0,0.04137931034482759,-3.41972e-07,5.29693e-09,3.41914e-07,179.112
20.0,0.04482758620689656,-3.76198e-07,5.82079e-09,3.7614e-07,179.112
20.0,0.048275862068965524,-4.10366e-07,6.34466e-09,4.10366e-07,179.112
20.0,0.05172413793103449,-4.44534e-07,6.86853e-09,4.44534e-07,179.112
20.0,0.055172413793103454,-4.61589e-07,7.15957e-09,4.61589e-07,179.112
20.0,0.05862068965517242,-4.95758e-07,7.68347e-09,4.95758e-07,179.112
20.0,0.062068965517241385,-5.29926e-07,8.14913e-09,5.29926e-07,179.112
20.0,0.06551724137931035,-5.63978e-07,8.73121e-09,5.63978e-07,179.106
20.0,0.06896551724137932,-5.81033e-07,9.02224e-09,5.81033e-07,179.106
20.0,0.07241379310344828,-6.15259e-07,9.48791e-09,6.15259e-07,179.112
20.0,0.07586206896551725,-6.49485e-07,1.00118e-08,6.49485e-07,179.112
20.0,0.07931034482758621,-6.66481e-07,1.03028e-08,6.66481e-07,179.112
20.0,0.08275862068965519,-7.00707e-07,1.08849e-08,7.00766e-07,179.106
20.0,0.08620689655172414,-7.34875e-07,1.13506e-08,7.34934e-07,179.112
20.0,0.08965517241379312,-7.69043e-07,1.19326e-08,7.69043e-07,179.112
20.0,0.09310344827586207,-7.8604e-07,1.21073e-08,7.8604e-07,179.112
20.0,0.09655172413793105,-8.2015e-07,1.26311e-08,8.20208e-07,179.112
20.0,0.1,-8.54201e-07,1.32714e-08,8.54201e-07,179.106
30.0,0.0,-8.53328e-07,2.88711e-08,8.53735e-07,178.062
30.0,0.003448275862068966,-8.52862e-07,2.88711e-08,8.53328e-07,178.062
30.0,0.006896551724137932,-5.12812e-08,1.68803e-09,5.12812e-08,178.062
30.0,0.010344827586206898,-8.54493e-08,2.85219e-09,8.54493e-08,178.08
30.0,0.013793103448275864,-1.19618e-07,4.01636e-09,1.19618e-07,178.068
30.0,0.01724137931034483,-1.36731e-07,4.59843e-09,1.36731e-07,178.062
30.0,0.020689655172413796,-1.70899e-07,5.76259e-09,1.70957e-07,178.068
30.0,0.024137931034482762,-2.05008e-07,6.92674e-09,2.05066e-07,178.062
30.0,0.027586206896551727,-2.39177e-07,8.03271e-09,2.39235e-07,178.068
30.0,0.031034482758620693,-2.56174e-07,8.61479e-09,2.56232e-07,178.062
30.0,0.03448275862068966,-2.90225e-07,9.77894e-09,2.90342e-07,178.062
30.0,0.03793103448275863,-3.24393e-07,1.09431e-08,3.2451e-07,178.062
30.0,0.04137931034482759,-3.4139e-07,1.15252e-08,3.41564e-07,178.062
30.0,0.04482758620689656,-3.75558e-07,1.26893e-08,3.75674e-07,178.062
30.0,0.048275862068965524,-4.09726e-07,1.38535e-08,4.099e-07,178.062
30.0,0.05172413793103449,-4.43835e-07,1.50177e-08,4.44068e-07,178.062
30.0,0.055172413793103454,-4.6089e-07,1.55998e-08,4.61123e-07,178.056
30.0,0.05862068965517242,-4.95002e-07,1.67639e-08,4.95234e-07,178.062
30.0,0.062068965517241385,-5.29111e-07,1.78699e-08,5.29402e-07,178.062
30.0,0.06551724137931035,-5.63105e-07,1.9034e-08,5.63396e-07,178.062
30.0,0.06896551724137932,-5.80218e-07,1.96161e-08,5.8045e-07,178.062
30.0,0.07241379310344828,-6.14327e-07,2.07802e-08,6.14618e-07,178.062
30.0,0.07586206896551725,-6.48437e-07,2.18862e-08,6.48728e-07,178.062
30.0,0.07931034482758621,-6.65492e-07,2.25265e-08,6.65783e-07,178.062
30.0,0.08275862068965519,-6.9966e-07,2.36324e-08,7.00009e-07,178.062
30.0,0.08620689655172414,-7.33769e-07,2.47966e-08,7.34177e-07,178.062
30.0,0.08965517241379312,-7.67879e-07,2.59607e-08,7.68228e-07,178.062
30.0,0.09310344827586207,-7.84934e-07,2.65428e-08,7.85341e-07,178.062
30.0,0.09655172413793105,-8.18927e-07,2.7707e-08,8.19393e-07,178.062
30.0,0.1,-8.52746e-07,2.85801e-08,8.53153e-07,178.074
40.0,0.0,-8.51058e-07,4.63335e-08,8.5228e-07,176.88
40.0,0.003448275862068966,-8.51116e-07,4.65664e-08,8.5228e-07,176.868
40.0,0.006896551724137932,-5.12812e-08,2.79398e-09,5.12812e-08,176.874
40.0,0.010344827586206898,-8.51583e-08,4.59843e-09,8.52165e-08,176.886
40.0,0.013793103448275864,-1.19327e-07,6.57749e-09,1.19443e-07,176.832
40.0,0.01724137931034483,-1.36381e-07,7.33419e-09,1.36498e-07,176.904
40.0,0.020689655172413796,-1.70491e-07,9.37149e-09,1.70724e-07,176.844
40.0,0.024137931034482762,-2.04484e-07,1.10595e-08,2.04717e-07,176.904
40.0,0.027586206896551727,-2.38537e-07,1.30968e-08,2.38828e-07,176.85
40.0,0.031034482758620693,-2.55592e-07,1.38535e-08,2.55941e-07,176.886
40.0,0.03448275862068966,-2.8941e-07,1.57744e-08,2.89818e-07,176.874
40.0,0.03793103448275863,-3.23636e-07,1.77535e-08,3.24044e-07,176.856
40.0,0.04137931034482759,-3.40575e-07,1.85101e-08,3.41041e-07,176.886
40.0,0.04482758620689656,-3.74568e-07,2.05474e-08,3.75092e-07,176.856
40.0,0.048275862068965524,-4.08794e-07,2.22936e-08,4.09318e-07,176.88
40.0,0.05172413793103449,-4.42671e-07,2.41563e-08,4.43311e-07,176.868
40.0,0.055172413793103454,-4.59784e-07,2.5204e-08,4.60424e-07,176.856
40.0,0.05862068965517242,-4.93779e-07,2.68921e-08,4.9442e-07,176.88
40.0,0.062068965517241385,-5.27714e-07,2.89293e-08,5.28471e-07,176.862
40.0,0.06551724137931035,-5.61649e-07,3.06175e-08,5.62464e-07,176.874
40.0,0.06896551724137932,-5.7853e-07,3.15488e-08,5.79344e-07,176.874
40.0,0.07241379310344828,-6.12639e-07,3.33532e-08,6.13454e-07,176.88
40.0,0.07586206896551725,-6.46691e-07,3.52741e-08,6.47564e-07,176.874
40.0,0.07931034482758621,-6.63804e-07,3.638e-08,6.64793e-07,176.862
40.0,0.08275862068965519,-6.97448e-07,3.79516e-08,6.98379e-07,176.886
40.0,0.08620689655172414,-7.31907e-07,4.00471e-08,7.32955e-07,176.868
40.0,0.08965517241379312,-7.659e-07,4.17933e-08,7.67006e-07,176.874
40.0,0.09310344827586207,-7.82315e-07,4.26082e-08,7.83421e-07,176.88
40.0,0.09655172413793105,-8.16948e-07,4.47619e-08,8.18112e-07,176.862
40.0,0.1,-8.50825e-07,4.64499e-08,8.52047e-07,176.874
50.0,0.0,-8.48322e-07,6.87437e-08,8.51058e-07,175.362
50.0,0.003448275862068966,-8.49137e-07,6.70557e-08,8.51756e-07,175.482
50.0,0.006896551724137932,-5.08155e-08,2.56115e-09,5.08155e-08,177.108
50.0,0.010344827586206898,-8.3412e-08,6.57749e-09,8.36449e-08,175.476
50.0,0.013793103448275864,-1.18278e-07,1.08267e-08,1.18744e-07,174.768
50.0,0.01724137931034483,-1.3708e-07,1.15834e-08,1.37487e-07,175.146
50.0,0.020689655172413796,-1.70899e-07,1.25147e-08,1.71306e-07,175.806
50.0,0.024137931034482762,-2.03029e-07,1.47848e-08,2.03495e-07,175.818
50.0,0.027586206896551727,-2.36091e-07,1.92086e-08,2.3679e-07,175.344
50.0,0.031034482758620693,-2.54311e-07,2.17116e-08,2.55184e-07,175.116
50.0,0.03448275862068966,-2.89643e-07,2.35742e-08,2.90574e-07,175.344
50.0,0.03793103448275863,-3.23345e-07,2.4622e-08,3.24218e-07,175.644
50.0,0.04137931034482759,-3.3877e-07,2.55533e-08,3.39644e-07,175.686
50.0,0.04482758620689656,-3.716e-07,2.9686e-08,3.72705e-07,175.428
50.0,0.048275862068965524,-4.06466e-07,3.37607e-08,4.07805e-07,175.254
50.0,0.05172413793103449,-4.41973e-07,3.61472e-08,4.4337e-07,175.32
50.0,0.055172413793103454,-4.5926e-07,3.59144e-08,4.60599e-07,175.524
50.0,0.05862068965517242,-4.91858e-07,3.76024e-08,4.93197e-07,175.626
50.0,0.062068965517241385,-5.24338e-07,4.10948e-08,5.25852e-07,175.512
50.0,0.06551724137931035,-5.58215e-07,4.5344e-08,5.59961e-07,175.35
50.0,0.06896551724137932,-5.76143e-07,4.73231e-08,5.78064e-07,175.302
50.0,0.07241379310344828,-6.11533e-07,4.91857e-08,6.13454e-07,175.398
50.0,0.07586206896551725,-6.45119e-07,5.02916e-08,6.46982e-07,175.542
50.0,0.07931034482758621,-6.60544e-07,5.11648e-08,6.62465e-07,175.566
50.0,0.08275862068965519,-6.93548e-07,5.54721e-08,6.9576e-07,175.428
50.0,0.08620689655172414,-7.28647e-07,5.94302e-08,7.31034e-07,175.338
50.0,0.08965517241379312,-7.64096e-07,6.14095e-08,7.66482e-07,175.404
50.0,0.09310344827586207,-7.80918e-07,6.10603e-08,7.83246e-07,175.53
50.0,0.09655172413793105,-8.12175e-07,6.39707e-08,8.14678e-07,175.494
50.0,0.1,-8.46285e-07,6.8278e-08,8.49021e-07,175.386
10.0,0.0,-8.5391e-07,-1.04775e-09,8.53852e-07,-179.928
10.0,0.003448275862068966,-8.54085e-07,-1.16416e-09,8.54026e-07,-179.922
10.0,0.006896551724137932,-5.13394e-08,-1.16416e-10,5.12812e-08,-179.928
10.0,0.010344827586206898,-8.55075e-08,-1.74624e-10,8.54493e-08,-179.91
10.0,0.013793103448275864,-1.19676e-07,-1.74624e-10,1.19618e-07,-179.922
10.0,0.01724137931034483,-1.36847e-07,-2.32832e-10,1.36789e-07,-179.916
10.0,0.020689655172413796,-1.71073e-07,-2.9104e-10,1.71015e-07,-179.922
10.0,0.024137931034482762,-2.05183e-07,-3.49248e-10,2.05125e-07,-179.916
10.0,0.027586206896551727,-2.39352e-07,-3.49248e-10,2.39294e-07,-179.922
10.0,0.031034482758620693,-2.56407e-07,-4.07455e-10,2.56348e-07,-179.916
10.0,0.03448275862068966,-2.90458e-07,-4.07455e-10,2.904e-07,-179.922
10.0,0.03793103448275863,-3.24626e-07,-4.65665e-10,3.24568e-07,-179.922
10.0,0.04137931034482759,-3.41739e-07,-5.23873e-10,3.41681e-07,-179.922
10.0,0.04482758620689656,-3.75907e-07,-5.23873e-10,3.75849e-07,-179.922
10.0,0.048275862068965524,-4.10133e-07,-5.8208e-10,4.10075e-07,-179.922
10.0,0.05172413793103449,-4.44301e-07,-6.40288e-10,4.44243e-07,-179.922
10.0,0.055172413793103454,-4.61356e-07,-6.40288e-10,4.61298e-07,-179.922
10.0,0.05862068965517242,-4.95467e-07,-6.98495e-10,4.95409e-07,-179.922
10.0,0.062068965517241385,-5.29635e-07,-7.56703e-10,5.29577e-07,-179.922
10.0,0.06551724137931035,-5.63628e-07,-8.14911e-10,5.6357e-07,-179.922
10.0,0.06896551724137932,-5.80683e-07,-8.14911e-10,5.80625e-07,-179.922
10.0,0.07241379310344828,-6.14851e-07,-8.73118e-10,6.14793e-07,-179.922
10.0,0.07586206896551725,-6.49077e-07,-8.73118e-10,6.49019e-07,-179.922
10.0,0.07931034482758621,-6.66132e-07,-9.3133e-10,6.66074e-07,-179.922
10.0,0.08275862068965519,-7.003e-07,-9.89537e-10,7.00242e-07,-179.922
10.0,0.08620689655172414,-7.34468e-07,-1.04775e-09,7.3441e-07,-179.922
10.0,0.08965517241379312,-7.68578e-07,-1.04775e-09,7.68519e-07,-179.922
10.0,0.09310344827586207,-7.85574e-07,-1.04775e-09,7.85516e-07,-179.922
10.0,0.09655172413793105,-8.19742e-07,-1.16416e-09,8.19684e-07,-179.922
10.0,0.1,-8.5327e-07,-1.39699e-09,8.53212e-07,-179.91
20.0,0.0,-8.53444e-07,1.3155e-08,8.53444e-07,179.112
20.0,0.003448275862068966,-8.53328e-07,1.32132e-08,8.53386e-07,179.112
20.0,0.006896551724137932,-5.12812e-08,7.56703e-10,5.1223e-08,179.106
20.0,0.010344827586206898,-8.54493e-08,1.28058e-09,8.53911e-08,179.106
20.0,0.013793103448275864,-1.19618e-07,1.86266e-09,1.19559e-07,179.106
20.0,0.01724137931034483,-1.36731e-07,2.09549e-09,1.36672e-07,179.106
20.0,0.020689655172413796,-1.70899e-07,2.61936e-09,1.7084e-07,179.118
20.0,0.024137931034482762,-2.05008e-07,3.14323e-09,2.05008e-07,179.112
20.0,0.027586206896551727,-2.39177e-07,3.6671e-09,2.39177e-07,179.112
20.0,0.031034482758620693,-2.56232e-07,3.95815e-09,2.56174e-07,179.112
20.0,0.03448275862068966,-2.90225e-07,4.48202e-09,2.90167e-07,179.112
20.0,0.03793103448275863,-3.24393e-07,5.00589e-09,3.24335e-07,179.112
20.0,0.04137931034482759,-3.41506e-07,5.29693e-09,3.41448e-07,179.112
20.0,0.04482758620689656,-3.75558e-07,5.82079e-09,3.75558e-07,179.112
20.0,0.048275862068965524,-4.09784e-07,6.28646e-09,4.09726e-07,179.112
20.0,0.05172413793103449,-4.43952e-07,6.86853e-09,4.43952e-07,179.106
20.0,0.055172413793103454,-4.60948e-07,7.10136e-09,4.60948e-07,179.112
20.0,0.05862068965517242,-4.9506e-07,7.62526e-09,4.9506e-07,179.112
20.0,0.062068965517241385,-5.29228e-07,8.14913e-09,5.29228e-07,179.112
20.0,0.06551724137931035,-5.63163e-07,8.73121e-09,5.63163e-07,179.112
20.0,0.06896551724137932,-5.80276e-07,8.96404e-09,5.80334e-07,179.112
20.0,0.07241379310344828,-6.14327e-07,9.4297e-09,6.14327e-07,179.118
20.0,0.07586206896551725,-6.48553e-07,1.00118e-08,6.48553e-07,179.112
20.0,0.07931034482758621,-6.6555e-07,1.03028e-08,6.6555e-07,179.112
20.0,0.08275862068965519,-6.99718e-07,1.08267e-08,6.99776e-07,179.112
20.0,0.08620689655172414,-7.33886e-07,1.13506e-08,7.33944e-07,179.112
20.0,0.08965517241379312,-7.67937e-07,1.18744e-08,7.67996e-07,179.112
20.0,0.09310344827586207,-7.8505e-07,1.21655e-08,7.8505e-07,179.112
20.0,0.09655172413793105,-8.19044e-07,1.26893e-08,8.19044e-07,179.112
20.0,0.1,-8.53212e-07,1.32132e-08,8.5327e-07,179.112
30.0,0.0,-8.52164e-07,2.88129e-08,8.52571e-07,178.062
30.0,0.003448275862068966,-8.52106e-07,2.88129e-08,8.52571e-07,178.062
30.0,0.006896551724137932,-5.1223e-08,1.68803e-09,5.1223e-08,178.062
30.0,0.010344827586206898,-8.52747e-08,2.85219e-09,8.52747e-08,178.074
30.0,0.013793103448275864,-1.19443e-07,4.01636e-09,1.19443e-07,178.068
30.0,0.01724137931034483,-1.36556e-07,4.59843e-09,1.36556e-07,178.068
30.0,0.020689655172413796,-1.70666e-07,5.76259e-09,1.70724e-07,178.062
30.0,0.024137931034482762,-2.04717e-07,6.92674e-09,2.04775e-07,178.062
30.0,0.027586206896551727,-2.3877e-07,8.03271e-09,2.38886e-07,178.068
30.0,0.031034482758620693,-2.55824e-07,8.61479e-09,2.55883e-07,178.062
30.0,0.03448275862068966,-2.89818e-07,9.77894e-09,2.89934e-07,178.056
30.0,0.03793103448275863,-3.23869e-07,1.09431e-08,3.24044e-07,178.062
30.0,0.04137931034482759,-3.40924e-07,1.15252e-08,3.41041e-07,178.062
30.0,0.04482758620689656,-3.75034e-07,1.26893e-08,3.7515e-07,178.062
30.0,0.048275862068965524,-4.09143e-07,1.38535e-08,4.09318e-07,178.062
30.0,0.05172413793103449,-4.43195e-07,1.49595e-08,4.43428e-07,178.062
30.0,0.055172413793103454,-4.6025e-07,1.55416e-08,4.60424e-07,178.062
30.0,0.05862068965517242,-4.94303e-07,1.67057e-08,4.94536e-07,178.062
30.0,0.062068965517241385,-5.28355e-07,1.78117e-08,5.28587e-07,178.062
30.0,0.06551724137931035,-5.6229e-07,1.89758e-08,5.62522e-07,178.062
30.0,0.06896551724137932,-5.79344e-07,1.95579e-08,5.79636e-07,178.062
30.0,0.07241379310344828,-6.13396e-07,2.0722e-08,6.13687e-07,178.062
30.0,0.07586206896551725,-6.47447e-07,2.18862e-08,6.47797e-07,178.062
30.0,0.07931034482758621,-6.64444e-07,2.24101e-08,6.64793e-07,178.062
30.0,0.08275862068965519,-6.98612e-07,2.35742e-08,6.98961e-07,178.062
30.0,0.08620689655172414,-7.3278e-07,2.47384e-08,7.33129e-07,178.062
30.0,0.08965517241379312,-7.66773e-07,2.59025e-08,7.67122e-07,178.062
30.0,0.09310344827586207,-7.8377e-07,2.64846e-08,7.84177e-07,178.062
30.0,0.09655172413793105,-8.17647e-07,2.76488e-08,8.18054e-07,178.062
30.0,0.1,-8.51873e-07,2.88129e-08,8.52338e-07,178.062
40.0,0.0,-8.5001e-07,4.64499e-08,8.51232e-07,176.868
40.0,0.003448275862068966,-8.49777e-07,4.63335e-08,8.51e-07,176.874
40.0,0.006896551724137932,-5.11066e-08,2.85219e-09,5.11066e-08,176.79
40.0,0.010344827586206898,-8.51583e-08,4.54023e-09,8.52165e-08,176.928
40.0,0.013793103448275864,-1.19035e-07,6.51929e-09,1.19152e-07,176.856
40.0,0.01724137931034483,-1.36265e-07,7.45064e-09,1.36381e-07,176.862
40.0,0.020689655172413796,-1.70142e-07,9.19687e-09,1.70375e-07,176.892
40.0,0.024137931034482762,-2.04193e-07,1.11759e-08,2.04426e-07,176.85
40.0,0.027586206896551727,-2.38303e-07,1.29222e-08,2.38595e-07,176.886
40.0,0.031034482758620693,-2.55068e-07,1.39117e-08,2.55417e-07,176.874
40.0,0.03448275862068966,-2.89119e-07,1.58326e-08,2.89469e-07,176.856
40.0,0.03793103448275863,-3.23054e-07,1.75788e-08,3.23462e-07,176.88
40.0,0.04137931034482759,-3.39993e-07,1.86266e-08,3.40458e-07,176.856
40.0,0.04482758620689656,-3.74161e-07,2.03728e-08,3.74685e-07,176.88
40.0,0.048275862068965524,-4.08038e-07,2.22354e-08,4.08561e-07,176.874
40.0,0.05172413793103449,-4.42147e-07,2.42145e-08,4.42729e-07,176.856
40.0,0.055172413793103454,-4.59086e-07,2.49712e-08,4.59668e-07,176.88
40.0,0.05862068965517242,-4.92964e-07,2.70085e-08,4.93663e-07,176.862
40.0,0.062068965517241385,-5.27132e-07,2.87547e-08,5.27831e-07,176.874
40.0,0.06551724137931035,-5.6066e-07,3.06175e-08,5.61417e-07,176.868
40.0,0.06896551724137932,-5.77831e-07,3.16652e-08,5.78588e-07,176.862
40.0,0.07241379310344828,-6.11883e-07,3.3295e-08,6.12697e-07,176.88
40.0,0.07586206896551725,-6.45643e-07,3.53905e-08,6.46516e-07,176.856
40.0,0.07931034482758621,-6.62931e-07,3.62054e-08,6.63862e-07,176.874
40.0,0.08275862068965519,-6.96749e-07,3.80098e-08,6.97681e-07,176.874
40.0,0.08620689655172414,-7.30917e-07,3.99889e-08,7.31907e-07,176.862
40.0,0.08965517241379312,-7.64736e-07,4.16769e-08,7.65842e-07,176.874
40.0,0.09310344827586207,-7.81616e-07,4.27247e-08,7.82722e-07,176.868
40.0,0.09655172413793105,-8.1462e-07,4.44127e-08,8.15784e-07,176.88
40.0,0.1,-8.49486e-07,4.63335e-08,8.50709e-07,176.874
50.0,0.0,-8.4774e-07,6.74631e-08,8.50359e-07,175.452
50.0,0.003448275862068966,-8.47565e-07,6.63572e-08,8.50127e-07,175.518
50.0,0.006896551724137932,-5.01752e-08,2.67757e-09,5.01752e-08,176.88
50.0,0.010344827586206898,-8.32956e-08,6.92674e-09,8.35284e-08,175.218
50.0,0.013793103448275864,-1.18337e-07,1.08849e-08,1.18802e-07,174.738
50.0,0.01724137931034483,-1.36905e-07,1.15252e-08,1.37313e-07,175.17
50.0,0.020689655172413796,-1.70666e-07,1.25147e-08,1.71073e-07,175.8
50.0,0.024137931034482762,-2.02855e-07,1.47266e-08,2.0332e-07,175.842
50.0,0.027586206896551727,-2.35742e-07,1.89758e-08,2.3644e-07,175.386
50.0,0.031034482758620693,-2.53787e-07,2.16534e-08,2.5466e-07,175.122
50.0,0.03448275862068966,-2.89177e-07,2.36324e-08,2.90051e-07,175.32
50.0,0.03793103448275863,-3.2288e-07,2.4622e-08,3.23753e-07,175.638
50.0,0.04137931034482759,-3.38072e-07,2.55533e-08,3.39003e-07,175.674
50.0,0.04482758620689656,-3.71017e-07,2.97442e-08,3.72182e-07,175.41
50.0,0.048275862068965524,-4.06349e-07,3.38189e-08,4.07746e-07,175.242
50.0,0.05172413793103449,-4.41682e-07,3.53905e-08,4.4302e-07,175.416
50.0,0.055172413793103454,-4.57863e-07,3.4983e-08,4.59144e-07,175.626
50.0,0.05862068965517242,-4.89879e-07,3.80098e-08,4.91276e-07,175.554
50.0,0.062068965517241385,-5.23582e-07,4.255e-08,5.2527e-07,175.35
50.0,0.06551724137931035,-5.59146e-07,4.57514e-08,5.60951e-07,175.32
50.0,0.06896551724137932,-5.769e-07,4.52858e-08,5.78588e-07,175.506
50.0,0.07241379310344828,-6.09147e-07,4.69738e-08,6.10893e-07,175.59
50.0,0.07586206896551725,-6.41685e-07,5.09319e-08,6.43664e-07,175.458
50.0,0.07931034482758621,-6.59555e-07,5.39005e-08,6.61708e-07,175.326
50.0,0.08275862068965519,-6.95411e-07,5.50647e-08,6.97506e-07,175.47
50.0,0.08620689655172414,-7.27599e-07,5.63452e-08,7.29695e-07,175.566
50.0,0.08965517241379312,-7.60079e-07,6.02454e-08,7.62408e-07,175.464
50.0,0.09310344827586207,-7.77949e-07,6.32722e-08,7.80452e-07,175.35
50.0,0.09655172413793105,-8.13339e-07,6.54259e-08,8.15959e-07,175.404
50.0,0.1,-8.47216e-07,6.62408e-08,8.49719e-07,175.53
10.0,0.0,-8.52688e-07,-1.16416e-09,8.52629e-07,-179.922
10.0,0.003448275862068966,-8.52804e-07,-1.16416e-09,8.52746e-07,-179.922
10.0,0.006896551724137932,-5.12812e-08,-1.16416e-10,5.1223e-08,-179.928
10.0,0.010344827586206898,-8.53911e-08,-1.74624e-10,8.53329e-08,-179.91
10.0,0.013793103448275864,-1.19501e-07,-1.74624e-10,1.19443e-07,-179.922
10.0,0.01724137931034483,-1.36614e-07,-1.74624e-10,1.36556e-07,-179.928
10.0,0.020689655172413796,-1.70782e-07,-2.9104e-10,1.70724e-07,-179.922
10.0,0.024137931034482762,-2.04834e-07,-2.9104e-10,2.04775e-07,-179.928
10.0,0.027586206896551727,-2.39002e-07,-3.49248e-10,2.38944e-07,-179.922
10.0,0.031034482758620693,-2.55999e-07,-3.49248e-10,2.55941e-07,-179.928
10.0,0.03448275862068966,-2.90051e-07,-4.07455e-10,2.89992e-07,-179.922
10.0,0.03793103448275863,-3.2416e-07,-4.65665e-10,3.24102e-07,-179.922
10.0,0.04137931034482759,-3.41215e-07,-5.23873e-10,3.41157e-07,-179.922
10.0,0.04482758620689656,-3.75325e-07,-5.23873e-10,3.75267e-07,-179.922
10.0,0.048275862068965524,-4.09493e-07,-5.8208e-10,4.09435e-07,-179.928
10.0,0.05172413793103449,-4.43602e-07,-6.40288e-10,4.43544e-07,-179.922
10.0,0.055172413793103454,-4.60599e-07,-6.40288e-10,4.60541e-07,-179.928
10.0,0.05862068965517242,-4.94711e-07,-6.98495e-10,4.94652e-07,-179.922
10.0,0.062068965517241385,-5.28762e-07,-7.56703e-10,5.28704e-07,-179.922
10.0,0.06551724137931035,-5.62755e-07,-8.14911e-10,5.62697e-07,-179.922
10.0,0.06896551724137932,-5.7981e-07,-8.14911e-10,5.79752e-07,-179.922
10.0,0.07241379310344828,-6.1392e-07,-8.73118e-10,6.13862e-07,-179.922
10.0,0.07586206896551725,-6.4803e-07,-8.73118e-10,6.47971e-07,-179.922
10.0,0.07931034482758621,-6.65026e-07,-9.3133e-10,6.64968e-07,-179.922
10.0,0.08275862068965519,-6.99136e-07,-9.89537e-10,6.99078e-07,-179.922
10.0,0.08620689655172414,-7.33304e-07,-9.89537e-10,7.33246e-07,-179.922
10.0,0.08965517241379312,-7.67355e-07,-1.04775e-09,7.67297e-07,-179.922
10.0,0.09310344827586207,-7.84177e-07,-9.3133e-10,7.84119e-07,-179.934
10.0,0.09655172413793105,-8.18403e-07,-1.16416e-09,8.18345e-07,-179.922
10.0,0.1,-8.52513e-07,-1.22237e-09,8.52455e-07,-179.922
20.0,0.0,-8.52047e-07,1.32132e-08,8.52047e-07,179.112
20.0,0.003448275862068966,-8.51989e-07,1.32132e-08,8.52047e-07,179.112
20.0,0.006896551724137932,-5.1223e-08,7.56703e-10,5.11648e-08,179.106
20.0,0.010344827586206898,-8.53329e-08,1.28058e-09,8.52747e-08,179.106
20.0,0.013793103448275864,-1.19443e-07,1.80444e-09,1.19385e-07,179.118
20.0,0.01724137931034483,-1.36498e-07,2.09549e-09,1.3644e-07,179.118
20.0,0.020689655172413796,-1.70666e-07,2.61936e-09,1.70608e-07,179.118
20.0,0.024137931034482762,-2.04659e-07,3.14323e-09,2.04659e-07,179.112
20.0,0.027586206896551727,-2.3877e-07,3.6671e-09,2.3877e-07,179.112
20.0,0.031034482758620693,-2.55824e-07,3.95815e-09,2.55766e-07,179.112
20.0,0.03448275862068966,-2.8976e-07,4.48202e-09,2.8976e-07,179.112
20.0,0.03793103448275863,-3.23869e-07,5.00589e-09,3.23869e-07,179.106
20.0,0.04137931034482759,-3.40924e-07,5.23872e-09,3.40866e-07,179.112
20.0,0.04482758620689656,-3.75034e-07,5.76259e-09,3.74976e-07,179.112
20.0,0.048275862068965524,-4.09143e-07,6.28646e-09,4.09143e-07,179.112
20.0,0.05172413793103449,-4.43195e-07,6.81032e-09,4.43195e-07,179.112
20.0,0.055172413793103454,-4.60192e-07,7.10136e-09,4.60192e-07,179.112
20.0,0.05862068965517242,-4.94245e-07,7.62526e-09,4.94303e-07,179.112
20.0,0.062068965517241385,-5.28355e-07,8.14913e-09,5.28355e-07,179.112
20.0,0.06551724137931035,-5.62231e-07,8.73121e-09,5.62231e-07,179.112
20.0,0.06896551724137932,-5.79286e-07,8.96404e-09,5.79286e-07,179.112
20.0,0.07241379310344828,-6.13338e-07,9.48791e-09,6.13396e-07,179.112
20.0,0.07586206896551725,-6.47447e-07,1.00118e-08,6.47447e-07,179.112
20.0,0.07931034482758621,-6.64444e-07,1.02446e-08,6.64444e-07,179.112
20.0,0.08275862068965519,-6.98263e-07,1.08849e-08,6.98321e-07,179.106
20.0,0.08620689655172414,-7.32663e-07,1.13506e-08,7.32722e-07,179.112
20.0,0.08965517241379312,-7.66715e-07,1.18744e-08,7.66715e-07,179.112
20.0,0.09310344827586207,-7.8377e-07,1.21073e-08,7.83828e-07,179.112
20.0,0.09655172413793105,-8.17588e-07,1.25147e-08,8.17647e-07,179.118
20.0,0.1,-8.51465e-07,1.30386e-08,8.51524e-07,179.118
30.0,0.0,-8.50359e-07,2.85801e-08,8.50767e-07,178.074
30.0,0.003448275862068966,-8.50476e-07,2.87547e-08,8.50941e-07,178.062
30.0,0.006896551724137932,-5.11648e-08,1.68803e-09,5.11066e-08,178.056
30.0,0.010344827586206898,-8.52165e-08,2.85219e-09,8.51583e-08,178.074
30.0,0.013793103448275864,-1.1921e-07,4.01636e-09,1.1921e-07,178.062
30.0,0.01724137931034483,-1.36265e-07,4.59843e-09,1.36323e-07,178.068
30.0,0.020689655172413796,-1.70375e-07,5.76259e-09,1.70375e-07,178.062
30.0,0.024137931034482762,-2.04368e-07,6.86853e-09,2.04368e-07,178.068
30.0,0.027586206896551727,-2.3842e-07,8.03271e-09,2.38479e-07,178.062
30.0,0.031034482758620693,-2.55359e-07,8.61479e-09,2.55475e-07,178.062
30.0,0.03448275862068966,-2.89294e-07,9.72074e-09,2.8941e-07,178.068
30.0,0.03793103448275863,-3.23345e-07,1.08849e-08,3.23462e-07,178.062
30.0,0.04137931034482759,-3.404e-07,1.15252e-08,3.40517e-07,178.062
30.0,0.04482758620689656,-3.74393e-07,1.26311e-08,3.74568e-07,178.068
30.0,0.048275862068965524,-4.08503e-07,1.37953e-08,4.08678e-07,178.062
30.0,0.05172413793103449,-4.42496e-07,1.49595e-08,4.42729e-07,178.062
30.0,0.055172413793103454,-4.59493e-07,1.54834e-08,4.59668e-07,178.062
30.0,0.05862068965517242,-4.93488e-07,1.66475e-08,4.93663e-07,178.062
30.0,0.062068965517241385,-5.27481e-07,1.78117e-08,5.27772e-07,178.062
30.0,0.06551724137931035,-5.61358e-07,1.89758e-08,5.61591e-07,178.062
30.0,0.06896551724137932,-5.78413e-07,1.95579e-08,5.78704e-07,178.062
30.0,0.07241379310344828,-6.12174e-07,2.06638e-08,6.12465e-07,178.068
30.0,0.07586206896551725,-6.46458e-07,2.1828e-08,6.46749e-07,178.062
30.0,0.07931034482758621,-6.63455e-07,2.24101e-08,6.63746e-07,178.062
30.0,0.08275862068965519,-6.97506e-07,2.35742e-08,6.97855e-07,178.062
30.0,0.08620689655172414,-7.31558e-07,2.4913e-08,7.31907e-07,178.05
30.0,0.08965517241379312,-7.65551e-07,2.58443e-08,7.659e-07,178.062
30.0,0.09310344827586207,-7.82547e-07,2.64264e-08,7.82897e-07,178.068
30.0,0.09655172413793105,-8.16424e-07,2.75905e-08,8.16832e-07,178.062
30.0,0.1,-8.50476e-07,2.87547e-08,8.50883e-07,178.062
40.0,0.0,-8.48497e-07,4.63917e-08,8.49719e-07,176.868
40.0,0.003448275862068966,-8.48497e-07,4.63917e-08,8.49719e-07,176.868
40.0,0.006896551724137932,-5.08737e-08,2.38653e-09,5.08737e-08,177.258
40.0,0.010344827586206898,-8.50418e-08,4.65664e-09,8.51583e-08,176.856
40.0,0.013793103448275864,-1.18919e-07,6.34466e-09,1.18977e-07,176.916
40.0,0.01724137931034483,-1.35974e-07,7.50885e-09,1.3609e-07,176.826
40.0,0.020689655172413796,-1.69967e-07,9.19687e-09,1.702e-07,176.892
40.0,0.024137931034482762,-2.03728e-07,1.11177e-08,2.04019e-07,176.862
40.0,0.027586206896551727,-2.37896e-07,1.29804e-08,2.38187e-07,176.862
40.0,0.031034482758620693,-2.5466e-07,1.37953e-08,2.5501e-07,176.892
40.0,0.03448275862068966,-2.88537e-07,1.58326e-08,2.88945e-07,176.85
40.0,0.03793103448275863,-3.22589e-07,1.75206e-08,3.22996e-07,176.88
40.0,0.04137931034482759,-3.39411e-07,1.85101e-08,3.39876e-07,176.868
40.0,0.04482758620689656,-3.73462e-07,2.04892e-08,3.73986e-07,176.856
40.0,0.048275862068965524,-4.07455e-07,2.2119e-08,4.07979e-07,176.886
40.0,0.05172413793103449,-4.41274e-07,2.41563e-08,4.41856e-07,176.868
40.0,0.055172413793103454,-4.58387e-07,2.50294e-08,4.59027e-07,176.868
40.0,0.05862068965517242,-4.92149e-07,2.68338e-08,4.9279e-07,176.874
40.0,0.062068965517241385,-5.26143e-07,2.88129e-08,5.26899e-07,176.862
40.0,0.06551724137931035,-5.59961e-07,3.0501e-08,5.60718e-07,176.88
40.0,0.06896551724137932,-5.76842e-07,3.15488e-08,5.77656e-07,176.862
40.0,0.07241379310344828,-6.10893e-07,3.3295e-08,6.11708e-07,176.88
40.0,0.07586206896551725,-6.44712e-07,3.52741e-08,6.45585e-07,176.868
40.0,0.07931034482758621,-6.61825e-07,3.61472e-08,6.62756e-07,176.874
40.0,0.08275862068965519,-6.95643e-07,3.79516e-08,6.96633e-07,176.874
40.0,0.08620689655172414,-7.29637e-07,3.99307e-08,7.30684e-07,176.862
40.0,0.08965517241379312,-7.63572e-07,4.16187e-08,7.64678e-07,176.874
40.0,0.09310344827586207,-7.80452e-07,4.27247e-08,7.81558e-07,176.868
40.0,0.09655172413793105,-8.14329e-07,4.44127e-08,8.15493e-07,176.874
40.0,0.1,-8.48206e-07,4.63917e-08,8.4937e-07,176.868
50.0,0.0,-8.45295e-07,6.57169e-08,8.47798e-07,175.554
50.0,0.003448275862068966,-8.43607e-07,6.67064e-08,8.46168e-07,175.476
50.0,0.006896551724137932,-4.99424e-08,5.23872e-09,5.01752e-08,173.982
50.0,0.010344827586206898,-8.55657e-08,7.85809e-09,8.58568e-08,174.72
50.0,0.013793103448275864,-1.1985e-07,8.84762e-09,1.20083e-07,175.752
50.0,0.01724137931034483,-1.35334e-07,9.25507e-09,1.35625e-07,176.082
50.0,0.020689655172413796,-1.67814e-07,1.29804e-08,1.68221e-07,175.572
50.0,0.024137931034482762,-2.02098e-07,1.72878e-08,2.02738e-07,175.104
50.0,0.027586206896551727,-2.37721e-07,2.00235e-08,2.38479e-07,175.182
50.0,0.031034482758620693,-2.55126e-07,1.97907e-08,2.55883e-07,175.554
50.0,0.03448275862068966,-2.87664e-07,2.13623e-08,2.88363e-07,175.746
50.0,0.03793103448275863,-3.19969e-07,2.46802e-08,3.20901e-07,175.584
50.0,0.04137931034482759,-3.36791e-07,2.75905e-08,3.37897e-07,175.308
50.0,0.04482758620689656,-3.71949e-07,3.10249e-08,3.73171e-07,175.23
50.0,0.048275862068965524,-4.07164e-07,3.27711e-08,4.08445e-07,175.392
50.0,0.05172413793103449,-4.40634e-07,3.39353e-08,4.41856e-07,175.59
50.0,0.055172413793103454,-4.56117e-07,3.48084e-08,4.57398e-07,175.626
50.0,0.05862068965517242,-4.88773e-07,3.85919e-08,4.90229e-07,175.482
50.0,0.062068965517241385,-5.23058e-07,4.27829e-08,5.24804e-07,175.32
50.0,0.06551724137931035,-5.58332e-07,4.56932e-08,5.60136e-07,175.32
50.0,0.06896551724137932,-5.76027e-07,4.54604e-08,5.77773e-07,175.482
50.0,0.07241379310344828,-6.08739e-07,4.69156e-08,6.10486e-07,175.59
50.0,0.07586206896551725,-6.40928e-07,5.01752e-08,6.42849e-07,175.518
50.0,0.07931034482758621,-6.57692e-07,5.31438e-08,6.59787e-07,175.38
50.0,0.08275862068965519,-6.93082e-07,5.65781e-08,6.95294e-07,175.332
50.0,0.08620689655172414,-7.28181e-07,5.80915e-08,7.30393e-07,175.44
50.0,0.08965517241379312,-7.61011e-07,5.9081e-08,7.63281e-07,175.56
50.0,0.09310344827586207,-7.76203e-07,6.08275e-08,7.78473e-07,175.518
50.0,0.09655172413793105,-8.0973e-07,6.53095e-08,8.12292e-07,175.386
50.0,0.1,-8.45295e-07,6.85691e-08,8.47973e-07,175.362
