f,v,x,y,r,theta
10.0,0.0,-9.19103e-07,-1.80444e-09,9.19044e-07,-179.886
10.0,0.013793103448275864,-3.23055e-08,-1.16416e-10,3.22473e-08,-179.88
10.0,0.027586206896551727,-6.44945e-08,-1.74624e-10,6.44363e-08,-179.88
10.0,0.04137931034482759,-9.20268e-08,-1.74624e-10,9.19686e-08,-179.898
10.0,0.055172413793103454,-1.24274e-07,-1.74624e-10,1.24216e-07,-179.922
10.0,0.06896551724137932,-1.56347e-07,-3.49248e-10,1.56288e-07,-179.892
10.0,0.08275862068965519,-1.88536e-07,-4.07455e-10,1.88477e-07,-179.886
10.0,0.09655172413793105,-2.20666e-07,-5.23873e-10,2.20608e-07,-179.88
10.0,0.11034482758620691,-2.52798e-07,-5.23873e-10,2.52739e-07,-179.892
10.0,0.12413793103448277,-2.84987e-07,-5.8208e-10,2.84928e-07,-179.886
10.0,0.13793103448275865,-3.17117e-07,-6.40288e-10,3.17059e-07,-179.892
10.0,0.1517241379310345,-3.49306e-07,-6.98495e-10,3.49248e-07,-179.892
10.0,0.16551724137931037,-3.81437e-07,-7.56703e-10,3.81378e-07,-179.892
10.0,0.17931034482758623,-4.08969e-07,-8.14911e-10,4.08911e-07,-179.886
10.0,0.1931034482758621,-4.41099e-07,-8.73118e-10,4.41041e-07,-179.886
10.0,0.20689655172413796,-4.73288e-07,-9.3133e-10,4.7323e-07,-179.892
10.0,0.22068965517241382,-5.05421e-07,-9.89537e-10,5.05363e-07,-179.892
10.0,0.23448275862068968,-5.37551e-07,-1.04775e-09,5.37493e-07,-179.892
10.0,0.24827586206896554,-5.69682e-07,-1.10595e-09,5.69624e-07,-179.886
10.0,0.2620689655172414,-6.01813e-07,-1.22237e-09,6.01754e-07,-179.886
10.0,0.2758620689655173,-6.3406e-07,-1.28058e-09,6.34001e-07,-179.886
10.0,0.2896551724137931,-6.66074e-07,-1.33878e-09,6.66016e-07,-179.886
10.0,0.303448275862069,-6.93664e-07,-1.33878e-09,6.93606e-07,-179.892
10.0,0.31724137931034485,-7.25795e-07,-1.4552e-09,7.25737e-07,-179.892
10.0,0.33103448275862074,-7.57926e-07,-1.51341e-09,7.57867e-07,-179.886
10.0,0.3448275862068966,-7.89998e-07,-1.57161e-09,7.8994e-07,-179.886
10.0,0.35862068965517246,-8.22129e-07,-1.62982e-09,8.2207e-07,-179.886
10.0,0.3724137931034483,-8.54317e-07,-1.68803e-09,8.54259e-07,-179.886
10.0,0.3862068965517242,-8.8639e-07,-1.74624e-09,8.86332e-07,-179.886
10.0,0.4,-9.18579e-07,-1.80444e-09,9.18521e-07,-179.886
20.0,0.0,-9.18055e-07,1.30968e-08,9.18113e-07,179.178
20.0,0.013793103448275864,-3.22473e-08,4.65665e-10,3.21891e-08,179.172
20.0,0.027586206896551727,-6.44363e-08,8.73118e-10,6.43781e-08,179.196
20.0,0.04137931034482759,-9.19104e-08,1.28058e-09,9.18521e-08,179.19
20.0,0.055172413793103454,-1.241e-07,1.74624e-09,1.24041e-07,179.184
20.0,0.06896551724137932,-1.56172e-07,2.21191e-09,1.56114e-07,179.178
20.0,0.08275862068965519,-1.88303e-07,2.67757e-09,1.88303e-07,179.178
20.0,0.09655172413793105,-2.20433e-07,3.14323e-09,2.20375e-07,179.178
20.0,0.11034482758620691,-2.52507e-07,3.55068e-09,2.52507e-07,179.184
20.0,0.12413793103448277,-2.84695e-07,4.01636e-09,2.84695e-07,179.184
20.0,0.13793103448275865,-3.16768e-07,4.48202e-09,3.16768e-07,179.178
20.0,0.1517241379310345,-3.48899e-07,4.94768e-09,3.48899e-07,179.178
20.0,0.16551724137931037,-3.81029e-07,5.41334e-09,3.80971e-07,179.184
20.0,0.17931034482758623,-4.08561e-07,5.82079e-09,4.08503e-07,179.184
20.0,0.1931034482758621,-4.40634e-07,6.28646e-09,4.40576e-07,179.178
20.0,0.20689655172413796,-4.72764e-07,6.75212e-09,4.72764e-07,179.178
20.0,0.22068965517241382,-5.04897e-07,7.21778e-09,5.04897e-07,179.178
20.0,0.23448275862068968,-5.37028e-07,7.68347e-09,5.37028e-07,179.178
20.0,0.24827586206896554,-5.69042e-07,8.09092e-09,5.69042e-07,179.178
20.0,0.2620689655172414,-6.01172e-07,8.55658e-09,6.01172e-07,179.178
20.0,0.2758620689655173,-6.33361e-07,9.02224e-09,6.33361e-07,179.178
20.0,0.2896551724137931,-6.65375e-07,9.48791e-09,6.65375e-07,179.178
20.0,0.303448275862069,-6.92908e-07,9.89536e-09,6.92908e-07,179.178
20.0,0.31724137931034485,-7.25038e-07,1.0361e-08,7.25038e-07,179.178
20.0,0.33103448275862074,-7.57052e-07,1.08267e-08,7.57052e-07,179.178
20.0,0.3448275862068966,-7.89183e-07,1.12923e-08,7.89183e-07,179.178
20.0,0.35862068965517246,-8.21256e-07,1.1758e-08,8.21314e-07,179.178
20.0,0.3724137931034483,-8.53328e-07,1.21655e-08,8.53386e-07,179.178
20.0,0.3862068965517242,-8.85459e-07,1.26311e-08,8.85517e-07,179.178
20.0,0.4,-9.17531e-07,1.30968e-08,9.17531e-07,179.178
30.0,0.0,-9.16425e-07,2.93368e-08,9.16833e-07,178.164
30.0,0.013793103448275864,-3.21891e-08,9.89537e-10,3.21309e-08,178.158
30.0,0.027586206896551727,-6.43199e-08,2.03728e-09,6.42617e-08,178.158
30.0,0.04137931034482759,-9.17939e-08,2.9104e-09,9.17939e-08,178.17
30.0,0.055172413793103454,-1.23867e-07,3.95815e-09,1.23867e-07,178.164
30.0,0.06896551724137932,-1.55881e-07,4.94768e-09,1.55881e-07,178.164
30.0,0.08275862068965519,-1.87953e-07,5.99542e-09,1.88012e-07,178.164
30.0,0.09655172413793105,-2.20026e-07,7.04316e-09,2.20084e-07,178.158
30.0,0.11034482758620691,-2.52099e-07,8.03271e-09,2.52157e-07,178.17
30.0,0.12413793103448277,-2.84172e-07,9.08045e-09,2.8423e-07,178.164
30.0,0.13793103448275865,-3.16186e-07,1.01282e-08,3.16302e-07,178.164
30.0,0.1517241379310345,-3.48316e-07,1.11177e-08,3.48433e-07,178.164
30.0,0.16551724137931037,-3.80331e-07,1.21655e-08,3.80505e-07,178.164
30.0,0.17931034482758623,-4.07863e-07,1.30386e-08,4.07979e-07,178.164
30.0,0.1931034482758621,-4.39819e-07,1.40863e-08,4.39994e-07,178.164
30.0,0.20689655172413796,-4.7195e-07,1.50759e-08,4.72124e-07,178.164
30.0,0.22068965517241382,-5.03966e-07,1.61236e-08,5.04198e-07,178.164
30.0,0.23448275862068968,-5.36038e-07,1.71132e-08,5.36271e-07,178.164
30.0,0.24827586206896554,-5.68052e-07,1.81609e-08,5.68285e-07,178.164
30.0,0.2620689655172414,-6.00125e-07,1.92086e-08,6.00357e-07,178.164
30.0,0.2758620689655173,-6.32139e-07,2.02564e-08,6.3243e-07,178.164
30.0,0.2896551724137931,-6.64211e-07,2.12459e-08,6.64444e-07,178.164
30.0,0.303448275862069,-6.91685e-07,2.21772e-08,6.91976e-07,178.164
30.0,0.31724137931034485,-7.23699e-07,2.31668e-08,7.24049e-07,178.164
30.0,0.33103448275862074,-7.55772e-07,2.42145e-08,7.56121e-07,178.164
30.0,0.3448275862068966,-7.87844e-07,2.5204e-08,7.88194e-07,178.164
30.0,0.35862068965517246,-8.19859e-07,2.62518e-08,8.20208e-07,178.164
30.0,0.3724137931034483,-8.51873e-07,2.72413e-08,8.5228e-07,178.164
30.0,0.3862068965517242,-8.83945e-07,2.8289e-08,8.84353e-07,178.164
30.0,0.4,-9.15959e-07,2.93368e-08,9.16367e-07,178.164
40.0,0.0,-9.1398e-07,4.77887e-08,9.15203e-07,177.006
40.0,0.013793103448275864,-3.21309e-08,1.62982e-09,3.21309e-08,177.03
40.0,0.027586206896551727,-6.41453e-08,3.31785e-09,6.41453e-08,176.994
40.0,0.04137931034482759,-9.15611e-08,4.77306e-09,9.16193e-08,177.0
40.0,0.055172413793103454,-1.23518e-07,6.46108e-09,1.23634e-07,176.988
40.0,0.06896551724137932,-1.55474e-07,8.09092e-09,1.5559e-07,177.018
40.0,0.08275862068965519,-1.8743e-07,9.77894e-09,1.87662e-07,177.0
40.0,0.09655172413793105,-2.19386e-07,1.14088e-08,2.19618e-07,177.006
40.0,0.11034482758620691,-2.51401e-07,1.3155e-08,2.51692e-07,177.0
40.0,0.12413793103448277,-2.83415e-07,1.47848e-08,2.83764e-07,177.012
40.0,0.13793103448275865,-3.15371e-07,1.65311e-08,3.1572e-07,177.0
40.0,0.1517241379310345,-3.47385e-07,1.81609e-08,3.47793e-07,177.006
40.0,0.16551724137931037,-3.79225e-07,1.97907e-08,3.7969e-07,177.006
40.0,0.17931034482758623,-4.06757e-07,2.12459e-08,4.07223e-07,177.0
40.0,0.1931034482758621,-4.38655e-07,2.28757e-08,4.39179e-07,177.006
40.0,0.20689655172413796,-4.70611e-07,2.4622e-08,4.71193e-07,177.006
40.0,0.22068965517241382,-5.02685e-07,2.62518e-08,5.03325e-07,177.006
40.0,0.23448275862068968,-5.34525e-07,2.7998e-08,5.35223e-07,177.0
40.0,0.24827586206896554,-5.66539e-07,2.96278e-08,5.67237e-07,177.006
40.0,0.2620689655172414,-5.98437e-07,3.12577e-08,5.99193e-07,177.006
40.0,0.2758620689655173,-6.30451e-07,3.29458e-08,6.31266e-07,177.006
40.0,0.2896551724137931,-6.62349e-07,3.46338e-08,6.63222e-07,177.006
40.0,0.303448275862069,-6.89823e-07,3.6089e-08,6.90696e-07,177.006
40.0,0.31724137931034485,-7.2172e-07,3.77188e-08,7.22652e-07,177.006
40.0,0.33103448275862074,-7.53676e-07,3.94068e-08,7.54608e-07,177.006
40.0,0.3448275862068966,-7.85632e-07,4.10948e-08,7.86622e-07,177.006
40.0,0.35862068965517246,-8.17647e-07,4.27247e-08,8.18694e-07,177.006
40.0,0.3724137931034483,-8.49603e-07,4.44127e-08,8.50709e-07,177.006
40.0,0.3862068965517242,-8.815e-07,4.60425e-08,8.82665e-07,177.006
40.0,0.4,-9.13456e-07,4.77887e-08,9.14621e-07,177.006
50.0,0.0,-9.09731e-07,6.95004e-08,9.12351e-07,175.632
50.0,0.013793103448275864,-3.18398e-08,2.79398e-09,3.1898e-08,174.906
50.0,0.027586206896551727,-6.42035e-08,5.06409e-09,6.43781e-08,175.488
50.0,0.04137931034482759,-9.15029e-08,6.75212e-09,9.17357e-08,175.752
50.0,0.055172413793103454,-1.23052e-07,8.96404e-09,1.23343e-07,175.818
50.0,0.06896551724137932,-1.54426e-07,1.16416e-08,1.54775e-07,175.68
50.0,0.08275862068965519,-1.86265e-07,1.43773e-08,1.86789e-07,175.578
50.0,0.09655172413793105,-2.18512e-07,1.71132e-08,2.19153e-07,175.518
50.0,0.11034482758620691,-2.50702e-07,1.89758e-08,2.51401e-07,175.656
50.0,0.12413793103448277,-2.82134e-07,2.11877e-08,2.82891e-07,175.704
50.0,0.13793103448275865,-3.13625e-07,2.42145e-08,3.14498e-07,175.578
50.0,0.1517241379310345,-3.46046e-07,2.68338e-08,3.47036e-07,175.56
50.0,0.16551724137931037,-3.78002e-07,2.91622e-08,3.7905e-07,175.59
50.0,0.17931034482758623,-4.05069e-07,3.05592e-08,4.06175e-07,175.68
50.0,0.1931034482758621,-4.36385e-07,3.32368e-08,4.37607e-07,175.638
50.0,0.20689655172413796,-4.68282e-07,3.6089e-08,4.69621e-07,175.59
50.0,0.22068965517241382,-5.00473e-07,3.87083e-08,5.01928e-07,175.572
50.0,0.23448275862068968,-5.32662e-07,4.05128e-08,5.34117e-07,175.644
50.0,0.24827586206896554,-5.63687e-07,4.31321e-08,5.65316e-07,175.62
50.0,0.2620689655172414,-5.95759e-07,4.59843e-08,5.97447e-07,175.584
50.0,0.2758620689655173,-6.28123e-07,4.83126e-08,6.29927e-07,175.602
50.0,0.2896551724137931,-6.59438e-07,5.00588e-08,6.61301e-07,175.656
50.0,0.303448275862069,-6.86388e-07,5.25617e-08,6.88309e-07,175.62
50.0,0.31724137931034485,-7.18752e-07,5.54139e-08,7.20789e-07,175.59
50.0,0.33103448275862074,-7.5065e-07,5.77422e-08,7.52862e-07,175.596
50.0,0.3448275862068966,-7.82664e-07,5.98961e-08,7.84934e-07,175.626
50.0,0.35862068965517246,-8.1398e-07,6.19334e-08,8.1625e-07,175.644
50.0,0.3724137931034483,-8.45703e-07,6.43781e-08,8.48147e-07,175.644
50.0,0.3862068965517242,-8.77368e-07,6.74631e-08,8.79871e-07,175.602
50.0,0.4,-9.09848e-07,6.99079e-08,9.12467e-07,175.608
10.0,0.0,-9.16367e-07,-1.80444e-09,9.16309e-07,-179.892
10.0,0.013793103448275864,-3.21891e-08,-1.16416e-10,3.21309e-08,-179.88
10.0,0.027586206896551727,-6.43199e-08,-1.74624e-10,6.42617e-08,-179.85
10.0,0.04137931034482759,-9.17357e-08,-1.74624e-10,9.16775e-08,-179.898
10.0,0.055172413793103454,-1.23867e-07,-2.9104e-10,1.23809e-07,-179.892
10.0,0.06896551724137932,-1.55881e-07,-3.49248e-10,1.55823e-07,-179.892
10.0,0.08275862068965519,-1.87953e-07,-4.07455e-10,1.87895e-07,-179.886
10.0,0.09655172413793105,-2.20026e-07,-4.65665e-10,2.19968e-07,-179.886
10.0,0.11034482758620691,-2.52041e-07,-5.23873e-10,2.51983e-07,-179.886
10.0,0.12413793103448277,-2.84172e-07,-5.8208e-10,2.84113e-07,-179.886
10.0,0.13793103448275865,-3.16186e-07,-6.40288e-10,3.16128e-07,-179.886
10.0,0.1517241379310345,-3.48316e-07,-6.98495e-10,3.48258e-07,-179.892
10.0,0.16551724137931037,-3.80331e-07,-7.56703e-10,3.80272e-07,-179.892
10.0,0.17931034482758623,-4.07805e-07,-8.14911e-10,4.07746e-07,-179.886
10.0,0.1931034482758621,-4.39819e-07,-8.73118e-10,4.39761e-07,-179.886
10.0,0.20689655172413796,-4.71891e-07,-9.89537e-10,4.71833e-07,-179.886
10.0,0.22068965517241382,-5.03966e-07,-9.89537e-10,5.03907e-07,-179.892
10.0,0.23448275862068968,-5.3598e-07,-1.04775e-09,5.35922e-07,-179.892
10.0,0.24827586206896554,-5.68052e-07,-1.10595e-09,5.67994e-07,-179.886
10.0,0.2620689655172414,-6.00125e-07,-1.22237e-09,6.00066e-07,-179.886
10.0,0.2758620689655173,-6.32139e-07,-1.28058e-09,6.32081e-07,-179.886
10.0,0.2896551724137931,-6.64153e-07,-1.33878e-09,6.64095e-07,-179.886
10.0,0.303448275862069,-6.91627e-07,-1.33878e-09,6.91569e-07,-179.892
10.0,0.31724137931034485,-7.23641e-07,-1.4552e-09,7.23583e-07,-179.886
10.0,0.33103448275862074,-7.55714e-07,-1.51341e-09,7.55655e-07,-179.886
10.0,0.3448275862068966,-7.87728e-07,-1.57161e-09,7.8767e-07,-179.886
10.0,0.35862068965517246,-8.198e-07,-1.62982e-09,8.19742e-07,-179.886
10.0,0.3724137931034483,-8.51815e-07,-1.68803e-09,8.51756e-07,-179.886
10.0,0.3862068965517242,-8.83829e-07,-1.74624e-09,8.83771e-07,-179.886
10.0,0.4,-9.15843e-07,-1.80444e-09,9.15785e-07,-179.886
20.0,0.0,-9.15494e-07,1.30968e-08,9.15552e-07,179.178
20.0,0.013793103448275864,-3.21891e-08,4.65665e-10,3.21309e-08,179.166
20.0,0.027586206896551727,-6.42035e-08,8.73118e-10,6.41453e-08,179.196
20.0,0.04137931034482759,-9.16775e-08,1.28058e-09,9.16193e-08,179.184
20.0,0.055172413793103454,-1.2375e-07,1.74624e-09,1.23692e-07,179.184
20.0,0.06896551724137932,-1.55706e-07,2.21191e-09,1.55648e-07,179.178
20.0,0.08275862068965519,-1.87779e-07,2.67757e-09,1.87721e-07,179.178
20.0,0.09655172413793105,-2.19735e-07,3.08502e-09,2.19735e-07,179.184
20.0,0.11034482758620691,-2.51808e-07,3.55068e-09,2.5175e-07,179.178
20.0,0.12413793103448277,-2.83822e-07,4.01636e-09,2.83822e-07,179.178
20.0,0.13793103448275865,-3.15837e-07,4.48202e-09,3.15837e-07,179.178
20.0,0.1517241379310345,-3.47909e-07,4.94768e-09,3.47909e-07,179.184
20.0,0.16551724137931037,-3.79923e-07,5.41334e-09,3.79865e-07,179.178
20.0,0.17931034482758623,-4.07339e-07,5.82079e-09,4.07339e-07,179.178
20.0,0.1931034482758621,-4.39353e-07,6.28646e-09,4.39295e-07,179.178
20.0,0.20689655172413796,-4.71367e-07,6.69391e-09,4.71309e-07,179.184
20.0,0.22068965517241382,-5.03383e-07,7.15957e-09,5.03442e-07,179.178
20.0,0.23448275862068968,-5.35398e-07,7.62526e-09,5.35398e-07,179.178
20.0,0.24827586206896554,-5.67412e-07,8.09092e-09,5.67412e-07,179.178
20.0,0.2620689655172414,-5.99426e-07,8.55658e-09,5.99426e-07,179.178
20.0,0.2758620689655173,-6.3144e-07,9.02224e-09,6.3144e-07,179.178
20.0,0.2896551724137931,-6.63396e-07,9.48791e-09,6.63396e-07,179.178
20.0,0.303448275862069,-6.90812e-07,9.89536e-09,6.90812e-07,179.178
20.0,0.31724137931034485,-7.22943e-07,1.03028e-08,7.22943e-07,179.178
20.0,0.33103448275862074,-7.54841e-07,1.07685e-08,7.54841e-07,179.178
20.0,0.3448275862068966,-7.86855e-07,1.12341e-08,7.86855e-07,179.178
20.0,0.35862068965517246,-8.18869e-07,1.16998e-08,8.18927e-07,179.178
20.0,0.3724137931034483,-8.50883e-07,1.21655e-08,8.50883e-07,179.178
20.0,0.3862068965517242,-8.82897e-07,1.26311e-08,8.82956e-07,179.178
20.0,0.4,-9.14912e-07,1.30968e-08,9.14912e-07,179.178
30.0,0.0,-9.13806e-07,2.92786e-08,9.14213e-07,178.164
30.0,0.013793103448275864,-3.20726e-08,9.89537e-10,3.20144e-08,178.152
30.0,0.027586206896551727,-6.41453e-08,2.03728e-09,6.40871e-08,178.152
30.0,0.04137931034482759,-9.15029e-08,2.9104e-09,9.14447e-08,178.164
30.0,0.055172413793103454,-1.23518e-07,3.95815e-09,1.23518e-07,178.158
30.0,0.06896551724137932,-1.55415e-07,4.94768e-09,1.55415e-07,178.17
30.0,0.08275862068965519,-1.8743e-07,5.99542e-09,1.87488e-07,178.164
30.0,0.09655172413793105,-2.19327e-07,6.98495e-09,2.19386e-07,178.164
30.0,0.11034482758620691,-2.51401e-07,8.03271e-09,2.51459e-07,178.164
30.0,0.12413793103448277,-2.83357e-07,9.02224e-09,2.83415e-07,178.17
30.0,0.13793103448275865,-3.15255e-07,1.007e-08,3.15371e-07,178.164
30.0,0.1517241379310345,-3.47269e-07,1.11177e-08,3.47385e-07,178.164
30.0,0.16551724137931037,-3.79225e-07,1.21073e-08,3.79341e-07,178.17
30.0,0.17931034482758623,-4.06582e-07,1.29804e-08,4.06757e-07,178.164
30.0,0.1931034482758621,-4.38538e-07,1.40281e-08,4.38713e-07,178.164
30.0,0.20689655172413796,-4.70553e-07,1.50177e-08,4.70727e-07,178.164
30.0,0.22068965517241382,-5.0251e-07,1.60654e-08,5.02743e-07,178.164
30.0,0.23448275862068968,-5.34466e-07,1.71132e-08,5.34641e-07,178.164
30.0,0.24827586206896554,-5.66481e-07,1.81609e-08,5.66713e-07,178.164
30.0,0.2620689655172414,-5.98378e-07,1.91504e-08,5.98669e-07,178.164
30.0,0.2758620689655173,-6.30393e-07,2.01982e-08,6.30625e-07,178.164
30.0,0.2896551724137931,-6.6229e-07,2.11877e-08,6.62523e-07,178.164
30.0,0.303448275862069,-6.89648e-07,2.20608e-08,6.89997e-07,178.164
30.0,0.31724137931034485,-7.21604e-07,2.31086e-08,7.21953e-07,178.164
30.0,0.33103448275862074,-7.53502e-07,2.40981e-08,7.53851e-07,178.164
30.0,0.3448275862068966,-7.85516e-07,2.51458e-08,7.85807e-07,178.164
30.0,0.35862068965517246,-8.17414e-07,2.61936e-08,8.17821e-07,178.164
30.0,0.3724137931034483,-8.4937e-07,2.71831e-08,8.49777e-07,178.164
30.0,0.3862068965517242,-8.81326e-07,2.82308e-08,8.81733e-07,178.164
30.0,0.4,-9.13224e-07,2.92204e-08,9.13631e-07,178.164
40.0,0.0,-9.11303e-07,4.76141e-08,9.12467e-07,177.006
40.0,0.013793103448275864,-3.20144e-08,1.68803e-09,3.19562e-08,176.958
40.0,0.027586206896551727,-6.39707e-08,3.31785e-09,6.40289e-08,177.018
40.0,0.04137931034482759,-9.12119e-08,4.71485e-09,9.13283e-08,177.006
40.0,0.055172413793103454,-1.23168e-07,6.46108e-09,1.23285e-07,176.994
40.0,0.06896551724137932,-1.55008e-07,8.09092e-09,1.55183e-07,177.006
40.0,0.08275862068965519,-1.86906e-07,9.77894e-09,1.87139e-07,177.0
40.0,0.09655172413793105,-2.18804e-07,1.14088e-08,2.19036e-07,177.006
40.0,0.11034482758620691,-2.50644e-07,1.30968e-08,2.50935e-07,177.006
40.0,0.12413793103448277,-2.826e-07,1.47266e-08,2.82949e-07,177.012
40.0,0.13793103448275865,-3.1444e-07,1.64147e-08,3.14789e-07,177.0
40.0,0.1517241379310345,-3.46337e-07,1.80445e-08,3.46745e-07,177.006
40.0,0.16551724137931037,-3.78177e-07,1.97325e-08,3.78643e-07,177.006
40.0,0.17931034482758623,-4.05535e-07,2.11877e-08,4.06058e-07,177.006
40.0,0.1931034482758621,-4.37374e-07,2.28175e-08,4.37898e-07,177.006
40.0,0.20689655172413796,-4.69214e-07,2.45637e-08,4.69796e-07,177.006
40.0,0.22068965517241382,-5.01113e-07,2.61936e-08,5.01754e-07,177.006
40.0,0.23448275862068968,-5.32953e-07,2.78816e-08,5.33651e-07,177.006
40.0,0.24827586206896554,-5.64851e-07,2.95114e-08,5.65549e-07,177.006
40.0,0.2620689655172414,-5.96749e-07,3.11995e-08,5.97505e-07,177.006
40.0,0.2758620689655173,-6.28646e-07,3.28293e-08,6.29461e-07,177.012
40.0,0.2896551724137931,-6.60428e-07,3.45756e-08,6.61301e-07,177.0
40.0,0.303448275862069,-6.87785e-07,3.59144e-08,6.88658e-07,177.006
40.0,0.31724137931034485,-7.19625e-07,3.76606e-08,7.20556e-07,177.006
40.0,0.33103448275862074,-7.51465e-07,3.92904e-08,7.52454e-07,177.006
40.0,0.3448275862068966,-7.83304e-07,4.09202e-08,7.84352e-07,177.006
40.0,0.35862068965517246,-8.1526e-07,4.26082e-08,8.16308e-07,177.006
40.0,0.3724137931034483,-8.471e-07,4.42963e-08,8.48206e-07,177.006
40.0,0.3862068965517242,-8.78998e-07,4.59843e-08,8.80162e-07,177.006
40.0,0.4,-9.10721e-07,4.76141e-08,9.11885e-07,177.006
50.0,0.0,-9.0781e-07,6.9675e-08,9.10371e-07,175.608
50.0,0.013793103448275864,-3.22473e-08,2.21191e-09,3.22473e-08,175.98
50.0,0.027586206896551727,-6.36214e-08,4.42381e-09,6.36796e-08,175.98
50.0,0.04137931034482759,-9.05134e-08,6.69391e-09,9.07462e-08,175.746
50.0,0.055172413793103454,-1.22586e-07,9.77894e-09,1.22935e-07,175.428
50.0,0.06896551724137932,-1.54775e-07,1.18162e-08,1.55183e-07,175.614
50.0,0.08275862068965519,-1.86265e-07,1.38535e-08,1.86731e-07,175.74
50.0,0.09655172413793105,-2.17465e-07,1.64729e-08,2.18047e-07,175.662
50.0,0.11034482758620691,-2.49596e-07,1.94997e-08,2.50353e-07,175.524
50.0,0.12413793103448277,-2.81785e-07,2.15369e-08,2.82542e-07,175.626
50.0,0.13793103448275865,-3.1345e-07,2.36906e-08,3.14265e-07,175.668
50.0,0.1517241379310345,-3.44882e-07,2.59607e-08,3.45814e-07,175.686
50.0,0.16551724137931037,-3.7614e-07,2.87547e-08,3.77187e-07,175.626
50.0,0.17931034482758623,-4.03439e-07,3.11413e-08,4.04603e-07,175.584
50.0,0.1931034482758621,-4.35628e-07,3.37025e-08,4.36909e-07,175.572
50.0,0.20689655172413796,-4.67584e-07,3.59144e-08,4.68923e-07,175.608
50.0,0.22068965517241382,-4.99425e-07,3.80098e-08,5.00764e-07,175.644
50.0,0.23448275862068968,-5.3045e-07,4.02799e-08,5.31963e-07,175.65
50.0,0.24827586206896554,-5.62057e-07,4.30739e-08,5.63628e-07,175.614
50.0,0.2620689655172414,-5.94013e-07,4.58679e-08,5.95701e-07,175.584
50.0,0.2758620689655173,-6.26085e-07,4.83126e-08,6.2789e-07,175.584
50.0,0.2896551724137931,-6.5775e-07,5.06991e-08,6.59671e-07,175.59
50.0,0.303448275862069,-6.85282e-07,5.23871e-08,6.87203e-07,175.626
50.0,0.31724137931034485,-7.16715e-07,5.44244e-08,7.18694e-07,175.656
50.0,0.33103448275862074,-7.47972e-07,5.69273e-08,7.50126e-07,175.644
50.0,0.3448275862068966,-7.79812e-07,6.00126e-08,7.82024e-07,175.596
50.0,0.35862068965517246,-8.12059e-07,6.23409e-08,8.14387e-07,175.608
50.0,0.3724137931034483,-8.4384e-07,6.43199e-08,8.46227e-07,175.638
50.0,0.3862068965517242,-8.75214e-07,6.659e-08,8.77717e-07,175.65
50.0,0.4,-9.06472e-07,6.9384e-08,9.09091e-07,175.62
10.0,0.0,-9.13806e-07,-1.80444e-09,9.13747e-07,-179.886
10.0,0.013793103448275864,-3.20726e-08,-1.16416e-10,3.20144e-08,-179.88
10.0,0.027586206896551727,-6.40871e-08,-1.74624e-10,6.40289e-08,-179.88
10.0,0.04137931034482759,-9.15029e-08,-1.74624e-10,9.14447e-08,-179.898
10.0,0.055172413793103454,-1.23518e-07,-2.9104e-10,1.23459e-07,-179.892
10.0,0.06896551724137932,-1.55415e-07,-3.49248e-10,1.55357e-07,-179.886
10.0,0.08275862068965519,-1.8743e-07,-4.07455e-10,1.87371e-07,-179.886
10.0,0.09655172413793105,-2.19386e-07,-4.65665e-10,2.19327e-07,-179.886
10.0,0.11034482758620691,-2.51342e-07,-5.23873e-10,2.51284e-07,-179.886
10.0,0.12413793103448277,-2.83357e-07,-5.8208e-10,2.83299e-07,-179.886
10.0,0.13793103448275865,-3.15255e-07,-6.40288e-10,3.15196e-07,-179.892
10.0,0.1517241379310345,-3.47269e-07,-6.98495e-10,3.47211e-07,-179.892
10.0,0.16551724137931037,-3.79225e-07,-7.56703e-10,3.79167e-07,-179.886
10.0,0.17931034482758623,-4.06641e-07,-8.14911e-10,4.06582e-07,-179.886
10.0,0.1931034482758621,-4.38538e-07,-8.73118e-10,4.3848e-07,-179.886
10.0,0.20689655172413796,-4.70553e-07,-9.89537e-10,4.70494e-07,-179.886
10.0,0.22068965517241382,-5.0251e-07,-9.89537e-10,5.02452e-07,-179.892
10.0,0.23448275862068968,-5.34525e-07,-1.04775e-09,5.34466e-07,-179.886
10.0,0.24827586206896554,-5.66422e-07,-1.10595e-09,5.66364e-07,-179.886
10.0,0.2620689655172414,-5.9832e-07,-1.22237e-09,5.98262e-07,-179.886
10.0,0.2758620689655173,-6.30276e-07,-1.28058e-09,6.30218e-07,-179.886
10.0,0.2896551724137931,-6.6229e-07,-1.33878e-09,6.62232e-07,-179.886
10.0,0.303448275862069,-6.89648e-07,-1.39699e-09,6.8959e-07,-179.886
10.0,0.31724137931034485,-7.21604e-07,-1.4552e-09,7.21546e-07,-179.886
10.0,0.33103448275862074,-7.53502e-07,-1.51341e-09,7.53444e-07,-179.886
10.0,0.3448275862068966,-7.85516e-07,-1.57161e-09,7.85458e-07,-179.886
10.0,0.35862068965517246,-8.17414e-07,-1.62982e-09,8.17356e-07,-179.886
10.0,0.3724137931034483,-8.49428e-07,-1.68803e-09,8.4937e-07,-179.886
10.0,0.3862068965517242,-8.81326e-07,-1.74624e-09,8.81268e-07,-179.886
10.0,0.4,-9.1334e-07,-1.80444e-09,9.13282e-07,-179.886
20.0,0.0,-9.12758e-07,1.30386e-08,9.12816e-07,179.178
20.0,0.013793103448275864,-3.20726e-08,4.65665e-10,3.20144e-08,179.166
20.0,0.027586206896551727,-6.40289e-08,9.3133e-10,6.39707e-08,179.166
20.0,0.04137931034482759,-9.13865e-08,1.28058e-09,9.13283e-08,179.184
20.0,0.055172413793103454,-1.23343e-07,1.74624e-09,1.23285e-07,179.178
20.0,0.06896551724137932,-1.55299e-07,2.21191e-09,1.55241e-07,179.178
20.0,0.08275862068965519,-1.87197e-07,2.61936e-09,1.87197e-07,179.184
20.0,0.09655172413793105,-2.19095e-07,3.08502e-09,2.19095e-07,179.178
20.0,0.11034482758620691,-2.5111e-07,3.55068e-09,2.51051e-07,179.178
20.0,0.12413793103448277,-2.83066e-07,4.01636e-09,2.83007e-07,179.184
20.0,0.13793103448275865,-3.14963e-07,4.48202e-09,3.14905e-07,179.184
20.0,0.1517241379310345,-3.46861e-07,4.94768e-09,3.46861e-07,179.178
20.0,0.16551724137931037,-3.78817e-07,5.41334e-09,3.78759e-07,179.178
20.0,0.17931034482758623,-4.06175e-07,5.76259e-09,4.06175e-07,179.184
20.0,0.1931034482758621,-4.38073e-07,6.22825e-09,4.38073e-07,179.178
20.0,0.20689655172413796,-4.70029e-07,6.69391e-09,4.70029e-07,179.178
20.0,0.22068965517241382,-5.01987e-07,7.15957e-09,5.01987e-07,179.184
20.0,0.23448275862068968,-5.33884e-07,7.62526e-09,5.33884e-07,179.178
20.0,0.24827586206896554,-5.65782e-07,8.09092e-09,5.65782e-07,179.178
20.0,0.2620689655172414,-5.97738e-07,8.55658e-09,5.97738e-07,179.178
20.0,0.2758620689655173,-6.29694e-07,8.96404e-09,6.29694e-07,179.178
20.0,0.2896551724137931,-6.61534e-07,9.4297e-09,6.61534e-07,179.178
20.0,0.303448275862069,-6.8895e-07,9.83715e-09,6.8895e-07,179.178
20.0,0.31724137931034485,-7.20847e-07,1.02446e-08,7.20847e-07,179.184
20.0,0.33103448275862074,-7.52745e-07,1.07103e-08,7.52745e-07,179.178
20.0,0.3448275862068966,-7.84701e-07,1.11759e-08,7.84701e-07,179.178
20.0,0.35862068965517246,-8.16541e-07,1.16416e-08,8.16599e-07,179.184
20.0,0.3724137931034483,-8.48497e-07,1.21073e-08,8.48555e-07,179.178
20.0,0.3862068965517242,-8.80395e-07,1.25729e-08,8.80453e-07,179.178
20.0,0.4,-9.12351e-07,1.30386e-08,9.12409e-07,179.178
30.0,0.0,-9.11245e-07,2.91622e-08,9.11652e-07,178.164
30.0,0.013793103448275864,-3.20144e-08,9.89537e-10,3.19562e-08,178.152
30.0,0.027586206896551727,-6.39707e-08,1.97907e-09,6.39125e-08,178.182
30.0,0.04137931034482759,-9.12119e-08,2.9104e-09,9.12119e-08,178.158
30.0,0.055172413793103454,-1.23168e-07,3.89994e-09,1.23168e-07,178.17
30.0,0.06896551724137932,-1.55008e-07,4.94768e-09,1.55008e-07,178.164
30.0,0.08275862068965519,-1.86906e-07,5.99542e-09,1.86964e-07,178.164
30.0,0.09655172413793105,-2.18745e-07,6.98495e-09,2.18804e-07,178.17
30.0,0.11034482758620691,-2.50644e-07,8.03271e-09,2.50702e-07,178.164
30.0,0.12413793103448277,-2.82542e-07,9.02224e-09,2.826e-07,178.164
30.0,0.13793103448275865,-3.1444e-07,1.00118e-08,3.14498e-07,178.164
30.0,0.1517241379310345,-3.46279e-07,1.10595e-08,3.46396e-07,178.164
30.0,0.16551724137931037,-3.78119e-07,1.2049e-08,3.78293e-07,178.17
30.0,0.17931034482758623,-4.05476e-07,1.29804e-08,4.05593e-07,178.164
30.0,0.1931034482758621,-4.37316e-07,1.39699e-08,4.37491e-07,178.164
30.0,0.20689655172413796,-4.69214e-07,1.50177e-08,4.69388e-07,178.164
30.0,0.22068965517241382,-5.01113e-07,1.60072e-08,5.01346e-07,178.17
30.0,0.23448275862068968,-5.32953e-07,1.7055e-08,5.33128e-07,178.164
30.0,0.24827586206896554,-5.64851e-07,1.80445e-08,5.65084e-07,178.17
30.0,0.2620689655172414,-5.9669e-07,1.90922e-08,5.96923e-07,178.164
30.0,0.2758620689655173,-6.28588e-07,2.00818e-08,6.28821e-07,178.164
30.0,0.2896551724137931,-6.6037e-07,2.11295e-08,6.60661e-07,178.164
30.0,0.303448275862069,-6.87727e-07,2.19444e-08,6.88018e-07,178.17
30.0,0.31724137931034485,-7.19567e-07,2.30503e-08,7.19916e-07,178.164
30.0,0.33103448275862074,-7.51406e-07,2.40399e-08,7.51756e-07,178.164
30.0,0.3448275862068966,-7.83304e-07,2.50876e-08,7.83653e-07,178.164
30.0,0.35862068965517246,-8.15144e-07,2.60771e-08,8.15551e-07,178.164
30.0,0.3724137931034483,-8.47042e-07,2.71249e-08,8.47449e-07,178.164
30.0,0.3862068965517242,-8.78823e-07,2.81144e-08,8.7923e-07,178.164
30.0,0.4,-9.10779e-07,2.91622e-08,9.11186e-07,178.164
40.0,0.0,-9.08742e-07,4.74977e-08,9.09906e-07,177.006
40.0,0.013793103448275864,-3.1898e-08,1.62982e-09,3.1898e-08,177.066
40.0,0.027586206896551727,-6.37378e-08,3.31785e-09,6.37961e-08,176.976
40.0,0.04137931034482759,-9.10372e-08,4.71485e-09,9.10954e-08,177.024
40.0,0.055172413793103454,-1.22819e-07,6.34466e-09,1.22877e-07,177.018
40.0,0.06896551724137932,-1.546e-07,8.03271e-09,1.54717e-07,177.012
40.0,0.08275862068965519,-1.86382e-07,9.72074e-09,1.86615e-07,177.0
40.0,0.09655172413793105,-2.18163e-07,1.14088e-08,2.18454e-07,177.0
40.0,0.11034482758620691,-2.49946e-07,1.29804e-08,2.50237e-07,177.012
40.0,0.12413793103448277,-2.81727e-07,1.47266e-08,2.82076e-07,177.006
40.0,0.13793103448275865,-3.13625e-07,1.63565e-08,3.13974e-07,177.006
40.0,0.1517241379310345,-3.45348e-07,1.79863e-08,3.45755e-07,177.012
40.0,0.16551724137931037,-3.77129e-07,1.96743e-08,3.77537e-07,177.006
40.0,0.17931034482758623,-4.04429e-07,2.11295e-08,4.04953e-07,177.006
40.0,0.1931034482758621,-4.36152e-07,2.27593e-08,4.36676e-07,177.006
40.0,0.20689655172413796,-4.67991e-07,2.44473e-08,4.68573e-07,177.006
40.0,0.22068965517241382,-4.99775e-07,2.60771e-08,5.00357e-07,177.012
40.0,0.23448275862068968,-5.31556e-07,2.77652e-08,5.32196e-07,177.006
40.0,0.24827586206896554,-5.63337e-07,2.9395e-08,5.64036e-07,177.012
40.0,0.2620689655172414,-5.95061e-07,3.10831e-08,5.95759e-07,177.006
40.0,0.2758620689655173,-6.26842e-07,3.27129e-08,6.27657e-07,177.006
40.0,0.2896551724137931,-6.58623e-07,3.44592e-08,6.59438e-07,177.006
40.0,0.303448275862069,-6.85923e-07,3.58561e-08,6.86796e-07,177.006
40.0,0.31724137931034485,-7.17646e-07,3.7486e-08,7.18519e-07,177.006
40.0,0.33103448275862074,-7.49427e-07,3.9174e-08,7.50417e-07,177.006
40.0,0.3448275862068966,-7.8115e-07,4.08038e-08,7.8214e-07,177.006
40.0,0.35862068965517246,-8.12932e-07,4.24918e-08,8.1398e-07,177.006
40.0,0.3724137931034483,-8.44713e-07,4.41216e-08,8.45819e-07,177.012
40.0,0.3862068965517242,-8.76436e-07,4.58097e-08,8.77601e-07,177.006
40.0,0.4,-9.08276e-07,4.74977e-08,9.0944e-07,177.006
50.0,0.0,-9.04725e-07,6.88601e-08,9.07345e-07,175.644
50.0,0.013793103448275864,-3.14324e-08,2.61936e-09,3.14906e-08,175.206
50.0,0.027586206896551727,-6.36214e-08,5.23872e-09,6.37961e-08,175.266
50.0,0.04137931034482759,-9.09208e-08,6.6357e-09,9.10954e-08,175.806
50.0,0.055172413793103454,-1.21946e-07,9.19687e-09,1.22179e-07,175.686
50.0,0.06896551724137932,-1.53727e-07,1.21073e-08,1.54135e-07,175.488
50.0,0.08275862068965519,-1.858e-07,1.4552e-08,1.86324e-07,175.518
50.0,0.09655172413793105,-2.17581e-07,1.64147e-08,2.18163e-07,175.68
50.0,0.11034482758620691,-2.48781e-07,1.86266e-08,2.49422e-07,175.71
50.0,0.12413793103448277,-2.80272e-07,2.12459e-08,2.8097e-07,175.662
50.0,0.13793103448275865,-3.1182e-07,2.39817e-08,3.12752e-07,175.59
50.0,0.1517241379310345,-3.43893e-07,2.67174e-08,3.44882e-07,175.554
50.0,0.16551724137931037,-3.75965e-07,2.87547e-08,3.77013e-07,175.626
50.0,0.17931034482758623,-4.02566e-07,3.03846e-08,4.03614e-07,175.674
50.0,0.1931034482758621,-4.34056e-07,3.35278e-08,4.35279e-07,175.584
50.0,0.20689655172413796,-4.66012e-07,3.60308e-08,4.67409e-07,175.572
50.0,0.22068965517241382,-4.9797e-07,3.78934e-08,4.99367e-07,175.65
50.0,0.23448275862068968,-5.29053e-07,4.01635e-08,5.30566e-07,175.656
50.0,0.24827586206896554,-5.60485e-07,4.29575e-08,5.62057e-07,175.614
50.0,0.2620689655172414,-5.92499e-07,4.57514e-08,5.94187e-07,175.584
50.0,0.2758620689655173,-6.2463e-07,4.77887e-08,6.26434e-07,175.62
50.0,0.2896551724137931,-6.5612e-07,4.98842e-08,6.57983e-07,175.65
50.0,0.303448275862069,-6.82838e-07,5.18633e-08,6.84759e-07,175.656
50.0,0.31724137931034485,-7.14386e-07,5.49483e-08,7.16424e-07,175.596
50.0,0.33103448275862074,-7.46575e-07,5.7393e-08,7.48729e-07,175.602
50.0,0.3448275862068966,-7.77774e-07,5.91392e-08,7.79986e-07,175.65
50.0,0.35862068965517246,-8.09148e-07,6.2108e-08,8.11418e-07,175.608
50.0,0.3724137931034483,-8.4093e-07,6.46692e-08,8.43374e-07,175.602
50.0,0.3862068965517242,-8.73119e-07,6.70557e-08,8.75621e-07,175.608
50.0,0.4,-9.04842e-07,6.90929e-08,9.07403e-07,175.632
