t,i,x,y,r,theta,xK,tc,therm,dc,trueGateDC,trueGateI
1680594252.0775657, 0, -0.02800162, -0.0004439224, 0.02801332, 182.3714, 0, 0, 0, 0.0, +4.751212E-05, -8.175378E-10
1680594258.2566493, 0, -0.02800162, -0.0004439224, 0.02801332, 180.9083, 0, 0, 0, 1.0, +1.000061E+00, +2.571922E-11
1680594264.464947, 0, -0.0283672, -0.0008093381, 0.02837875, 182.3714, 0, 0, 0, 2.0, +1.999990E+00, -1.743879E-10
1680594270.6745374, 0, -0.02873278, -0.0008093381, 0.02912206, 182.3119, 0, 0, 0, 3.0, +3.000473E+00, +4.564729E-10
1680594276.839771, 0, -0.02946394, -0.001174754, 0.02912206, 181.5932, 0, 0, 0, 4.0, +3.999817E+00, +5.712543E-11
1680594283.0438528, 0, -0.02909836, -0.001174754, 0.02947505, 182.3119, 0, 0, 0, 5.0, +5.000623E+00, +5.573574E-10
1680594289.2570202, 0, -0.02909836, -0.0004439224, 0.02985264, 181.5735, 0, 0, 0, 6.0, +6.000328E+00, +1.880025E-10
1680594295.4501865, 0, -0.0301951, -0.0008093381, 0.0298405, 181.5542, 0, 0, 0, 7.0, +7.000006E+00, +6.734900E-10
1680594301.6519806, 0, -0.0301951, -0.0008093381, 0.03020594, 181.5354, 0, 0, 0, 8.0, +8.000820E+00, +1.155544E-09
1680594307.8335412, 0, -0.03092625, -0.001174754, 0.03057139, 182.1754, 0, 0, 0, 9.0, +9.000138E+00, +9.973496E-10
1680594314.0027535, 0, -0.03129184, -0.001174754, 0.03057139, 182.2014, 0, 0, 0, 10.0, +1.000072E+01, +6.268339E-10
1680594320.1880803, 0, -0.03092625, -0.0008093381, 0.03093684, 182.1252, 0, 0, 0, 11.0, +1.100091E+01, +8.589983E-10
1680594326.3602715, 0, -0.03165742, -0.0008093381, 0.03167921, 181.4816, 0, 0, 0, 12.0, +1.199997E+01, +1.928533E-09
1680594332.5257876, 0, -0.03202299, -0.0008093381, 0.03131388, 181.4645, 0, 0, 0, 13.0, +1.300082E+01, +1.598109E-09
1680594338.7078917, 0, -0.03202299, -0.0008093381, 0.03167921, 182.0773, 0, 0, 0, 14.0, +1.400058E+01, +1.819569E-09
1680594344.8798273, 0, -0.03275415, -0.0008093381, 0.03204454, 181.4314, 0, 0, 0, 15.0, +1.499993E+01, +2.346256E-09
1680594351.0620358, 0, -0.03311973, -0.0008093381, 0.03350591, 181.4155, 0, 0, 0, 16.0, +1.600075E+01, +1.910756E-09
1680594357.2479405, 0, -0.03348531, -0.001174754, 0.03387127, 180.7596, 0, 0, 0, 17.0, +1.700001E+01, +2.107223E-09
1680594363.452943, 0, -0.03348531, -0.0004439224, 0.03423663, 181.355, 0, 0, 0, 18.0, +1.800018E+01, +3.135754E-09
1680594369.658786, 0, -0.03421647, -0.0008093381, 0.0345849, 181.3407, 0, 0, 0, 19.0, +1.900060E+01, +2.728279E-09
1680594375.8838453, 0, -0.03567879, -0.001174754, 0.03459152, 180.7278, 0, 0, 0, 20.0, +1.999984E+01, +2.935702E-09
1680594382.0491118, 0, -0.03567879, -0.0008093381, 0.03568796, 181.8858, 0, 0, 0, 21.0, +2.100064E+01, +3.171551E-09
1680594388.221318, 0, -0.03567879, -0.001174754, 0.03605345, 181.8667, 0, 0, 0, 22.0, +2.200543E+01, +3.582657E-09
1680594394.420054, 0, -0.03677552, -0.0008093381, 0.03678443, 181.8297, 0, 0, 0, 23.0, +2.300330E+01, +4.637442E-09
1680594400.6057956, 0, -0.03750668, -0.0008093381, 0.03750931, 181.2484, 0, 0, 0, 24.0, +2.400447E+01, +4.626028E-09
1680594406.8106995, 0, -0.03750668, -0.0008093381, 0.03788091, 181.7767, 0, 0, 0, 25.0, +2.500594E+01, +4.281872E-09
1680594413.0066092, 0, -0.03860342, -0.0008093381, 0.03862129, 182.2633, 0, 0, 0, 26.0, +2.600677E+01, +5.753974E-09
1680594419.2091167, 0, -0.03933458, -0.0008093381, 0.03935212, 181.7107, 0, 0, 0, 27.0, +2.700771E+01, +5.300203E-09
1680594425.3991938, 0, -0.03970016, -0.0008093381, 0.03970264, 180.6348, 0, 0, 0, 28.0, +2.800768E+01, +5.426478E-09
1680594431.5628633, 0, -0.04079689, -0.0004439224, 0.04080492, 181.1468, 0, 0, 0, 29.0, +2.900414E+01, +6.244199E-09
1680594437.7353354, 0, -0.04116247, -0.001174754, 0.04189598, 181.1264, 0, 0, 0, 30.0, +3.000403E+01, +7.065955E-09
1680594443.9402912, 0, -0.04225921, -0.001174754, 0.04190145, 181.0972, 0, 0, 0, 31.0, +3.100437E+01, +6.733418E-09
1680594450.11931, 0, -0.04299037, -0.0008093381, 0.04300642, 181.0878, 0, 0, 0, 32.0, +3.200443E+01, +6.658333E-09
1680594456.304497, 0, -0.0440871, -0.0008093381, 0.04372378, 181.0605, 0, 0, 0, 33.0, +3.300331E+01, +8.023187E-09
1680594462.497569, 0, -0.04445269, -0.0008093381, 0.0444682, 181.0431, 0, 0, 0, 34.0, +3.400338E+01, +8.350778E-09
1680594468.6927762, 0, -0.04518384, -0.0008093381, 0.04555159, 181.4774, 0, 0, 0, 35.0, +3.500028E+01, +7.732901E-09
1680594474.8906434, 0, -0.04628058, -0.0008093381, 0.04628271, 181.0019, 0, 0, 0, 36.0, +3.600041E+01, +8.259582E-09
1680594481.08996, 0, -0.04701174, -0.0008093381, 0.04664827, 180.541, 0, 0, 0, 37.0, +3.700042E+01, +9.094366E-09
1680594487.3052, 0, -0.0477429, -0.0004439224, 0.04774496, 180.5328, 0, 0, 0, 38.0, +3.800041E+01, +8.862003E-09
1680594493.4884896, 0, -0.04847405, -0.0004439224, 0.04884634, 180.9566, 0, 0, 0, 39.0, +3.900026E+01, +9.134402E-09
1680594499.6600537, 0, -0.04957079, -0.0008093381, 0.04994293, 180.9354, 0, 0, 0, 40.0, +4.000031E+01, +1.054444E-08
1680594505.8252742, 0, -0.05066753, -0.0004439224, 0.05067399, 180.9218, 0, 0, 0, 41.0, +4.099870E+01, +9.668450E-09
1680594512.027098, 0, -0.05139869, -0.0004439224, 0.05140506, 180.9021, 0, 0, 0, 42.0, +4.199983E+01, +1.122315E-08
1680594518.2055027, 0, -0.05249543, -0.0008093381, 0.05287406, 180.8833, 0, 0, 0, 43.0, +4.300100E+01, +1.130312E-08
1680594524.402101, 0, -0.05322658, -0.0008093381, 0.05395957, 180.8712, 0, 0, 0, 44.0, +4.400222E+01, +1.176315E-08
1680594530.5894804, 0, -0.0546889, -0.0008093381, 0.05506701, 180.462, 0, 0, 0, 45.0, +4.500359E+01, +1.151018E-08
1680594536.791689, 0, -0.05578564, -0.0004439224, 0.05615297, 180.4559, 0, 0, 0, 46.0, +4.600474E+01, +1.233906E-08
1680594542.9849133, 0, -0.05688237, -0.001174754, 0.05688411, 180.8152, 0, 0, 0, 47.0, +4.700247E+01, +1.180550E-08
1680594549.1734095, 0, -0.05871027, -0.0004439224, 0.05798081, 180.8048, 0, 0, 0, 48.0, +4.800360E+01, +1.203973E-08
1680594555.327897, 0, -0.05907585, -0.0008093381, 0.05944309, 180.7898, 0, 0, 0, 49.0, +4.900444E+01, +1.406905E-08
1680594561.530015, 0, -0.05980701, -0.0004439224, 0.06017422, 180.4227, 0, 0, 0, 50.0, +5.000608E+01, +1.281549E-08
1680594567.7353497, 0, -0.06163491, -0.0008093381, 0.06200207, 180.073, 0, 0, 0, 51.0, +5.100733E+01, +1.346067E-08
1680594573.9063587, 0, -0.0634628, -7.850687e-05, 0.06346285, 180.7307, 0, 0, 0, 52.0, +5.200861E+01, +1.355775E-08
1680594580.076071, 0, -0.0652907, -0.0008093381, 0.06565778, 180.7102, 0, 0, 0, 53.0, +5.300629E+01, +1.495037E-08
1680594586.2615333, 0, -0.06711859, -0.0008093381, 0.06675792, 180.0674, 0, 0, 0, 54.0, +5.400695E+01, +1.536945E-08
1680594592.4370174, 0, -0.06821533, -0.0008093381, 0.06858234, 180.6761, 0, 0, 0, 55.0, +5.500709E+01, +1.464635E-08
1680594598.6179285, 0, -0.07004322, -0.0004439224, 0.07004327, 180.3631, 0, 0, 0, 56.0, +5.600680E+01, +1.580372E-08
1680594604.7877622, 0, -0.0722367, -0.0004439224, 0.07224123, 180.0623, 0, 0, 0, 57.0, +5.700700E+01, +1.558352E-08
1680594610.9635866, 0, -0.07369901, 0.0002869087, 0.07443021, 180.6261, 0, 0, 0, 58.0, +5.800651E+01, +1.793977E-08
1680594617.1590512, 0, -0.07589249, -0.0004439224, 0.07589681, 180.0596, 0, 0, 0, 59.0, +5.900347E+01, +1.744883E-08
1680594623.3275118, 0, -0.07698923, -0.0004439224, 0.07735609, 180.3273, 0, 0, 0, 60.0, +6.000274E+01, +1.674012E-08
1680594629.5101123, 0, -0.0791827, -0.0004439224, 0.07918395, 180.0571, 0, 0, 0, 61.0, +6.100221E+01, +1.922577E-08
1680594635.7119508, 0, -0.08101059, -0.0008093381, 0.0810111, 180.0553, 0, 0, 0, 62.0, +6.200227E+01, +1.900578E-08
1680594641.8828933, 0, -0.08320408, -0.0004439224, 0.08320411, 180.3057, 0, 0, 0, 63.0, +6.300254E+01, +1.866363E-08
1680594648.0829506, 0, -0.08539756, -7.850687e-05, 0.08503201, 180.2979, 0, 0, 0, 64.0, +6.400281E+01, +1.837779E-08
1680594654.2806027, 0, -0.08685987, 0.0002869087, 0.08722592, 179.8107, 0, 0, 0, 65.0, +6.499853E+01, +2.121609E-08
1680594660.4638944, 0, -0.08868776, -7.850687e-05, 0.0890538, 180.0505, 0, 0, 0, 66.0, +6.599866E+01, +2.126461E-08
1680594666.6627328, 0, -0.09051566, -7.850687e-05, 0.09088169, 180.0499, 0, 0, 0, 67.0, +6.699884E+01, +2.181818E-08
1680594672.8446329, 0, -0.09270914, 0.0002869087, 0.0927102, 180.0485, 0, 0, 0, 68.0, +6.800092E+01, +1.997568E-08
1680594679.0369036, 0, -0.09490261, -7.850687e-05, 0.0956338, 180.0472, 0, 0, 0, 69.0, +6.900162E+01, +2.286178E-08
1680594685.2458887, 0, -0.09782724, 0.0002869087, 0.09746169, 179.6179, 0, 0, 0, 70.0, +7.000262E+01, +2.347343E-08
1680594691.4301612, 0, -0.1000207, 0.0002869087, 0.1000211, 179.6263, 0, 0, 0, 71.0, +7.100123E+01, +2.238543E-08
1680594697.6067045, 0, -0.1025798, -7.850687e-05, 0.1029457, 179.8392, 0, 0, 0, 72.0, +7.200218E+01, +2.412900E-08
1680594703.7832649, 0, -0.1047732, 0.0002869087, 0.1051408, 179.8436, 0, 0, 0, 73.0, +7.300378E+01, +2.282818E-08
1680594710.0000196, 0, -0.1080635, 0.0002869087, 0.1073343, 179.6529, 0, 0, 0, 74.0, +7.400478E+01, +2.215274E-08
1680594716.169141, 0, -0.1102569, 0.0006523243, 0.1098933, 179.8504, 0, 0, 0, 75.0, +7.500508E+01, +2.577814E-08
1680594722.3551834, 0, -0.1120848, 0.0002869087, 0.1120867, 179.4797, 0, 0, 0, 76.0, +7.600709E+01, +2.314458E-08
1680594728.5372717, 0, -0.1142783, 0.0006523243, 0.1142802, 179.6729, 0, 0, 0, 77.0, +7.700536E+01, +2.326430E-08
1680594734.749594, 0, -0.1168374, 0.00101774, 0.1164721, 179.4993, 0, 0, 0, 78.0, +7.800657E+01, +2.414512E-08
1680594740.9317427, 0, -0.1186653, 0.00101774, 0.118667, 179.685, 0, 0, 0, 79.0, +7.900788E+01, +2.437267E-08
1680594747.1129496, 0, -0.1201276, 0.00101774, 0.1204975, 179.5146, 0, 0, 0, 80.0, +8.000919E+01, +2.452161E-08
1680594753.2826135, 0, -0.1230522, 0.001383155, 0.1230564, 179.5247, 0, 0, 0, 81.0, +8.100852E+01, +2.854160E-08
1680594759.4614055, 0, -0.1252457, 0.00101774, 0.125246, 179.5344, 0, 0, 0, 82.0, +8.200932E+01, +2.557819E-08
1680594765.6368446, 0, -0.1274392, 0.00101774, 0.1274512, 179.5424, 0, 0, 0, 83.0, +8.300599E+01, +2.622018E-08
1680594771.8155499, 0, -0.1299982, 0.00101774, 0.1296366, 179.3887, 0, 0, 0, 84.0, +8.400578E+01, +2.845806E-08
1680594777.9945788, 0, -0.1318261, 0.00101774, 0.1321956, 179.5576, 0, 0, 0, 85.0, +8.500551E+01, +2.924162E-08
1680594784.1699717, 0, -0.133654, 0.00101774, 0.1340234, 179.2545, 0, 0, 0, 86.0, +8.600604E+01, +2.786003E-08
1680594790.3654528, 0, -0.1358475, 0.001383155, 0.1358587, 179.5707, 0, 0, 0, 87.0, +8.700539E+01, +2.765341E-08
1680594796.53076, 0, -0.1376754, 0.001748571, 0.1376865, 179.5764, 0, 0, 0, 88.0, +8.800434E+01, +3.198440E-08
1680594802.693086, 0, -0.1391377, 0.001383155, 0.1395101, 179.582, 0, 0, 0, 89.0, +8.900084E+01, +3.279538E-08
1680594808.861882, 0, -0.1409656, 0.001383155, 0.1409764, 179.5852, 0, 0, 0, 90.0, +9.000185E+01, +2.929530E-08
1680594815.0572057, 0, -0.1424279, 0.002113987, 0.1424386, 179.4422, 0, 0, 0, 91.0, +9.100121E+01, +3.266742E-08
1680594821.2394564, 0, -0.1435246, 0.001383155, 0.1435313, 179.4478, 0, 0, 0, 92.0, +9.200141E+01, +3.154731E-08
1680594827.4147162, 0, -0.1442558, 0.001383155, 0.1442664, 179.452, 0, 0, 0, 93.0, +9.300060E+01, +3.472543E-08
1680594833.5957265, 0, -0.1457181, 0.001748571, 0.145363, 179.1688, 0, 0, 0, 94.0, +9.400213E+01, +3.058653E-08
1680594839.7658606, 0, -0.1464493, 0.001748571, 0.1468301, 179.3176, 0, 0, 0, 95.0, +9.499921E+01, +3.550617E-08
1680594845.9447098, 0, -0.1471804, 0.001748571, 0.1471869, 179.1771, 0, 0, 0, 96.0, +9.600176E+01, +3.208566E-08
1680594852.1436064, 0, -0.147546, 0.001748571, 0.1475564, 179.3227, 0, 0, 0, 97.0, +9.700226E+01, +3.475942E-08
1680594858.3322625, 0, -0.1486427, 0.001748571, 0.1490186, 179.1852, 0, 0, 0, 98.0, +9.800451E+01, +3.256067E-08
1680594864.5077188, 0, -0.1490083, 0.001748571, 0.1486578, 179.326, 0, 0, 0, 99.0, +9.900558E+01, +3.410762E-08
1680594870.6798525, 0, -0.1490083, 0.001748571, 0.1493841, 179.1872, 0, 0, 0, 100.0, +1.000073E+02, +3.405433E-08
1680594876.8687296, 0, -0.1493739, 0.002479402, 0.1493889, 179.3293, 0, 0, 0, 101.0, +1.010044E+02, +3.566307E-08
1680594883.0328052, 0, -0.1501051, 0.001748571, 0.1493945, 179.3293, 0, 0, 0, 102.0, +1.020060E+02, +3.496406E-08
1680594889.1961617, 0, -0.1501051, 0.002113987, 0.1497544, 179.1911, 0, 0, 0, 103.0, +1.030066E+02, +3.823029E-08
1680594895.3749347, 0, -0.1504706, 0.001383155, 0.1493841, 179.1931, 0, 0, 0, 104.0, +1.040087E+02, +3.649728E-08
1680594901.5493295, 0, -0.1497395, 0.001748571, 0.1504808, 179.1931, 0, 0, 0, 105.0, +1.050093E+02, +3.932471E-08
1680594907.7327552, 0, -0.1497395, 0.001748571, 0.1501199, 179.3326, 0, 0, 0, 106.0, +1.060106E+02, +4.084439E-08
1680594913.898182, 0, -0.1497395, 0.002113987, 0.1501152, 179.1931, 0, 0, 0, 107.0, +1.070096E+02, +3.707470E-08
1680594920.1060336, 0, -0.1493739, 0.001748571, 0.1501152, 179.3326, 0, 0, 0, 108.0, +1.080091E+02, +4.072984E-08
1680594926.2892022, 0, -0.1501051, 0.001748571, 0.1501255, 179.3309, 0, 0, 0, 109.0, +1.090091E+02, +4.107084E-08
1680594932.464565, 0, -0.1497395, 0.001748571, 0.1497497, 179.3293, 0, 0, 0, 110.0, +1.100084E+02, +4.339393E-08
1680594938.6259153, 0, -0.1493739, 0.001748571, 0.1501152, 179.3309, 0, 0, 0, 111.0, +1.110089E+02, +4.292917E-08
1680594944.8360665, 0, -0.1490083, 0.001748571, 0.1493841, 179.1872, 0, 0, 0, 112.0, +1.120088E+02, +4.384470E-08
1680594951.0010228, 0, -0.1497395, 0.001748571, 0.1493889, 179.1911, 0, 0, 0, 113.0, +1.130061E+02, +4.024390E-08
1680594957.162817, 0, -0.1493739, 0.002113987, 0.1493889, 179.3309, 0, 0, 0, 114.0, +1.140042E+02, +4.501993E-08
1680594963.311376, 0, -0.1493739, 0.002113987, 0.1493945, 179.0467, 0, 0, 0, 115.0, +1.150039E+02, +4.583593E-08
1680594969.4874153, 0, -0.1490083, 0.002113987, 0.1490186, 179.3277, 0, 0, 0, 116.0, +1.160047E+02, +4.325439E-08
1680594975.6563494, 0, -0.1490083, 0.002479402, 0.1490186, 179.1872, 0, 0, 0, 117.0, +1.170050E+02, +4.198061E-08
1680594981.8440452, 0, -0.1486427, 0.001383155, 0.148653, 179.1872, 0, 0, 0, 118.0, +1.180043E+02, +4.492599E-08
1680594988.0304496, 0, -0.1490083, 0.002113987, 0.148653, 179.1832, 0, 0, 0, 119.0, +1.190016E+02, +4.332299E-08
1680594994.2226262, 0, -0.1482772, 0.002113987, 0.148653, 179.3277, 0, 0, 0, 120.0, +1.200002E+02, +4.860032E-08
1680595000.4081626, 0, -0.1486427, 0.002113987, 0.148653, 179.326, 0, 0, 0, 121.0, +1.210013E+02, +4.587444E-08
1680595006.596872, 0, -0.1482772, 0.002113987, 0.148653, 179.1852, 0, 0, 0, 122.0, +1.220032E+02, +4.432728E-08
1680595012.7623308, 0, -0.1482772, 0.002113987, 0.1482979, 179.3243, 0, 0, 0, 123.0, +1.230043E+02, +4.492864E-08
1680595018.9265945, 0, -0.1479116, 0.002113987, 0.1482875, 179.3243, 0, 0, 0, 124.0, +1.240051E+02, +4.672710E-08
1680595025.1230562, 0, -0.1479116, 0.001748571, 0.1482875, 179.326, 0, 0, 0, 125.0, +1.250031E+02, +4.813856E-08
1680595031.325426, 0, -0.1479116, 0.001748571, 0.1482922, 179.3227, 0, 0, 0, 126.0, +1.260050E+02, +4.597699E-08
1680595037.507265, 0, -0.147546, 0.001748571, 0.1479219, 179.3227, 0, 0, 0, 127.0, +1.270063E+02, +4.681820E-08
1680595043.6994627, 0, -0.1479116, 0.002113987, 0.1479219, 179.1812, 0, 0, 0, 128.0, +1.280060E+02, +5.104162E-08
1680595049.8817613, 0, -0.1482772, 0.001748571, 0.1479267, 179.1832, 0, 0, 0, 129.0, +1.290076E+02, +4.943981E-08
1680595056.0827925, 0, -0.147546, 0.002113987, 0.147918, 179.1812, 0, 0, 0, 130.0, +1.300091E+02, +4.847695E-08
1680595062.2627292, 0, -0.1471804, 0.001748571, 0.1479219, 179.3193, 0, 0, 0, 131.0, +1.310073E+02, +4.947237E-08
1680595068.4582307, 0, -0.1471804, 0.001748571, 0.1468253, 179.3227, 0, 0, 0, 132.0, +1.320076E+02, +5.941608E-08
1680595074.6493132, 0, -0.147546, 0.001748571, 0.1475564, 179.3227, 0, 0, 0, 133.0, +1.330091E+02, +5.531205E-08
1680595080.8291252, 0, -0.1468149, 0.001748571, 0.1471956, 179.1771, 0, 0, 0, 134.0, +1.340106E+02, +5.214148E-08
1680595087.0179098, 0, -0.1468149, 0.001383155, 0.1475564, 179.321, 0, 0, 0, 135.0, +1.350104E+02, +5.526227E-08
1680595093.1855526, 0, -0.1468149, 0.002113987, 0.1471956, 179.3193, 0, 0, 0, 136.0, +1.360107E+02, +5.285788E-08
1680595099.3955045, 0, -0.1468149, 0.001748571, 0.1471908, 179.4629, 0, 0, 0, 137.0, +1.370078E+02, +5.107247E-08
1680595105.587687, 0, -0.1468149, 0.001748571, 0.1471908, 179.3193, 0, 0, 0, 138.0, +1.380067E+02, +5.604940E-08
1680595111.7770526, 0, -0.1468149, 0.001383155, 0.1468301, 179.3193, 0, 0, 0, 139.0, +1.390064E+02, +5.676554E-08
1680595117.951933, 0, -0.1464493, 0.001748571, 0.1468213, 179.4602, 0, 0, 0, 140.0, +1.400070E+02, +5.355395E-08
1680595124.1441593, 0, -0.1460837, 0.001748571, 0.1468253, 179.3176, 0, 0, 0, 141.0, +1.410050E+02, +6.034976E-08
1680595130.3371003, 0, -0.1468149, 0.001748571, 0.1468301, 179.3176, 0, 0, 0, 142.0, +1.420061E+02, +5.822806E-08
1680595136.539346, 0, -0.1464493, 0.001748571, 0.1464597, 179.175, 0, 0, 0, 143.0, +1.430028E+02, +6.166212E-08
1680595142.7301416, 0, -0.1457181, 0.001748571, 0.1468213, 179.3159, 0, 0, 0, 144.0, +1.440024E+02, +5.794968E-08
1680595148.8970363, 0, -0.1460837, 0.001748571, 0.1464597, 179.173, 0, 0, 0, 145.0, +1.450022E+02, +5.429403E-08
1680595155.085802, 0, -0.1460837, 0.001748571, 0.1464597, 179.4589, 0, 0, 0, 146.0, +1.460017E+02, +5.565543E-08
1680595161.2742631, 0, -0.1460837, 0.001383155, 0.146099, 179.4575, 0, 0, 0, 147.0, +1.470010E+02, +5.829758E-08
1680595167.4437099, 0, -0.1457181, 0.001748571, 0.1460942, 179.3142, 0, 0, 0, 148.0, +1.480011E+02, +5.922197E-08
1680595173.631595, 0, -0.1460837, 0.002113987, 0.1457286, 179.173, 0, 0, 0, 149.0, +1.489989E+02, +6.028223E-08
1680595179.8278036, 0, -0.1457181, 0.001383155, 0.1460942, 179.3142, 0, 0, 0, 150.0, +1.500014E+02, +5.626257E-08
1680595186.026614, 0, -0.144987, 0.001748571, 0.1453679, 179.3125, 0, 0, 0, 151.0, +1.510022E+02, +5.740116E-08
1680595192.2273204, 0, -0.1453525, 0.001748571, 0.1457286, 179.0252, 0, 0, 0, 152.0, +1.520026E+02, +6.190677E-08
1680595198.4139233, 0, -0.144987, 0.001748571, 0.1453591, 179.3107, 0, 0, 0, 153.0, +1.530044E+02, +5.960637E-08
1680595204.5960643, 0, -0.144987, 0.002113987, 0.145363, 179.1688, 0, 0, 0, 154.0, +1.540056E+02, +5.905550E-08
1680595210.8017755, 0, -0.1446214, 0.001383155, 0.1449935, 179.3125, 0, 0, 0, 155.0, +1.550034E+02, +5.797405E-08
1680595217.0175307, 0, -0.1446214, 0.001748571, 0.1453679, 179.309, 0, 0, 0, 156.0, +1.560035E+02, +6.200381E-08
1680595223.2280517, 0, -0.1446214, 0.001748571, 0.1446368, 179.3107, 0, 0, 0, 157.0, +1.570043E+02, +6.391159E-08
1680595229.4248362, 0, -0.1446214, 0.001383155, 0.1449975, 179.4534, 0, 0, 0, 158.0, +1.580062E+02, +6.230726E-08
1680595235.6258583, 0, -0.1442558, 0.001383155, 0.144628, 179.3073, 0, 0, 0, 159.0, +1.590072E+02, +6.315835E-08
1680595241.812934, 0, -0.1438902, 0.001383155, 0.1446319, 179.452, 0, 0, 0, 160.0, +1.600083E+02, +6.474092E-08
1680595248.014759, 0, -0.1442558, 0.001383155, 0.1446319, 179.1646, 0, 0, 0, 161.0, +1.610058E+02, +6.516228E-08
1680595254.2185953, 0, -0.1442558, 0.001383155, 0.1449935, 179.3073, 0, 0, 0, 162.0, +1.620072E+02, +6.116114E-08
1680595260.415647, 0, -0.1442558, 0.001383155, 0.1446249, 179.452, 0, 0, 0, 163.0, +1.630069E+02, +6.172365E-08
1680595266.5778997, 0, -0.1438902, 0.001383155, 0.1446368, 179.3055, 0, 0, 0, 164.0, +1.640067E+02, +6.228427E-08
1680595272.772617, 0, -0.1438902, 0.001748571, 0.1442713, 179.5958, 0, 0, 0, 165.0, +1.650065E+02, +6.315928E-08
1680595278.9817257, 0, -0.1438902, 0.001748571, 0.1442664, 179.452, 0, 0, 0, 166.0, +1.660032E+02, +6.305693E-08
1680595285.1599374, 0, -0.1438902, 0.001748571, 0.1442664, 179.1583, 0, 0, 0, 167.0, +1.670015E+02, +6.757130E-08
1680595291.3221278, 0, -0.1435246, 0.001748571, 0.1435353, 179.4506, 0, 0, 0, 168.0, +1.680014E+02, +6.489535E-08
1680595297.5083494, 0, -0.1435246, 0.001748571, 0.1442664, 179.3037, 0, 0, 0, 169.0, +1.690007E+02, +6.635891E-08
1680595303.6958408, 0, -0.1435246, 0.001383155, 0.1439008, 179.5947, 0, 0, 0, 170.0, +1.700007E+02, +6.763337E-08
1680595309.8861701, 0, -0.1435246, 0.001383155, 0.1475564, 179.1951, 0, 0, 0, 171.0, +1.710005E+02, +6.710804E-08
1680595316.061017, 0, -0.1508362, 0.002113987, 0.1512119, 179.3374, 0, 0, 0, 172.0, +1.719967E+02, +6.991345E-08
1680595322.2527373, 0, -0.1504706, 0.002113987, 0.1512119, 179.2009, 0, 0, 0, 173.0, +1.729972E+02, +6.711555E-08
1680595328.418702, 0, -0.1508362, 0.002113987, 0.150851, 179.3358, 0, 0, 0, 174.0, +1.739961E+02, +7.118181E-08
1680595334.6074824, 0, -0.1504706, 0.002113987, 0.1512119, 179.199, 0, 0, 0, 175.0, +1.749976E+02, +6.835148E-08
1680595340.800018, 0, -0.1504706, 0.002113987, 0.1504855, 179.3374, 0, 0, 0, 176.0, +1.759983E+02, +7.113091E-08
1680595346.979773, 0, -0.1501051, 0.001748571, 0.150851, 179.0605, 0, 0, 0, 177.0, +1.770006E+02, +7.018957E-08
1680595353.1643755, 0, -0.1501051, 0.001383155, 0.1504808, 179.197, 0, 0, 0, 178.0, +1.779976E+02, +7.374525E-08
1680595359.3567085, 0, -0.1497395, 0.002113987, 0.1504911, 179.199, 0, 0, 0, 179.0, +1.789988E+02, +7.414332E-08
1680595365.561131, 0, -0.1501051, 0.001748571, 0.1508463, 179.1951, 0, 0, 0, 180.0, +1.800006E+02, +7.316435E-08
1680595371.7595258, 0, -0.1497395, 0.001748571, 0.1504855, 179.1951, 0, 0, 0, 181.0, +1.810012E+02, +7.886950E-08
1680595377.952956, 0, -0.1497395, 0.002113987, 0.1501152, 179.1951, 0, 0, 0, 182.0, +1.820020E+02, +7.680935E-08
1680595384.1583128, 0, -0.1497395, 0.002113987, 0.1501199, 179.1951, 0, 0, 0, 183.0, +1.830044E+02, +7.320301E-08
1680595390.3528533, 0, -0.1501051, 0.001748571, 0.1504855, 179.3374, 0, 0, 0, 184.0, +1.840019E+02, +7.606747E-08
1680595396.5539382, 0, -0.1504706, 0.002479402, 0.1504855, 179.3342, 0, 0, 0, 185.0, +1.850036E+02, +7.366791E-08
1680595402.7746243, 0, -0.1497395, 0.001748571, 0.1501199, 179.197, 0, 0, 0, 186.0, +1.860054E+02, +7.391839E-08
1680595408.9730515, 0, -0.1497395, 0.002113987, 0.1501199, 179.1931, 0, 0, 0, 187.0, +1.870056E+02, +7.940621E-08
1680595415.1565027, 0, -0.1497395, 0.002113987, 0.150851, 179.1951, 0, 0, 0, 188.0, +1.880066E+02, +8.865842E-08
1680595421.360857, 0, -0.1497395, 0.001748571, 0.150851, 179.197, 0, 0, 0, 189.0, +1.890083E+02, +8.192722E-08
1680595427.579292, 0, -0.1501051, 0.002113987, 0.1501199, 179.1951, 0, 0, 0, 190.0, +1.900047E+02, +8.444880E-08
1680595433.7520196, 0, -0.1497395, 0.001748571, 0.1504808, 179.1951, 0, 0, 0, 191.0, +1.910049E+02, +8.371654E-08
1680595439.9442117, 0, -0.1497395, 0.002113987, 0.150477, 179.0537, 0, 0, 0, 192.0, +1.920048E+02, +8.469441E-08
1680595446.1027796, 0, -0.1497395, 0.002113987, 0.1501152, 179.3342, 0, 0, 0, 193.0, +1.930038E+02, +8.941598E-08
1680595452.2942724, 0, -0.1497395, 0.001748571, 0.14976, 179.1931, 0, 0, 0, 194.0, +1.940034E+02, +9.230032E-08
1680595458.488131, 0, -0.1497395, 0.002479402, 0.1497497, 179.3342, 0, 0, 0, 195.0, +1.950025E+02, +9.186638E-08
1680595464.695866, 0, -0.1493739, 0.001748571, 0.1501199, 179.1951, 0, 0, 0, 196.0, +1.960005E+02, +9.174435E-08
1680595470.8845158, 0, -0.1497395, 0.001383155, 0.150851, 179.1951, 0, 0, 0, 197.0, +1.969993E+02, +1.001371E-07
1680595477.0592542, 0, -0.1497395, 0.002113987, 0.1501152, 179.1931, 0, 0, 0, 198.0, +1.979991E+02, +9.898439E-08
1680595483.2824168, 0, -0.1497395, 0.001748571, 0.1501152, 179.1931, 0, 0, 0, 199.0, +1.989992E+02, +9.874971E-08
1680595489.4811287, 0, -0.1501051, 0.002113987, 0.1497497, 179.1931, 0, 0, 0, 200.0, +2.000003E+02, +1.011125E-07
1680595495.6754553, 0, -0.151933, 0.002113987, 0.1530397, 179.1181, 0, 0, 0, 200.0, +1.999996E+02, +1.012226E-07
1680595501.8577569, 0, -0.1742333, 0.003210233, 0.174622, 178.9489, 0, 0, 0, 199.0, +1.990000E+02, +9.592942E-08
1680595508.0127451, 0, -0.1778891, 0.003575649, 0.1779118, 179.0838, 0, 0, 0, 198.0, +1.979998E+02, +9.486562E-08
1680595514.1922135, 0, -0.1811793, 0.003210233, 0.1812016, 179.0986, 0, 0, 0, 197.0, +1.970010E+02, +8.667025E-08
1680595520.3458738, 0, -0.1837384, 0.003575649, 0.1834009, 179.001, 0, 0, 0, 196.0, +1.959998E+02, +8.727773E-08
1680595526.5216525, 0, -0.1859318, 0.003941064, 0.1859662, 178.8983, 0, 0, 0, 195.0, +1.950042E+02, +8.357340E-08
1680595532.6852584, 0, -0.1873941, 0.003575649, 0.1874436, 178.909, 0, 0, 0, 194.0, +1.940040E+02, +8.584860E-08
1680595538.8580246, 0, -0.1884909, 0.003575649, 0.1881666, 178.9111, 0, 0, 0, 193.0, +1.930042E+02, +8.556472E-08
1680595545.0270405, 0, -0.189222, 0.003575649, 0.1892631, 178.9174, 0, 0, 0, 192.0, +1.920046E+02, +8.535552E-08
1680595551.2292814, 0, -0.1888565, 0.003575649, 0.1888903, 178.8045, 0, 0, 0, 191.0, +1.910042E+02, +8.386495E-08
1680595557.4544988, 0, -0.1873941, 0.003575649, 0.1881527, 179.0204, 0, 0, 0, 190.0, +1.900035E+02, +8.468099E-08
1680595563.632537, 0, -0.1862974, 0.003575649, 0.1863391, 178.6784, 0, 0, 0, 189.0, +1.890069E+02, +8.427707E-08
1680595569.81152, 0, -0.1844695, 0.002844817, 0.1844974, 179.003, 0, 0, 0, 188.0, +1.880066E+02, +8.292530E-08
1680595576.021321, 0, -0.182276, 0.003575649, 0.1826698, 178.993, 0, 0, 0, 187.0, +1.870052E+02, +8.122071E-08
1680595582.2124574, 0, -0.179717, 0.003575649, 0.1797395, 178.8648, 0, 0, 0, 186.0, +1.860038E+02, +7.905887E-08
1680595588.4135554, 0, -0.1775235, 0.003210233, 0.177187, 178.9661, 0, 0, 0, 185.0, +1.850027E+02, +7.551485E-08
1680595594.6174672, 0, -0.1749644, 0.002844817, 0.1749939, 178.8292, 0, 0, 0, 184.0, +1.840011E+02, +7.519457E-08
1680595600.803047, 0, -0.1720398, 0.002844817, 0.1720698, 178.8093, 0, 0, 0, 183.0, +1.830036E+02, +7.189989E-08
1680595607.012197, 0, -0.1687496, 0.002844817, 0.1687736, 178.9125, 0, 0, 0, 182.0, +1.820019E+02, +7.279904E-08
1680595613.2138813, 0, -0.165825, 0.002844817, 0.166204, 179.2712, 0, 0, 0, 181.0, +1.810011E+02, +7.191323E-08
1680595619.4192603, 0, -0.1621692, 0.002479402, 0.1629252, 179.128, 0, 0, 0, 180.0, +1.800004E+02, +6.952742E-08
1680595625.6283307, 0, -0.158879, 0.002113987, 0.1588983, 179.1039, 0, 0, 0, 179.0, +1.789996E+02, +6.615413E-08
1680595631.852361, 0, -0.1552232, 0.001748571, 0.1555986, 179.2215, 0, 0, 0, 178.0, +1.779980E+02, +6.690323E-08
1680595638.0356226, 0, -0.1512018, 0.001748571, 0.1519392, 179.2009, 0, 0, 0, 177.0, +1.769993E+02, +6.935321E-08
1680595644.221036, 0, -0.1479116, 0.002113987, 0.148653, 179.326, 0, 0, 0, 176.0, +1.759978E+02, +6.821746E-08
1680595650.4168673, 0, -0.1457181, 0.001748571, 0.1460942, 179.3107, 0, 0, 0, 175.0, +1.749971E+02, +6.490533E-08
1680595656.6319861, 0, -0.1427935, 0.001383155, 0.1424386, 179.445, 0, 0, 0, 174.0, +1.739961E+02, +6.529209E-08
1680595662.8170612, 0, -0.1391377, 0.001383155, 0.1398757, 179.4334, 0, 0, 0, 173.0, +1.729975E+02, +6.140453E-08
1680595669.0030103, 0, -0.1365786, 0.00101774, 0.1365824, 179.5742, 0, 0, 0, 172.0, +1.719968E+02, +6.511195E-08
1680595675.1753898, 0, -0.133654, 0.001383155, 0.134031, 179.5637, 0, 0, 0, 171.0, +1.710000E+02, +6.419226E-08
1680595681.350713, 0, -0.1303638, 0.00101774, 0.130731, 179.5527, 0, 0, 0, 170.0, +1.700011E+02, +6.148952E-08
1680595687.5463772, 0, -0.1274392, 0.00101774, 0.1274432, 179.3799, 0, 0, 0, 169.0, +1.690008E+02, +6.247512E-08
1680595693.729706, 0, -0.1245145, 0.00101774, 0.1248842, 179.7007, 0, 0, 0, 168.0, +1.680013E+02, +6.075298E-08
1680595699.936765, 0, -0.1215899, 0.0006523243, 0.1215942, 179.5219, 0, 0, 0, 167.0, +1.670019E+02, +6.179960E-08
1680595706.145902, 0, -0.1190308, 0.00101774, 0.1193968, 179.5131, 0, 0, 0, 166.0, +1.660023E+02, +5.981088E-08
1680595712.3330092, 0, -0.1175685, 0.0006523243, 0.1179359, 179.8602, 0, 0, 0, 165.0, +1.650065E+02, +5.752216E-08
1680595718.522482, 0, -0.115375, 0.0002869087, 0.1150113, 179.8575, 0, 0, 0, 164.0, +1.640059E+02, +5.909414E-08
1680595724.722322, 0, -0.112816, 0.0002869087, 0.1131835, 179.8547, 0, 0, 0, 163.0, +1.630060E+02, +5.876717E-08
1680595730.883506, 0, -0.1109881, 0.0006523243, 0.11099, 179.8519, 0, 0, 0, 162.0, +1.620069E+02, +5.624914E-08
1680595737.0889242, 0, -0.1087946, 0.0002869087, 0.1091621, 179.8494, 0, 0, 0, 161.0, +1.610063E+02, +5.755100E-08
1680595743.278392, 0, -0.1069667, 0.0002869087, 0.1066015, 179.453, 0, 0, 0, 160.0, +1.600090E+02, +5.429454E-08
1680595749.461079, 0, -0.1044077, 0.0002869087, 0.1044081, 180.0431, 0, 0, 0, 159.0, +1.590073E+02, +5.650540E-08
1680595755.6511173, 0, -0.1022142, 0.0002869087, 0.1022142, 179.6369, 0, 0, 0, 158.0, +1.580066E+02, +5.333405E-08
1680595761.8349202, 0, -0.1000207, 0.0002869087, 0.09965517, 179.8356, 0, 0, 0, 157.0, +1.570053E+02, +5.298567E-08
1680595768.0438545, 0, -0.09819283, -7.850687e-05, 0.09819324, 179.8326, 0, 0, 0, 156.0, +1.560045E+02, +5.170466E-08
1680595774.2419243, 0, -0.09636493, 0.0002869087, 0.09636535, 180.0467, 0, 0, 0, 155.0, +1.550027E+02, +5.283907E-08
1680595780.4381745, 0, -0.09417145, -0.0004439224, 0.0938059, 180.048, 0, 0, 0, 154.0, +1.540062E+02, +5.064887E-08
1680595786.6712716, 0, -0.09270914, -7.850687e-05, 0.09270917, 180.0489, 0, 0, 0, 153.0, +1.530048E+02, +5.008857E-08
1680595792.865364, 0, -0.09015008, -7.850687e-05, 0.0905157, 180.0493, 0, 0, 0, 152.0, +1.520031E+02, +5.201382E-08
1680595799.037127, 0, -0.08868776, -7.850687e-05, 0.08905338, 180.2845, 0, 0, 0, 151.0, +1.510018E+02, +5.173039E-08
1680595805.2492352, 0, -0.08795661, -7.850687e-05, 0.08759107, 180.2892, 0, 0, 0, 150.0, +1.500012E+02, +4.847967E-08
1680595811.461963, 0, -0.08612871, -0.0004439224, 0.086861, 180.052, 0, 0, 0, 149.0, +1.489992E+02, +5.067913E-08
1680595817.6639419, 0, -0.08503197, -0.0004439224, 0.08503201, 180.0527, 0, 0, 0, 148.0, +1.480018E+02, +4.788239E-08
1680595823.856175, 0, -0.08356966, -7.850687e-05, 0.08356969, 180.0536, 0, 0, 0, 147.0, +1.470017E+02, +4.702980E-08
1680595830.0483131, 0, -0.08210734, -0.0004439224, 0.08247412, 180.0548, 0, 0, 0, 146.0, +1.460011E+02, +4.900377E-08
1680595836.253507, 0, -0.08064502, -7.850687e-05, 0.08064505, 180.0555, 0, 0, 0, 145.0, +1.450021E+02, +4.624599E-08
1680595842.446015, 0, -0.0791827, -0.0008093381, 0.07918395, 180.3212, 0, 0, 0, 144.0, +1.440022E+02, +4.549310E-08
1680595848.640798, 0, -0.07808597, -7.850687e-05, 0.078086, 180.3257, 0, 0, 0, 143.0, +1.430025E+02, +4.508499E-08
1680595854.819854, 0, -0.07698923, -0.0008093381, 0.07662494, 180.6023, 0, 0, 0, 142.0, +1.420057E+02, +4.569982E-08
1680595861.0086048, 0, -0.07589249, -0.0004439224, 0.07589379, 180.0593, 0, 0, 0, 141.0, +1.410056E+02, +4.584062E-08
1680595867.1865783, 0, -0.0740646, -0.0008093381, 0.07443457, 180.623, 0, 0, 0, 140.0, +1.400074E+02, +4.316040E-08
1680595873.3871212, 0, -0.07296786, -7.850687e-05, 0.07370345, 180.0617, 0, 0, 0, 139.0, +1.390074E+02, +4.267995E-08
1680595879.594397, 0, -0.07187112, -7.850687e-05, 0.07187116, 180.0626, 0, 0, 0, 138.0, +1.380070E+02, +4.435977E-08
1680595885.797735, 0, -0.07040881, -0.0008093381, 0.07077578, 180.6552, 0, 0, 0, 137.0, +1.370074E+02, +4.323565E-08
1680595891.9924123, 0, -0.06931207, -7.850687e-05, 0.06931679, 180.367, 0, 0, 0, 136.0, +1.360114E+02, +4.109544E-08
1680595898.1485837, 0, -0.06858091, -0.0004439224, 0.06858568, 180.6761, 0, 0, 0, 135.0, +1.350109E+02, +4.272375E-08
1680595904.3394058, 0, -0.06711859, -0.0004439224, 0.06748563, 180.3769, 0, 0, 0, 134.0, +1.340105E+02, +4.208932E-08
1680595910.5359528, 0, -0.06602185, -0.0008093381, 0.06639237, 180.0678, 0, 0, 0, 133.0, +1.330101E+02, +3.991536E-08
1680595916.7050955, 0, -0.0652907, -0.001174754, 0.06529571, 180.7142, 0, 0, 0, 132.0, +1.320083E+02, +4.037136E-08
1680595922.897411, 0, -0.06419396, -0.0008093381, 0.06419549, 180.7224, 0, 0, 0, 131.0, +1.310072E+02, +3.933880E-08
1680595929.07793, 0, -0.06309722, -0.0008093381, 0.06310241, 180.7307, 0, 0, 0, 130.0, +1.300091E+02, +3.919066E-08
1680595935.267595, 0, -0.06236606, -0.0004439224, 0.0616461, 180.4102, 0, 0, 0, 129.0, +1.290076E+02, +3.947205E-08
1680595941.4564419, 0, -0.06163491, -0.0008093381, 0.06127467, 180.4127, 0, 0, 0, 128.0, +1.280066E+02, +3.777785E-08
1680595947.635546, 0, -0.06090375, -0.0008093381, 0.06017803, 180.766, 0, 0, 0, 127.0, +1.270062E+02, +3.724660E-08
1680595953.8381138, 0, -0.06017259, -0.0004439224, 0.05980865, 181.1185, 0, 0, 0, 126.0, +1.260043E+02, +3.813963E-08
1680595960.0532901, 0, -0.05944143, -0.0008093381, 0.05907752, 180.7849, 0, 0, 0, 125.0, +1.250033E+02, +3.702908E-08
1680595966.2741833, 0, -0.05797911, -0.0004439224, 0.05871195, 180.7948, 0, 0, 0, 124.0, +1.240052E+02, +3.696046E-08
1680595972.4500732, 0, -0.05834469, -0.0008093381, 0.05798081, 180.7948, 0, 0, 0, 123.0, +1.230041E+02, +3.498526E-08
1680595978.6821244, 0, -0.05724796, -0.0008093381, 0.05724968, 180.81, 0, 0, 0, 122.0, +1.220026E+02, +3.513807E-08
1680595984.8617003, 0, -0.0565168, -0.0004439224, 0.05652259, 180.8204, 0, 0, 0, 121.0, +1.210011E+02, +3.557781E-08
1680595991.059417, 0, -0.05615122, -0.0008093381, 0.0557874, 180.8258, 0, 0, 0, 120.0, +1.200006E+02, +3.510495E-08
1680595997.2527628, 0, -0.05542006, -0.0004439224, 0.05542596, 180.0807, 0, 0, 0, 119.0, +1.190013E+02, +3.300489E-08
1680596003.4571078, 0, -0.0546889, -0.0008093381, 0.05506043, 180.4651, 0, 0, 0, 118.0, +1.180046E+02, +3.350266E-08
1680596009.629675, 0, -0.05395774, -0.0008093381, 0.05395957, 181.2389, 0, 0, 0, 117.0, +1.170048E+02, +3.214878E-08
1680596015.8091466, 0, -0.05359216, -0.0008093381, 0.05359827, 180.8652, 0, 0, 0, 116.0, +1.160051E+02, +3.143825E-08
1680596022.0239642, 0, -0.05286101, -0.001174754, 0.05323274, 181.2644, 0, 0, 0, 115.0, +1.150051E+02, +3.131800E-08
1680596028.2132726, 0, -0.05249543, -0.001174754, 0.05250857, 180.8833, 0, 0, 0, 114.0, +1.140049E+02, +3.126621E-08
1680596034.3818946, 0, -0.05176427, -0.0008093381, 0.05177059, 180.8958, 0, 0, 0, 113.0, +1.130057E+02, +3.127206E-08
1680596040.5908432, 0, -0.05139869, -0.001174754, 0.0514006, 180.9086, 0, 0, 0, 112.0, +1.120092E+02, +3.091409E-08
1680596046.8064132, 0, -0.05103311, -0.001174754, 0.05030846, 181.3187, 0, 0, 0, 111.0, +1.110094E+02, +3.032724E-08
1680596052.9858742, 0, -0.04993637, -0.001174754, 0.05067399, 181.3477, 0, 0, 0, 110.0, +1.100095E+02, +2.876041E-08
1680596059.2072413, 0, -0.04993637, -0.001174754, 0.04993834, 181.3477, 0, 0, 0, 109.0, +1.090095E+02, +2.924282E-08
1680596065.402784, 0, -0.04957079, -0.001174754, 0.04957278, 180.9354, 0, 0, 0, 108.0, +1.080097E+02, +2.816880E-08
1680596071.5911343, 0, -0.04883964, -0.0004439224, 0.04884634, 181.3779, 0, 0, 0, 107.0, +1.070090E+02, +2.896265E-08
1680596077.7738583, 0, -0.04847405, -0.0008093381, 0.04848829, 180.9638, 0, 0, 0, 106.0, +1.060112E+02, +2.817093E-08
1680596083.968934, 0, -0.0477429, -0.0008093381, 0.04811528, 180.9638, 0, 0, 0, 105.0, +1.050097E+02, +2.772970E-08
1680596090.1616385, 0, -0.0477429, -0.0008093381, 0.04774976, 181.4204, 0, 0, 0, 104.0, +1.040083E+02, +2.758515E-08
1680596096.362545, 0, -0.04701174, -0.0008093381, 0.0470187, 181.4315, 0, 0, 0, 103.0, +1.030069E+02, +2.696130E-08
1680596102.5534165, 0, -0.04664616, -0.0008093381, 0.04664827, 180.9863, 0, 0, 0, 102.0, +1.020058E+02, +2.540188E-08
1680596108.733559, 0, -0.04628058, -0.0004439224, 0.04666095, 181.4427, 0, 0, 0, 101.0, +1.010045E+02, +2.488240E-08
1680596114.9279795, 0, -0.04554942, -0.0008093381, 0.04592213, 180.554, 0, 0, 0, 100.0, +1.000070E+02, +2.460435E-08
1680596121.1307602, 0, -0.04554942, -0.001540169, 0.04556457, 181.0262, 0, 0, 0, 99.0, +9.900526E+01, +2.532346E-08
1680596127.3328612, 0, -0.04481826, -0.001174754, 0.04519109, 181.0346, 0, 0, 0, 98.0, +9.800410E+01, +2.464630E-08
1680596133.515523, 0, -0.04445269, -0.001174754, 0.0444682, 181.0517, 0, 0, 0, 97.0, +9.700253E+01, +2.390259E-08
1680596139.7144878, 0, -0.0440871, -0.0008093381, 0.04446005, 181.0605, 0, 0, 0, 96.0, +9.600118E+01, +2.404164E-08
1680596145.917254, 0, -0.04335595, -0.001174754, 0.04373731, 181.0605, 0, 0, 0, 95.0, +9.500008E+01, +2.243705E-08
1680596152.1159708, 0, -0.04299037, -0.001174754, 0.04299799, 181.5653, 0, 0, 0, 94.0, +9.400147E+01, +2.336805E-08
1680596158.3074977, 0, -0.04262479, -0.0008093381, 0.04263247, 181.0785, 0, 0, 0, 93.0, +9.300147E+01, +2.162487E-08
1680596164.5094564, 0, -0.04262479, -0.0008093381, 0.0426271, 181.0878, 0, 0, 0, 92.0, +9.200144E+01, +2.150419E-08
1680596170.7124739, 0, -0.04225921, -0.0008093381, 0.04227554, 181.6062, 0, 0, 0, 91.0, +9.100127E+01, +2.212332E-08
1680596176.8982296, 0, -0.04189363, -0.001174754, 0.04154466, 181.6204, 0, 0, 0, 90.0, +9.000128E+01, +2.174865E-08
1680596183.1089735, 0, -0.04079689, -0.0008093381, 0.04117923, 181.6348, 0, 0, 0, 89.0, +8.900149E+01, +2.047536E-08
1680596189.2755053, 0, -0.04079689, -0.0008093381, 0.04116487, 181.1365, 0, 0, 0, 88.0, +8.800499E+01, +1.977993E-08
1680596195.4641316, 0, -0.04043131, -0.0004439224, 0.0408138, 181.1468, 0, 0, 0, 87.0, +8.700493E+01, +1.936752E-08
1680596201.6565826, 0, -0.04006574, -0.0008093381, 0.04043942, 181.6795, 0, 0, 0, 86.0, +8.600578E+01, +1.937100E-08
1680596207.8318555, 0, -0.04006574, -0.001174754, 0.04008295, 181.1573, 0, 0, 0, 85.0, +8.500585E+01, +1.935570E-08
1680596214.027229, 0, -0.03970016, -0.001174754, 0.03971753, 181.1679, 0, 0, 0, 84.0, +8.400583E+01, +1.895285E-08
1680596220.2488365, 0, -0.03970016, -0.0008093381, 0.03971753, 182.2423, 0, 0, 0, 83.0, +8.300570E+01, +1.869364E-08
1680596226.4405894, 0, -0.038969, -0.0008093381, 0.0389867, 181.7107, 0, 0, 0, 82.0, +8.200906E+01, +1.783440E-08
1680596232.6230195, 0, -0.03860342, -0.001174754, 0.03899942, 181.1898, 0, 0, 0, 81.0, +8.100925E+01, +1.752586E-08
1680596238.8088417, 0, -0.03823784, -0.001174754, 0.03862129, 180.6589, 0, 0, 0, 80.0, +8.000883E+01, +1.704668E-08
1680596244.9911957, 0, -0.03823784, -0.001174754, 0.03862129, 181.7431, 0, 0, 0, 79.0, +7.900742E+01, +1.763391E-08
1680596251.1901724, 0, -0.03750668, -0.0008093381, 0.03788091, 181.7597, 0, 0, 0, 78.0, +7.800616E+01, +1.618729E-08
1680596257.3856926, 0, -0.03787226, -0.001174754, 0.03789048, 181.2362, 0, 0, 0, 77.0, +7.700467E+01, +1.694377E-08
1680596263.6033106, 0, -0.0371411, -0.001174754, 0.03679428, 181.8117, 0, 0, 0, 76.0, +7.600684E+01, +1.547443E-08
1680596269.805799, 0, -0.03677552, -0.0004439224, 0.03751541, 181.8297, 0, 0, 0, 75.0, +7.500540E+01, +1.608383E-08
1680596276.0187786, 0, -0.03677552, -0.0008093381, 0.03679428, 181.2484, 0, 0, 0, 74.0, +7.400441E+01, +1.481933E-08
1680596282.2290573, 0, -0.03604437, -0.001174754, 0.0360635, 180.6916, 0, 0, 0, 73.0, +7.300340E+01, +1.550180E-08
1680596288.4009027, 0, -0.03604437, -0.001174754, 0.0367782, 181.8297, 0, 0, 0, 72.0, +7.200255E+01, +1.428864E-08
1680596294.5932474, 0, -0.03567879, -0.001174754, 0.0360635, 181.8667, 0, 0, 0, 71.0, +7.100110E+01, +1.469982E-08
1680596300.7722402, 0, -0.03531321, -0.0004439224, 0.03533274, 181.9054, 0, 0, 0, 70.0, +7.000312E+01, +1.362556E-08
1680596306.963032, 0, -0.03531321, -0.001540169, 0.03533274, 181.9054, 0, 0, 0, 69.0, +6.900182E+01, +1.424749E-08
1680596313.1347165, 0, -0.03531321, -0.0008093381, 0.03496737, 181.3129, 0, 0, 0, 68.0, +6.800050E+01, +1.347899E-08
1680596319.3210707, 0, -0.03494763, -0.001174754, 0.034957, 182.5501, 0, 0, 0, 67.0, +6.699894E+01, +1.360778E-08
1680596325.52577, 0, -0.03531321, -0.0008093381, 0.03460199, 181.9253, 0, 0, 0, 66.0, +6.599869E+01, +1.321775E-08
1680596331.7323287, 0, -0.03458205, -0.001174754, 0.03460199, 181.9456, 0, 0, 0, 65.0, +6.499908E+01, +1.202479E-08
1680596337.9355934, 0, -0.03494763, -0.0008093381, 0.03387127, 181.9456, 0, 0, 0, 64.0, +6.400269E+01, +1.170474E-08
1680596344.1388965, 0, -0.03421647, -0.001174754, 0.03386056, 181.3696, 0, 0, 0, 63.0, +6.300233E+01, +1.230980E-08
1680596350.3479562, 0, -0.03421647, -0.0004439224, 0.03350591, 181.3696, 0, 0, 0, 62.0, +6.200222E+01, +1.199504E-08
1680596356.5291536, 0, -0.03311973, -0.001540169, 0.03352071, 181.355, 0, 0, 0, 61.0, +6.100248E+01, +1.138484E-08
1680596362.7256455, 0, -0.03311973, -0.0008093381, 0.03352071, 181.3999, 0, 0, 0, 60.0, +6.000251E+01, +1.084062E-08
1680596368.935614, 0, -0.03311973, -0.0008093381, 0.03352071, 181.3999, 0, 0, 0, 59.0, +5.900369E+01, +1.026322E-08
1680596375.1292062, 0, -0.03311973, -0.0004439224, 0.03314056, 181.3846, 0, 0, 0, 58.0, +5.800673E+01, +1.073393E-08
1680596381.351748, 0, -0.03311973, -0.001174754, 0.03312962, 181.4155, 0, 0, 0, 57.0, +5.700683E+01, +1.015553E-08
1680596387.517146, 0, -0.03275415, -0.001540169, 0.03275716, 182.0773, 0, 0, 0, 56.0, +5.600681E+01, +9.537639E-09
1680596393.71246, 0, -0.03238858, -0.0008093381, 0.03276415, 182.0773, 0, 0, 0, 55.0, +5.500679E+01, +9.916005E-09
1680596399.9177704, 0, -0.03202299, -0.001174754, 0.03240987, 181.4478, 0, 0, 0, 54.0, +5.400711E+01, +8.769700E-09
1680596406.113427, 0, -0.03238858, -0.001540169, 0.03240987, 181.4314, 0, 0, 0, 53.0, +5.300640E+01, +8.934446E-09
1680596412.3135002, 0, -0.03202299, -0.0008093381, 0.03204454, 181.4478, 0, 0, 0, 52.0, +5.200874E+01, +8.240223E-09
1680596418.5094318, 0, -0.03165742, -0.001174754, 0.03204454, 182.0773, 0, 0, 0, 51.0, +5.100719E+01, +8.563399E-09
1680596424.719736, 0, -0.03129184, -0.001174754, 0.03167921, 181.4478, 0, 0, 0, 50.0, +5.000618E+01, +7.749719E-09
1680596430.9153419, 0, -0.03165742, -0.0008093381, 0.03167921, 182.101, 0, 0, 0, 49.0, +4.900456E+01, +8.278740E-09
1680596437.1003582, 0, -0.03129184, -0.0008093381, 0.0313023, 180.8034, 0, 0, 0, 48.0, +4.800329E+01, +8.074812E-09
1680596443.2963676, 0, -0.03165742, -0.001540169, 0.03166776, 182.1252, 0, 0, 0, 47.0, +4.700212E+01, +7.482073E-09
1680596449.4918728, 0, -0.03129184, -0.0008093381, 0.03132971, 182.15, 0, 0, 0, 46.0, +4.600461E+01, +7.480206E-09
1680596455.6702182, 0, -0.03129184, -0.0008093381, 0.03094856, 182.1754, 0, 0, 0, 45.0, +4.500364E+01, +6.414683E-09
1680596461.8793697, 0, -0.03129184, -0.001174754, 0.03092944, 182.8178, 0, 0, 0, 44.0, +4.400207E+01, +7.047511E-09
1680596468.0447807, 0, -0.03092625, -0.001174754, 0.0305639, 181.4816, 0, 0, 0, 43.0, +4.300078E+01, +6.813039E-09
1680596474.2532501, 0, -0.03056068, -0.001174754, 0.03096458, 182.1754, 0, 0, 0, 42.0, +4.199974E+01, +6.267811E-09
1680596480.4537494, 0, -0.03056068, -0.001174754, 0.03058324, 181.4991, 0, 0, 0, 41.0, +4.099807E+01, +6.170260E-09
1680596486.6512182, 0, -0.03056068, -0.0004439224, 0.0305639, 182.8851, 0, 0, 0, 40.0, +4.000047E+01, +5.170128E-09
1680596492.8791678, 0, -0.03092625, -0.001174754, 0.03021794, 182.1754, 0, 0, 0, 39.0, +3.900015E+01, +4.939795E-09
1680596499.0754516, 0, -0.0301951, -0.001174754, 0.03058324, 181.517, 0, 0, 0, 38.0, +3.800027E+01, +4.779193E-09
1680596505.2875214, 0, -0.0301951, -0.001174754, 0.03021794, 181.517, 0, 0, 0, 37.0, +3.700018E+01, +4.928691E-09
1680596511.472935, 0, -0.0301951, -0.001174754, 0.02985264, 181.5354, 0, 0, 0, 36.0, +3.600016E+01, +4.229265E-09
1680596517.661849, 0, -0.02982952, -0.001174754, 0.03019836, 182.228, 0, 0, 0, 35.0, +3.500004E+01, +4.257993E-09
1680596523.8687701, 0, -0.02982952, -0.001540169, 0.03021794, 180.8526, 0, 0, 0, 34.0, +3.400334E+01, +4.084209E-09
1680596530.059277, 0, -0.02982952, -0.001174754, 0.03023435, 182.228, 0, 0, 0, 33.0, +3.300310E+01, +4.370077E-09
1680596536.2867227, 0, -0.02982952, -0.001540169, 0.03021794, 182.8851, 0, 0, 0, 32.0, +3.200418E+01, +3.815455E-09
1680596542.4674568, 0, -0.02982952, -0.0008093381, 0.02985264, 182.2832, 0, 0, 0, 31.0, +3.100438E+01, +3.299259E-09
1680596548.661383, 0, -0.02982952, -0.001174754, 0.02985264, 181.5735, 0, 0, 0, 30.0, +3.000423E+01, +3.286331E-09
1680596554.8312705, 0, -0.02946394, -0.001540169, 0.02947505, 182.2832, 0, 0, 0, 29.0, +2.900393E+01, +3.640207E-09
1680596561.028836, 0, -0.02909836, -0.001174754, 0.02985264, 182.2832, 0, 0, 0, 28.0, +2.800736E+01, +3.421641E-09
1680596567.203225, 0, -0.02946394, -0.0008093381, 0.02910174, 181.5932, 0, 0, 0, 27.0, +2.700738E+01, +3.195754E-09
1680596573.408067, 0, -0.02909836, -0.0008093381, 0.02946728, 182.2832, 0, 0, 0, 26.0, +2.600680E+01, +3.038580E-09
1680596579.6023045, 0, -0.02909836, -0.001540169, 0.02874418, 181.5932, 0, 0, 0, 25.0, +2.500578E+01, +2.028451E-09
1680596585.8148096, 0, -0.02946394, -0.001540169, 0.02875679, 180.8852, 0, 0, 0, 24.0, +2.400454E+01, +1.837603E-09
1680596592.013999, 0, -0.02873278, -0.001174754, 0.02874418, 183.0683, 0, 0, 0, 23.0, +2.300304E+01, +2.017444E-09
1680596598.1992285, 0, -0.02873278, -0.001174754, 0.02875679, 181.6135, 0, 0, 0, 22.0, +2.200485E+01, +2.220459E-09
1680596604.3977127, 0, -0.0283672, -0.0004439224, 0.02837067, 180.8852, 0, 0, 0, 21.0, +2.100065E+01, +1.863605E-09
1680596610.5969477, 0, -0.02873278, -0.001174754, 0.02873289, 182.3413, 0, 0, 0, 20.0, +1.999979E+01, +1.980183E-09
1680596616.7860067, 0, -0.02800162, -0.0008093381, 0.02875679, 180.8966, 0, 0, 0, 19.0, +1.900067E+01, +9.883812E-10
1680596622.9779575, 0, -0.02873278, -0.001174754, 0.02875679, 182.3714, 0, 0, 0, 18.0, +1.800024E+01, +1.346397E-09
1680596629.1744778, 0, -0.0283672, -0.0008093381, 0.02839152, 182.3714, 0, 0, 0, 17.0, +1.700003E+01, +7.085218E-10
1680596635.3423085, 0, -0.0283672, -0.0008093381, 0.02801332, 181.6556, 0, 0, 0, 16.0, +1.600084E+01, +5.667491E-10
1680596641.546347, 0, -0.0283672, -0.001174754, 0.02840898, 183.1078, 0, 0, 0, 15.0, +1.500004E+01, +5.383744E-10
1680596647.7537165, 0, -0.02800162, -0.001540169, 0.02802625, 182.3714, 0, 0, 0, 14.0, +1.400063E+01, +6.007784E-10
1680596653.9546049, 0, -0.02800162, -0.001174754, 0.02801332, 181.6556, 0, 0, 0, 13.0, +1.300080E+01, +9.253704E-10
1680596660.1440563, 0, -0.02800162, -0.0008093381, 0.02801332, 182.4023, 0, 0, 0, 12.0, +1.200002E+01, +6.481364E-10
1680596666.3163836, 0, -0.02763604, -0.001174754, 0.02840898, 181.6775, 0, 0, 0, 11.0, +1.100088E+01, +6.669185E-10
1680596672.5063648, 0, -0.02800162, -0.001174754, 0.02802625, 182.4023, 0, 0, 0, 10.0, +1.000074E+01, -1.367635E-10
1680596678.674198, 0, -0.02763604, -0.0008093381, 0.02804395, 182.4667, 0, 0, 0, 9.0, +9.000165E+00, -4.810280E-11
1680596684.8784173, 0, -0.02763604, -0.001174754, 0.02804395, 182.4341, 0, 0, 0, 8.0, +8.000931E+00, -2.725324E-10
1680596691.0613115, 0, -0.02763604, -0.001174754, 0.027661, 183.1483, 0, 0, 0, 7.0, +6.999977E+00, +9.856689E-11
1680596697.2429047, 0, -0.02763604, -0.001174754, 0.027661, 181.6775, 0, 0, 0, 6.0, +6.000298E+00, -1.676636E-10
1680596703.4291797, 0, -0.02727046, -0.001174754, 0.02728247, 182.4341, 0, 0, 0, 5.0, +5.000611E+00, +1.376452E-10
1680596709.6047065, 0, -0.02727046, -0.001174754, 0.02693052, 181.6775, 0, 0, 0, 4.0, +3.999754E+00, -1.170722E-10
1680596715.7756257, 0, -0.02727046, -0.001174754, 0.02731392, 182.4667, 0, 0, 0, 3.0, +3.000556E+00, -6.842820E-10
1680596721.971879, 0, -0.02727046, -0.001174754, 0.02693052, 182.4667, 0, 0, 0, 2.0, +2.000000E+00, -7.866262E-10
1680596728.1909297, 0, -0.02690488, -0.001174754, 0.02693052, 181.7, 0, 0, 0, 1.0, +1.000061E+00, -2.001289E-10
1680596734.3820505, 0, -0.02690488, -0.001540169, 0.02693052, 181.723, 0, 0, 0, 0.0, +4.732846E-05, -6.725170E-10
1680596740.5709727, 0, -0.02727046, -0.001540169, 0.02731392, 182.5002, 0, 0, 0, 0.0, +4.268553E-05, -1.391869E-10
1680596746.7741015, 0, -0.02690488, -0.001174754, 0.02728247, 183.2325, 0, 0, 0, -1.0, -9.999274E-01, -9.541019E-10
1680596752.9828358, 0, -0.02690488, -0.001540169, 0.02694893, 181.723, 0, 0, 0, -2.0, -1.999865E+00, -3.376642E-10
1680596759.1898003, 0, -0.02690488, -0.001540169, 0.02693052, 182.5002, 0, 0, 0, -3.0, -2.999088E+00, -1.095120E-09
1680596765.4006047, 0, -0.02690488, -0.001174754, 0.02693052, 183.2763, 0, 0, 0, -4.0, -3.998670E+00, -1.295718E-09
1680596771.585765, 0, -0.02690488, -0.001540169, 0.02693052, 182.5002, 0, 0, 0, -5.0, -4.999326E+00, -6.920055E-10
1680596777.775121, 0, -0.02690488, -0.001540169, 0.02620008, 183.3214, 0, 0, 0, -6.0, -5.999190E+00, -1.499900E-09
1680596783.9463372, 0, -0.02653931, -0.001174754, 0.02656529, 182.5345, 0, 0, 0, -7.0, -6.998945E+00, -1.119002E-09
1680596790.142302, 0, -0.02653931, -0.001540169, 0.02656529, 181.7467, 0, 0, 0, -8.0, -7.999832E+00, -1.195040E-09
1680596796.3415918, 0, -0.02617373, -0.001540169, 0.02620008, 182.5699, 0, 0, 0, -9.0, -8.999051E+00, -1.483390E-09
1680596802.5520582, 0, -0.02653931, -0.001174754, 0.02618624, 182.5699, 0, 0, 0, -10.0, -9.999473E+00, -2.319256E-09
1680596808.7389407, 0, -0.02653931, -0.001174754, 0.02582083, 181.7711, 0, 0, 0, -11.0, -1.099971E+01, -2.108559E-09
1680596814.9238665, 0, -0.02617373, -0.0008093381, 0.02618624, 182.5699, 0, 0, 0, -12.0, -1.199907E+01, -2.828499E-09
1680596821.1204543, 0, -0.02580815, -0.0008093381, 0.02618624, 180.9717, 0, 0, 0, -13.0, -1.299955E+01, -2.668597E-09
1680596827.3013344, 0, -0.02580815, -0.001174754, 0.02583487, 180.9855, 0, 0, 0, -14.0, -1.399951E+01, -3.389547E-09
1680596833.485882, 0, -0.02617373, -0.001174754, 0.02618624, 180.9855, 0, 0, 0, -15.0, -1.499886E+01, -3.389141E-09
1680596839.710985, 0, -0.02580815, -0.0008093381, 0.02582083, 181.7962, 0, 0, 0, -16.0, -1.599961E+01, -3.323707E-09
1680596845.9107223, 0, -0.02580815, -0.0008093381, 0.02582083, 182.6062, 0, 0, 0, -17.0, -1.699869E+01, -3.940899E-09
1680596852.0872037, 0, -0.02580815, -0.001174754, 0.02583487, 181.7962, 0, 0, 0, -18.0, -1.799890E+01, -4.422223E-09
1680596858.2723804, 0, -0.02580815, -0.001174754, 0.02544644, 182.6062, 0, 0, 0, -19.0, -1.899916E+01, -4.600200E-09
1680596864.474151, 0, -0.02580815, -0.001540169, 0.02548914, 182.6436, 0, 0, 0, -20.0, -1.999857E+01, -5.103792E-09
1680596870.6932, 0, -0.02544257, -0.001174754, 0.02546968, 180.9855, 0, 0, 0, -21.0, -2.099894E+01, -5.473781E-09
1680596876.8949282, 0, -0.02544257, -0.001174754, 0.02548914, 182.6436, 0, 0, 0, -22.0, -2.199072E+01, -5.899464E-09
1680596883.0829046, 0, -0.02544257, -0.001174754, 0.02546968, 181.822, 0, 0, 0, -23.0, -2.298869E+01, -5.893002E-09
1680596889.2839437, 0, -0.02507699, -0.001174754, 0.02510449, 182.7218, 0, 0, 0, -24.0, -2.399006E+01, -6.115663E-09
1680596895.4651985, 0, -0.02507699, -0.001174754, 0.02472466, 182.6821, 0, 0, 0, -25.0, -2.499132E+01, -7.055085E-09
1680596901.639769, 0, -0.02544257, -0.001174754, 0.02510449, 182.7218, 0, 0, 0, -26.0, -2.599263E+01, -6.891597E-09
1680596907.8428183, 0, -0.02507699, -0.001174754, 0.02510449, 182.6821, 0, 0, 0, -27.0, -2.699325E+01, -7.768259E-09
1680596914.011508, 0, -0.02471141, -0.001174754, 0.02510449, 182.6821, 0, 0, 0, -28.0, -2.799316E+01, -8.160113E-09
1680596920.2099714, 0, -0.02507699, -0.001174754, 0.02473932, 182.7218, 0, 0, 0, -29.0, -2.899336E+01, -7.958251E-09
1680596926.429045, 0, -0.02507699, -0.001905585, 0.02473932, 183.5664, 0, 0, 0, -30.0, -2.998980E+01, -8.985068E-09
1680596932.657402, 0, -0.02471141, -0.0008093381, 0.02473932, 182.7218, 0, 0, 0, -31.0, -3.098999E+01, -9.423932E-09
1680596938.8459325, 0, -0.02471141, -0.001174754, 0.02473932, 181.8759, 0, 0, 0, -32.0, -3.198994E+01, -9.710260E-09
1680596945.031122, 0, -0.02507699, -0.001174754, 0.02472466, 182.7218, 0, 0, 0, -33.0, -3.298909E+01, -1.024919E-08
1680596951.242254, 0, -0.02434583, -0.001540169, 0.02475936, 182.7218, 0, 0, 0, -34.0, -3.398935E+01, -9.975937E-09
1680596957.4511862, 0, -0.02434583, -0.0008093381, 0.02473932, 183.6199, 0, 0, 0, -35.0, -3.498917E+01, -1.103063E-08
1680596963.6396708, 0, -0.02434583, -0.001174754, 0.02437416, 182.7626, 0, 0, 0, -36.0, -3.598608E+01, -1.111620E-08
1680596969.8123965, 0, -0.02434583, -0.001174754, 0.02435928, 182.7626, 0, 0, 0, -37.0, -3.698616E+01, -1.160919E-08
1680596975.997052, 0, -0.02398025, -0.001540169, 0.02400901, 182.7218, 0, 0, 0, -38.0, -3.798608E+01, -1.197530E-08
1680596982.1880512, 0, -0.02434583, -0.001174754, 0.0243945, 182.8046, 0, 0, 0, -39.0, -3.898608E+01, -1.226899E-08
1680596988.3964584, 0, -0.02361467, -0.001540169, 0.02437416, 182.7626, 0, 0, 0, -40.0, -3.998623E+01, -1.319847E-08
1680596994.599016, 0, -0.02398025, -0.001174754, 0.02399391, 181.933, 0, 0, 0, -41.0, -4.098783E+01, -1.318200E-08
1680597000.7914433, 0, -0.02398025, -0.001174754, 0.02399391, 183.6199, 0, 0, 0, -42.0, -4.198572E+01, -1.412808E-08
1680597006.9501166, 0, -0.02398025, -0.001174754, 0.02399391, 182.7626, 0, 0, 0, -43.0, -4.298704E+01, -1.410985E-08
1680597013.1449604, 0, -0.02398025, -0.001174754, 0.02327875, 183.7316, 0, 0, 0, -44.0, -4.398839E+01, -1.500536E-08
1680597019.3280723, 0, -0.02398025, -0.001540169, 0.02402966, 181.9629, 0, 0, 0, -45.0, -4.498974E+01, -1.520509E-08
1680597025.513266, 0, -0.02398025, -0.001174754, 0.02399391, 182.8046, 0, 0, 0, -46.0, -4.599088E+01, -1.588922E-08
1680597031.7186415, 0, -0.02361467, -0.001540169, 0.02364388, 182.848, 0, 0, 0, -47.0, -4.699170E+01, -1.600363E-08
1680597037.9239373, 0, -0.02361467, -0.0004439224, 0.02364388, 182.848, 0, 0, 0, -48.0, -4.799267E+01, -1.684434E-08
1680597044.1190805, 0, -0.02361467, -0.001540169, 0.02362854, 181.9629, 0, 0, 0, -49.0, -4.899068E+01, -1.708050E-08
1680597050.3302686, 0, -0.02361467, -0.0008093381, 0.02364388, 182.8927, 0, 0, 0, -50.0, -4.999193E+01, -1.777801E-08
1680597056.5159454, 0, -0.02324909, -0.001174754, 0.02399391, 182.848, 0, 0, 0, -51.0, -5.099336E+01, -1.809211E-08
1680597062.716022, 0, -0.02361467, -0.001174754, 0.02327875, 181.9938, 0, 0, 0, -52.0, -5.199458E+01, -1.871328E-08
1680597068.9203362, 0, -0.02361467, -0.0008093381, 0.02362854, 182.8927, 0, 0, 0, -53.0, -5.299586E+01, -1.876853E-08
1680597075.1145716, 0, -0.02361467, -0.001174754, 0.02327875, 182.8927, 0, 0, 0, -54.0, -5.399645E+01, -1.906363E-08
1680597081.3125572, 0, -0.02324909, -0.0008093381, 0.02289782, 182.8927, 0, 0, 0, -55.0, -5.499284E+01, -2.442765E-08
1680597087.5077293, 0, -0.02361467, -0.001174754, 0.02326318, 181.0939, 0, 0, 0, -56.0, -5.599300E+01, -2.495824E-08
1680597093.6771264, 0, -0.02324909, -0.0008093381, 0.02330005, 182.9388, 0, 0, 0, -57.0, -5.699303E+01, -2.566424E-08
1680597099.8881843, 0, -0.02361467, -0.001174754, 0.02327875, 181.9938, 0, 0, 0, -58.0, -5.799288E+01, -2.654701E-08
1680597106.074385, 0, -0.02288351, -0.0008093381, 0.02293528, 182.8927, 0, 0, 0, -59.0, -5.899278E+01, -2.680295E-08
1680597112.2761257, 0, -0.02324909, -0.0004439224, 0.02326318, 182.8927, 0, 0, 0, -60.0, -5.999183E+01, -2.779877E-08
1680597118.493183, 0, -0.02288351, -0.001174754, 0.02327875, 182.0256, 0, 0, 0, -61.0, -6.099189E+01, -2.769020E-08
1680597124.6967225, 0, -0.02288351, -0.001174754, 0.02293528, 182.0585, 0, 0, 0, -62.0, -6.198852E+01, -2.845260E-08
1680597130.8662012, 0, -0.02251793, -0.001174754, 0.02254856, 182.9388, 0, 0, 0, -63.0, -6.298843E+01, -2.945210E-08
1680597137.083284, 0, -0.02288351, -0.001174754, 0.02293528, 182.0585, 0, 0, 0, -64.0, -6.398853E+01, -2.979042E-08
1680597143.2730806, 0, -0.02288351, -0.001174754, 0.02254856, 182.9388, 0, 0, 0, -65.0, -6.498836E+01, -2.994133E-08
1680597149.4726133, 0, -0.02251793, -0.001174754, 0.02254856, 182.9388, 0, 0, 0, -66.0, -6.598819E+01, -3.041785E-08
1680597155.6590714, 0, -0.02251793, -0.001174754, 0.02253247, 182.9864, 0, 0, 0, -67.0, -6.698842E+01, -3.105616E-08
1680597161.8589325, 0, -0.02251793, -0.0004439224, 0.02254856, 182.9864, 0, 0, 0, -68.0, -6.798663E+01, -3.162487E-08
1680597168.035529, 0, -0.02251793, -0.001540169, 0.02254856, 182.0585, 0, 0, 0, -69.0, -6.898787E+01, -3.261324E-08
1680597174.2443283, 0, -0.02215235, -0.001174754, 0.02184115, 183.0356, 0, 0, 0, -70.0, -6.998917E+01, -3.258069E-08
1680597180.45795, 0, -0.02215235, -0.0008093381, 0.02181843, 183.9128, 0, 0, 0, -71.0, -7.099049E+01, -3.337661E-08
1680597186.6321125, 0, -0.02215235, -0.0008093381, 0.02218348, 182.9864, 0, 0, 0, -72.0, -7.199175E+01, -3.412356E-08
1680597192.8193576, 0, -0.02215235, -0.001174754, 0.02181843, 183.9128, 0, 0, 0, -73.0, -7.299311E+01, -3.459625E-08
1680597198.9866152, 0, -0.02215235, -0.001174754, 0.02216714, 183.0356, 0, 0, 0, -74.0, -7.399379E+01, -3.470429E-08
1680597205.1783304, 0, -0.02215235, -0.001174754, 0.02184115, 183.9772, 0, 0, 0, -75.0, -7.499166E+01, -3.544119E-08
1680597211.383787, 0, -0.02215235, -0.001174754, 0.0218018, 183.0356, 0, 0, 0, -76.0, -7.599284E+01, -3.631730E-08
1680597217.6099608, 0, -0.02178678, -0.0008093381, 0.02184115, 183.0864, 0, 0, 0, -77.0, -7.699422E+01, -3.654076E-08
1680597223.8148205, 0, -0.0214212, -0.001540169, 0.02218348, 183.0356, 0, 0, 0, -78.0, -7.799546E+01, -3.712514E-08
1680597230.00034, 0, -0.02178678, -0.001174754, 0.02218348, 183.0864, 0, 0, 0, -79.0, -7.899697E+01, -3.734722E-08
1680597236.1819777, 0, -0.02178678, -0.001174754, 0.02181843, 183.9772, 0, 0, 0, -80.0, -7.999789E+01, -3.840453E-08
1680597242.4015813, 0, -0.02215235, -0.001174754, 0.02181843, 182.1638, 0, 0, 0, -81.0, -8.099487E+01, -3.845422E-08
1680597248.6424735, 0, -0.0214212, -0.0008093381, 0.02184115, 182.1275, 0, 0, 0, -82.0, -8.199496E+01, -3.900202E-08
1680597254.8317578, 0, -0.0214212, -0.001174754, 0.02147649, 183.139, 0, 0, 0, -83.0, -8.299499E+01, -3.936207E-08
1680597261.0361903, 0, -0.02178678, -0.001174754, 0.02145338, 182.1275, 0, 0, 0, -84.0, -8.399500E+01, -4.030333E-08
1680597267.2330914, 0, -0.0214212, -0.001174754, 0.02145338, 182.1638, 0, 0, 0, -85.0, -8.499488E+01, -4.050228E-08
1680597273.417919, 0, -0.0214212, -0.001174754, 0.02181843, 184.1125, 0, 0, 0, -86.0, -8.599467E+01, -4.126518E-08
1680597279.5930097, 0, -0.0214212, -0.001174754, 0.02145338, 184.1125, 0, 0, 0, -87.0, -8.699062E+01, -4.160957E-08
1680597285.7796383, 0, -0.0214212, -0.001540169, 0.02145338, 183.1934, 0, 0, 0, -88.0, -8.799062E+01, -4.206360E-08
1680597291.9541938, 0, -0.0214212, -0.001174754, 0.02145338, 184.1125, 0, 0, 0, -89.0, -8.899065E+01, -4.223102E-08
1680597298.1329844, 0, -0.0214212, -0.001174754, 0.02145338, 184.1125, 0, 0, 0, -90.0, -8.999053E+01, -4.307004E-08
1680597304.3441062, 0, -0.02105562, -0.001174754, 0.02145338, 184.1836, 0, 0, 0, -91.0, -9.099049E+01, -4.371570E-08
1680597310.557724, 0, -0.0214212, -0.001174754, 0.02108836, 184.1125, 0, 0, 0, -92.0, -9.199049E+01, -4.368848E-08
1680597316.7504537, 0, -0.0214212, -0.001174754, 0.02147649, 182.1638, 0, 0, 0, -93.0, -9.299015E+01, -4.469519E-08
1680597322.9264138, 0, -0.02105562, -0.001174754, 0.02145338, 183.1934, 0, 0, 0, -94.0, -9.398745E+01, -4.454046E-08
1680597329.1236537, 0, -0.02105562, -0.001174754, 0.02111187, 184.1125, 0, 0, 0, -95.0, -9.498893E+01, -4.540997E-08
1680597335.3089767, 0, -0.02105562, -0.0008093381, 0.02111187, 182.2013, 0, 0, 0, -96.0, -9.599031E+01, -4.595964E-08
1680597341.5088935, 0, -0.0214212, -0.001174754, 0.02074729, 183.1934, 0, 0, 0, -97.0, -9.699150E+01, -4.642447E-08
1680597347.7205126, 0, -0.02105562, -0.001174754, 0.02145338, 183.1934, 0, 0, 0, -98.0, -9.799309E+01, -4.642830E-08
1680597353.9133706, 0, -0.02105562, -0.001174754, 0.02107117, 184.1836, 0, 0, 0, -99.0, -9.899447E+01, -4.681536E-08
1680597360.1078286, 0, -0.02069004, -0.001174754, 0.02034057, 184.1836, 0, 0, 0, -100.0, -9.999255E+01, -4.746719E-08
1680597366.2901008, 0, -0.02105562, -0.001540169, 0.02108836, 183.2497, 0, 0, 0, -101.0, -1.009933E+02, -4.753114E-08
1680597372.471426, 0, -0.02105562, -0.001540169, 0.02145338, 184.2573, 0, 0, 0, -102.0, -1.019946E+02, -4.798645E-08
1680597378.6584716, 0, -0.02105562, -0.001174754, 0.02107117, 183.1934, 0, 0, 0, -103.0, -1.029959E+02, -4.889169E-08
1680597384.833358, 0, -0.02069004, -0.0008093381, 0.02108836, 183.1934, 0, 0, 0, -104.0, -1.039973E+02, -4.923323E-08
1680597391.0390823, 0, -0.02069004, -0.001540169, 0.02108836, 183.2497, 0, 0, 0, -105.0, -1.049987E+02, -4.921981E-08
1680597397.2405558, 0, -0.02105562, -0.001540169, 0.02108836, 182.2013, 0, 0, 0, -106.0, -1.060003E+02, -4.963544E-08
1680597403.420059, 0, -0.02105562, -0.001174754, 0.02072336, 184.2573, 0, 0, 0, -107.0, -1.069980E+02, -5.054008E-08
1680597409.6053386, 0, -0.02105562, -0.001174754, 0.02072336, 182.2401, 0, 0, 0, -108.0, -1.079982E+02, -5.095683E-08
1680597415.8079593, 0, -0.02069004, -0.001174754, 0.02072336, 182.2013, 0, 0, 0, -109.0, -1.089983E+02, -5.080584E-08
1680597421.995547, 0, -0.02105562, -0.001540169, 0.0206948, 182.2013, 0, 0, 0, -110.0, -1.099981E+02, -5.162403E-08
1680597428.2236302, 0, -0.02032446, -0.001174754, 0.02108836, 183.2497, 0, 0, 0, -111.0, -1.109982E+02, -5.155517E-08
1680597434.4192355, 0, -0.02069004, -0.001174754, 0.02072336, 183.2497, 0, 0, 0, -112.0, -1.119979E+02, -5.293865E-08
1680597440.6127586, 0, -0.02069004, -0.0008093381, 0.02035838, 182.2401, 0, 0, 0, -113.0, -1.129944E+02, -5.275541E-08
1680597446.7848005, 0, -0.02105562, -0.001540169, 0.02074729, 183.2497, 0, 0, 0, -114.0, -1.139936E+02, -5.253769E-08
1680597452.9943728, 0, -0.02032446, -0.0008093381, 0.02035838, 182.2401, 0, 0, 0, -115.0, -1.149933E+02, -5.336537E-08
1680597459.186208, 0, -0.02032446, -0.001540169, 0.02107117, 183.308, 0, 0, 0, -116.0, -1.159932E+02, -5.366407E-08
1680597465.351275, 0, -0.02069004, -0.0008093381, 0.02072336, 183.308, 0, 0, 0, -117.0, -1.169929E+02, -5.381886E-08
1680597471.5731976, 0, -0.02032446, -0.0008093381, 0.02072336, 183.308, 0, 0, 0, -118.0, -1.179928E+02, -5.451988E-08
1680597477.7811682, 0, -0.02032446, -0.0008093381, 0.02034057, 183.2497, 0, 0, 0, -119.0, -1.189926E+02, -5.478817E-08
1680597483.9678714, 0, -0.02032446, -0.001174754, 0.02035838, 183.308, 0, 0, 0, -120.0, -1.199893E+02, -5.452268E-08
1680597490.177496, 0, -0.02032446, -0.001174754, 0.02034057, 182.2804, 0, 0, 0, -121.0, -1.209895E+02, -5.479477E-08
1680597496.3741338, 0, -0.02032446, -0.0008093381, 0.02038273, 183.2497, 0, 0, 0, -122.0, -1.219910E+02, -5.525814E-08
1680597502.5504525, 0, -0.01995888, -0.0008093381, 0.01999342, 182.2804, 0, 0, 0, -123.0, -1.229923E+02, -5.553564E-08
1680597508.7553704, 0, -0.02032446, -0.001174754, 0.02035838, 183.2497, 0, 0, 0, -124.0, -1.239935E+02, -5.629047E-08
1680597514.9500258, 0, -0.02032446, -0.001174754, 0.02034057, 185.2622, 0, 0, 0, -125.0, -1.249949E+02, -5.612717E-08
1680597521.1202066, 0, -0.02032446, -0.001174754, 0.01999342, 182.2804, 0, 0, 0, -126.0, -1.259928E+02, -5.638530E-08
1680597527.3222203, 0, -0.02032446, -0.0008093381, 0.02034057, 183.2497, 0, 0, 0, -127.0, -1.269940E+02, -5.732332E-08
1680597533.5511162, 0, -0.02032446, -0.0008093381, 0.02034057, 181.2513, 0, 0, 0, -128.0, -1.279948E+02, -5.697066E-08
1680597539.749158, 0, -0.02032446, -0.001174754, 0.01997528, 182.2804, 0, 0, 0, -129.0, -1.289958E+02, -5.728898E-08
1680597545.9381845, 0, -0.01995888, -0.0004439224, 0.01999342, 184.4126, 0, 0, 0, -130.0, -1.299971E+02, -5.786625E-08
1680597552.1473553, 0, -0.01995888, -0.001174754, 0.01999342, 183.3685, 0, 0, 0, -131.0, -1.309983E+02, -5.845019E-08
1680597558.335214, 0, -0.02032446, -0.0008093381, 0.02035838, 182.2804, 0, 0, 0, -132.0, -1.319998E+02, -5.812849E-08
1680597564.528699, 0, -0.02032446, -0.001174754, 0.02035838, 183.3685, 0, 0, 0, -133.0, -1.329977E+02, -5.889517E-08
1680597570.734162, 0, -0.02032446, -0.001174754, 0.01997528, 183.3685, 0, 0, 0, -134.0, -1.339989E+02, -5.904432E-08
1680597576.9290488, 0, -0.0195933, -0.001174754, 0.01999342, 182.2804, 0, 0, 0, -135.0, -1.349990E+02, -5.911328E-08
1680597583.1117373, 0, -0.01995888, -0.0008093381, 0.01999342, 183.3685, 0, 0, 0, -136.0, -1.359986E+02, -5.995212E-08
1680597589.2905197, 0, -0.01995888, -0.001174754, 0.01999342, 182.3221, 0, 0, 0, -137.0, -1.369982E+02, -6.004737E-08
1680597595.493009, 0, -0.01995888, -0.001174754, 0.02001822, 183.3685, 0, 0, 0, -138.0, -1.379983E+02, -6.057119E-08
1680597601.6850924, 0, -0.01995888, -0.001174754, 0.01962849, 183.3685, 0, 0, 0, -139.0, -1.389946E+02, -6.034707E-08
1680597607.8936937, 0, -0.01995888, -0.001174754, 0.01997528, 183.308, 0, 0, 0, -140.0, -1.399941E+02, -6.125993E-08
1680597614.0582156, 0, -0.01995888, -0.001174754, 0.01962849, 182.3221, 0, 0, 0, -141.0, -1.409934E+02, -6.092687E-08
1680597620.2697563, 0, -0.0195933, -0.001540169, 0.01999342, 182.3654, 0, 0, 0, -142.0, -1.419930E+02, -6.132403E-08
1680597626.4899673, 0, -0.0195933, -0.0008093381, 0.01962849, 183.3685, 0, 0, 0, -143.0, -1.429929E+02, -6.149366E-08
1680597632.688871, 0, -0.01995888, -0.001174754, 0.01999342, 182.3221, 0, 0, 0, -144.0, -1.439924E+02, -6.226181E-08
1680597638.8811963, 0, -0.01995888, -0.001540169, 0.01999342, 182.2804, 0, 0, 0, -145.0, -1.449892E+02, -6.232816E-08
1680597645.053865, 0, -0.0195933, -0.001174754, 0.01999342, 183.3685, 0, 0, 0, -146.0, -1.459888E+02, -6.242517E-08
1680597651.2509882, 0, -0.0195933, -0.001174754, 0.01962849, 184.4126, 0, 0, 0, -147.0, -1.469884E+02, -6.319262E-08
1680597657.439978, 0, -0.01922772, -0.001174754, 0.01965374, 183.4312, 0, 0, 0, -148.0, -1.479888E+02, -6.512825E-08
1680597663.6184545, 0, -0.01995888, -0.0008093381, 0.01962849, 183.4312, 0, 0, 0, -149.0, -1.489899E+02, -6.372226E-08
1680597669.827849, 0, -0.0195933, -0.0004439224, 0.01968575, 184.4946, 0, 0, 0, -150.0, -1.499911E+02, -6.391696E-08
1680597676.0303257, 0, -0.0195933, -0.001174754, 0.01999342, 182.3654, 0, 0, 0, -151.0, -1.509923E+02, -6.405617E-08
1680597682.2126012, 0, -0.0195933, -0.001174754, 0.01965374, 182.3221, 0, 0, 0, -152.0, -1.519900E+02, -6.480280E-08
1680597688.4042614, 0, -0.01922772, -0.001540169, 0.01999342, 184.4946, 0, 0, 0, -153.0, -1.529911E+02, -6.534179E-08
1680597694.6168082, 0, -0.0195933, -0.001174754, 0.01961001, 183.4963, 0, 0, 0, -154.0, -1.539924E+02, -6.524618E-08
1680597700.8123546, 0, -0.01995888, -0.001540169, 0.01965374, 183.4312, 0, 0, 0, -155.0, -1.549930E+02, -6.564626E-08
1680597706.9774468, 0, -0.0195933, -0.0008093381, 0.01962849, 183.4312, 0, 0, 0, -156.0, -1.559939E+02, -6.584590E-08
1680597713.195429, 0, -0.01922772, -0.001174754, 0.01965374, 184.4946, 0, 0, 0, -157.0, -1.569949E+02, -6.657430E-08
1680597719.4083378, 0, -0.0195933, -0.0004439224, 0.01962849, 183.4312, 0, 0, 0, -158.0, -1.579929E+02, -6.710258E-08
1680597725.6122212, 0, -0.01922772, -0.001174754, 0.01965374, 182.4103, 0, 0, 0, -159.0, -1.589938E+02, -6.736633E-08
1680597731.7881944, 0, -0.0195933, -0.001174754, 0.01926358, 183.4312, 0, 0, 0, -160.0, -1.599951E+02, -6.764584E-08
1680597737.9750507, 0, -0.0195933, -0.001905585, 0.01961001, 183.3685, 0, 0, 0, -161.0, -1.609963E+02, -6.763427E-08
1680597744.1502035, 0, -0.0195933, -0.0008093381, 0.01962849, 182.4103, 0, 0, 0, -162.0, -1.619963E+02, -6.823074E-08
1680597750.3340478, 0, -0.0195933, -0.0008093381, 0.01926358, 183.5639, 0, 0, 0, -163.0, -1.629959E+02, -6.881492E-08
1680597756.5143025, 0, -0.0195933, -0.001174754, 0.01965374, 183.4312, 0, 0, 0, -164.0, -1.639954E+02, -6.928217E-08
1680597762.697216, 0, -0.0195933, -0.0008093381, 0.01962849, 183.3685, 0, 0, 0, -165.0, -1.649921E+02, -6.948019E-08
1680597768.8956177, 0, -0.01922772, -0.001540169, 0.01928931, 184.5797, 0, 0, 0, -166.0, -1.659917E+02, -7.007245E-08
1680597775.091542, 0, -0.0195933, -0.001540169, 0.01926358, 183.4312, 0, 0, 0, -167.0, -1.669914E+02, -6.999415E-08
1680597781.2633173, 0, -0.01922772, -0.001540169, 0.01926358, 183.4963, 0, 0, 0, -168.0, -1.679903E+02, -7.070807E-08
1680597787.4482613, 0, -0.01922772, -0.001540169, 0.01962849, 183.4963, 0, 0, 0, -169.0, -1.689900E+02, -7.129697E-08
1680597793.6474507, 0, -0.01922772, -0.001540169, 0.01926358, 183.4963, 0, 0, 0, -170.0, -1.699900E+02, -7.178905E-08
1680597799.849008, 0, -0.01922772, -0.001174754, 0.01928931, 183.4963, 0, 0, 0, -171.0, -1.709862E+02, -7.181605E-08
1680597806.0343168, 0, -0.01922772, -0.0008093381, 0.01926358, 183.4963, 0, 0, 0, -172.0, -1.719858E+02, -7.215278E-08
1680597812.2433794, 0, -0.01886214, -0.001174754, 0.01928931, 184.5797, 0, 0, 0, -173.0, -1.729857E+02, -7.293965E-08
1680597818.4529052, 0, -0.01922772, -0.001174754, 0.01889869, 183.5639, 0, 0, 0, -174.0, -1.739852E+02, -7.285968E-08
1680597824.6282125, 0, -0.01922772, -0.001174754, 0.01928931, 182.3654, 0, 0, 0, -175.0, -1.749856E+02, -7.357282E-08
1680597830.8438718, 0, -0.01922772, -0.001174754, 0.01965374, 183.4963, 0, 0, 0, -176.0, -1.759870E+02, -7.416711E-08
1680597837.0390143, 0, -0.01886214, -0.001174754, 0.01926358, 184.5797, 0, 0, 0, -177.0, -1.769881E+02, -7.457072E-08
1680597843.2439365, 0, -0.0195933, -0.001174754, 0.01889869, 183.5639, 0, 0, 0, -178.0, -1.779863E+02, -7.461050E-08
1680597849.4635167, 0, -0.01886214, -0.001540169, 0.01926358, 184.5797, 0, 0, 0, -179.0, -1.789877E+02, -7.495621E-08
1680597855.6619298, 0, -0.01886214, -0.001174754, 0.01889869, 182.4103, 0, 0, 0, -180.0, -1.799887E+02, -7.568070E-08
1680597861.8709736, 0, -0.01922772, -0.001174754, 0.0188795, 182.457, 0, 0, 0, -181.0, -1.809901E+02, -7.607013E-08
1680597868.0365093, 0, -0.01886214, -0.001540169, 0.01889869, 184.6681, 0, 0, 0, -182.0, -1.819907E+02, -7.625689E-08
1680597874.2222307, 0, -0.01922772, -0.001540169, 0.01928931, 183.5639, 0, 0, 0, -183.0, -1.829920E+02, -7.675369E-08
1680597880.4300616, 0, -0.01922772, -0.001174754, 0.01889869, 184.6681, 0, 0, 0, -184.0, -1.839899E+02, -7.722175E-08
1680597886.666395, 0, -0.01922772, -0.001174754, 0.01926358, 184.6681, 0, 0, 0, -185.0, -1.849913E+02, -7.782794E-08
1680597892.8930025, 0, -0.01886214, -0.001540169, 0.01889869, 183.4963, 0, 0, 0, -186.0, -1.859927E+02, -7.790030E-08
1680597899.0903423, 0, -0.01886214, -0.0008093381, 0.01889869, 182.457, 0, 0, 0, -187.0, -1.869939E+02, -7.839055E-08
1680597905.2692525, 0, -0.01886214, -0.001174754, 0.01928931, 183.4963, 0, 0, 0, -188.0, -1.879949E+02, -7.939275E-08
1680597911.4606276, 0, -0.01886214, -0.001174754, 0.01889869, 183.5639, 0, 0, 0, -189.0, -1.889951E+02, -7.957699E-08
1680597917.6321316, 0, -0.01886214, -0.001174754, 0.01889869, 182.457, 0, 0, 0, -190.0, -1.899951E+02, -7.997578E-08
1680597923.8315504, 0, -0.01886214, -0.001174754, 0.01889869, 184.6681, 0, 0, 0, -191.0, -1.909915E+02, -8.043060E-08
1680597930.0046313, 0, -0.01886214, -0.001540169, 0.01892492, 183.5639, 0, 0, 0, -192.0, -1.919915E+02, -8.087295E-08
1680597936.2025104, 0, -0.01886214, -0.001174754, 0.01892492, 183.5639, 0, 0, 0, -193.0, -1.929912E+02, -8.184697E-08
1680597942.4053686, 0, -0.01849656, -0.001174754, 0.01926358, 182.4103, 0, 0, 0, -194.0, -1.939911E+02, -8.236988E-08
1680597948.6075234, 0, -0.01886214, -0.001174754, 0.01926358, 184.6681, 0, 0, 0, -195.0, -1.949902E+02, -8.332795E-08
1680597954.8030682, 0, -0.01886214, -0.001174754, 0.01889869, 183.5639, 0, 0, 0, -196.0, -1.959901E+02, -8.326783E-08
1680597960.9839637, 0, -0.01849656, -0.001540169, 0.01889869, 183.5639, 0, 0, 0, -197.0, -1.969870E+02, -8.398475E-08
1680597967.1738918, 0, -0.01886214, -0.001174754, 0.01853383, 183.5639, 0, 0, 0, -198.0, -1.979864E+02, -8.478692E-08
1680597973.376103, 0, -0.01886214, -0.001540169, 0.01889869, 183.6341, 0, 0, 0, -199.0, -1.989864E+02, -8.559861E-08
1680597979.5913177, 0, -0.01886214, -0.001174754, 0.01889869, 183.6341, 0, 0, 0, -200.0, -1.999861E+02, -8.664320E-08
1680597985.792253, 0, -0.01849656, -0.001174754, 0.01889869, 183.5639, 0, 0, 0, -200.0, -1.999862E+02, -8.627222E-08
1680597992.0126245, 0, -0.01886214, -0.001540169, 0.01889869, 184.6681, 0, 0, 0, -199.0, -1.989863E+02, -8.553037E-08
1680597998.2180066, 0, -0.01922772, -0.001540169, 0.01889869, 184.6681, 0, 0, 0, -198.0, -1.979864E+02, -8.460608E-08
1680598004.425489, 0, -0.01886214, -0.0008093381, 0.01928931, 183.4963, 0, 0, 0, -197.0, -1.969868E+02, -8.266013E-08
1680598010.6220539, 0, -0.01886214, -0.001540169, 0.01892492, 184.6681, 0, 0, 0, -196.0, -1.959900E+02, -8.218725E-08
1680598016.8144958, 0, -0.01886214, -0.001540169, 0.01928931, 182.457, 0, 0, 0, -195.0, -1.949904E+02, -8.088619E-08
1680598022.9997702, 0, -0.02105562, -0.001174754, 0.02114167, 183.1934, 0, 0, 0, -194.0, -1.939911E+02, -8.019776E-08
1680598029.2078464, 0, -0.02069004, -0.001540169, 0.02108836, 184.1836, 0, 0, 0, -193.0, -1.929913E+02, -7.926492E-08
1680598035.425522, 0, -0.02105562, -0.001174754, 0.02108836, 184.1125, 0, 0, 0, -192.0, -1.919915E+02, -7.830617E-08
1680598041.6262286, 0, -0.02105562, -0.001174754, 0.02107117, 183.139, 0, 0, 0, -191.0, -1.909915E+02, -7.729755E-08
1680598047.8318372, 0, -0.02105562, -0.001174754, 0.02108836, 183.2497, 0, 0, 0, -190.0, -1.899949E+02, -7.659570E-08
1680598054.0443988, 0, -0.0214212, -0.001174754, 0.02145338, 183.1934, 0, 0, 0, -189.0, -1.889952E+02, -7.545280E-08
1680598060.2426574, 0, -0.0214212, -0.001174754, 0.02147649, 185.0835, 0, 0, 0, -188.0, -1.879951E+02, -7.524969E-08
1680598066.4495397, 0, -0.0214212, -0.001174754, 0.02181843, 182.1638, 0, 0, 0, -187.0, -1.869940E+02, -7.419197E-08
1680598072.6360416, 0, -0.0214212, -0.0008093381, 0.02108836, 183.0864, 0, 0, 0, -186.0, -1.859928E+02, -7.302103E-08
1680598078.8450701, 0, -0.0214212, -0.001174754, 0.02145338, 183.1934, 0, 0, 0, -185.0, -1.849913E+02, -7.279004E-08
1680598085.034647, 0, -0.0214212, -0.0008093381, 0.02143648, 184.1125, 0, 0, 0, -184.0, -1.839902E+02, -7.193960E-08
1680598091.2096374, 0, -0.0214212, -0.001174754, 0.02145338, 183.139, 0, 0, 0, -183.0, -1.829920E+02, -7.152385E-08
1680598097.4019952, 0, -0.0214212, -0.001174754, 0.02184115, 182.1638, 0, 0, 0, -182.0, -1.819908E+02, -7.058385E-08
1680598103.6135, 0, -0.0214212, -0.001174754, 0.02150579, 184.1125, 0, 0, 0, -181.0, -1.809903E+02, -7.004765E-08
1680598109.8164468, 0, -0.02178678, -0.001174754, 0.0218018, 184.0437, 0, 0, 0, -180.0, -1.799890E+02, -6.894779E-08
1680598115.999586, 0, -0.02178678, -0.0008093381, 0.02184115, 183.0864, 0, 0, 0, -179.0, -1.789877E+02, -6.840963E-08
1680598122.1639426, 0, -0.02178678, -0.001540169, 0.02184115, 183.139, 0, 0, 0, -178.0, -1.779865E+02, -6.766336E-08
1680598128.3868792, 0, -0.0214212, -0.0008093381, 0.02181843, 182.0924, 0, 0, 0, -177.0, -1.769883E+02, -6.702908E-08
1680598134.551505, 0, -0.02215235, -0.001540169, 0.02181843, 183.0864, 0, 0, 0, -176.0, -1.759871E+02, -6.614471E-08
1680598140.7306662, 0, -0.02178678, -0.001174754, 0.0218018, 183.0864, 0, 0, 0, -175.0, -1.749859E+02, -6.519095E-08
1680598146.9493754, 0, -0.02215235, -0.001540169, 0.02218348, 183.0356, 0, 0, 0, -174.0, -1.739853E+02, -6.521176E-08
1680598153.1167731, 0, -0.02215235, -0.001540169, 0.02220583, 183.0356, 0, 0, 0, -173.0, -1.729856E+02, -6.426856E-08
1680598159.291597, 0, -0.02251793, -0.0008093381, 0.02254856, 183.0356, 0, 0, 0, -172.0, -1.719859E+02, -6.377472E-08
1680598165.481765, 0, -0.02215235, -0.001174754, 0.02218348, 182.1275, 0, 0, 0, -171.0, -1.709862E+02, -6.321317E-08
1680598171.6781123, 0, -0.02215235, -0.001174754, 0.02254856, 184.0437, 0, 0, 0, -170.0, -1.699901E+02, -6.183098E-08
1680598177.841045, 0, -0.02251793, -0.001174754, 0.02254856, 181.148, 0, 0, 0, -169.0, -1.689902E+02, -6.129215E-08
1680598184.0287023, 0, -0.02251793, -0.001174754, 0.02218348, 182.0924, 0, 0, 0, -168.0, -1.679905E+02, -6.082310E-08
1680598190.2107003, 0, -0.02251793, -0.001174754, 0.02257054, 182.9864, 0, 0, 0, -167.0, -1.669914E+02, -6.058794E-08
1680598196.3996675, 0, -0.02288351, -0.0008093381, 0.02257054, 182.9864, 0, 0, 0, -166.0, -1.659919E+02, -5.987133E-08
1680598202.573948, 0, -0.02288351, -0.001174754, 0.02253247, 182.9864, 0, 0, 0, -165.0, -1.649922E+02, -5.934601E-08
1680598208.800048, 0, -0.02215235, -0.001174754, 0.02291365, 182.9864, 0, 0, 0, -164.0, -1.639957E+02, -5.831982E-08
1680598214.982925, 0, -0.02288351, -0.0008093381, 0.02291365, 182.9388, 0, 0, 0, -163.0, -1.629960E+02, -5.786071E-08
1680598221.1632266, 0, -0.02251793, -0.001174754, 0.02291365, 182.0256, 0, 0, 0, -162.0, -1.619963E+02, -5.735623E-08
1680598227.386742, 0, -0.02288351, -0.0008093381, 0.02291365, 183.8505, 0, 0, 0, -161.0, -1.609965E+02, -5.642610E-08
1680598233.594981, 0, -0.02288351, -0.001174754, 0.02289782, 182.9388, 0, 0, 0, -160.0, -1.599953E+02, -5.592584E-08
1680598239.7803664, 0, -0.02288351, -0.001174754, 0.02327875, 182.9388, 0, 0, 0, -159.0, -1.589942E+02, -5.504203E-08
1680598245.983072, 0, -0.02288351, -0.001174754, 0.02327875, 183.8505, 0, 0, 0, -158.0, -1.579929E+02, -5.445218E-08
1680598252.1653585, 0, -0.02288351, -0.0008093381, 0.02293528, 182.9388, 0, 0, 0, -157.0, -1.569951E+02, -5.405565E-08
1680598258.37079, 0, -0.02324909, -0.0008093381, 0.02364388, 183.8505, 0, 0, 0, -156.0, -1.559939E+02, -5.374432E-08
1680598264.5615919, 0, -0.02324909, -0.001174754, 0.02289782, 181.9938, 0, 0, 0, -155.0, -1.549931E+02, -5.255398E-08
1680598270.7552462, 0, -0.02361467, -0.001540169, 0.02327875, 182.8927, 0, 0, 0, -154.0, -1.539925E+02, -5.243852E-08
1680598276.967424, 0, -0.02324909, -0.0008093381, 0.02364388, 182.848, 0, 0, 0, -153.0, -1.529912E+02, -5.192812E-08
1680598283.1771436, 0, -0.02324909, -0.001540169, 0.02330005, 181.9938, 0, 0, 0, -152.0, -1.519903E+02, -5.092403E-08
1680598289.3614323, 0, -0.02361467, -0.001174754, 0.02362854, 183.7316, 0, 0, 0, -151.0, -1.509924E+02, -5.065857E-08
1680598295.543545, 0, -0.02361467, -0.001174754, 0.02362854, 181.9938, 0, 0, 0, -150.0, -1.499910E+02, -5.008019E-08
1680598301.7510395, 0, -0.02361467, -0.001174754, 0.02362854, 182.8927, 0, 0, 0, -149.0, -1.489900E+02, -4.897586E-08
1680598307.9736192, 0, -0.02361467, -0.001174754, 0.02364388, 182.848, 0, 0, 0, -148.0, -1.479891E+02, -4.844570E-08
1680598314.1702461, 0, -0.02398025, -0.001540169, 0.02362854, 183.7316, 0, 0, 0, -147.0, -1.469886E+02, -4.832170E-08
1680598320.3450825, 0, -0.02398025, -0.001174754, 0.02364388, 182.8046, 0, 0, 0, -146.0, -1.459888E+02, -4.779587E-08
1680598326.530933, 0, -0.02398025, -0.001540169, 0.02399391, 181.933, 0, 0, 0, -145.0, -1.449893E+02, -4.673156E-08
1680598332.7232091, 0, -0.02398025, -0.001540169, 0.02400901, 182.8046, 0, 0, 0, -144.0, -1.439926E+02, -4.659999E-08
1680598338.921089, 0, -0.02398025, -0.0008093381, 0.02437416, 183.6199, 0, 0, 0, -143.0, -1.429931E+02, -4.556258E-08
1680598345.140282, 0, -0.02398025, -0.001540169, 0.02402966, 183.6749, 0, 0, 0, -142.0, -1.419933E+02, -4.477763E-08
1680598351.327358, 0, -0.02398025, -0.001174754, 0.02402966, 182.7626, 0, 0, 0, -141.0, -1.409934E+02, -4.475242E-08
1680598357.52396, 0, -0.02434583, -0.001174754, 0.02399391, 182.7218, 0, 0, 0, -140.0, -1.399945E+02, -4.408678E-08
1680598363.7195885, 0, -0.02434583, -0.001540169, 0.02437416, 183.6199, 0, 0, 0, -139.0, -1.389947E+02, -4.332583E-08
1680598369.9178548, 0, -0.02434583, -0.001174754, 0.02437416, 182.7626, 0, 0, 0, -138.0, -1.379984E+02, -4.305047E-08
1680598376.0942564, 0, -0.02434583, -0.001540169, 0.02475936, 182.7218, 0, 0, 0, -137.0, -1.369984E+02, -4.239779E-08
1680598382.280255, 0, -0.02471141, -0.001174754, 0.02473932, 181.8759, 0, 0, 0, -136.0, -1.359987E+02, -4.202403E-08
1680598388.474366, 0, -0.02507699, -0.001540169, 0.02472466, 182.7626, 0, 0, 0, -135.0, -1.349988E+02, -4.141868E-08
1680598394.668218, 0, -0.02434583, -0.001174754, 0.02473932, 182.7218, 0, 0, 0, -134.0, -1.339989E+02, -4.086169E-08
1680598400.8464677, 0, -0.02471141, -0.001174754, 0.02473932, 182.7218, 0, 0, 0, -133.0, -1.329978E+02, -4.040208E-08
1680598407.0384016, 0, -0.02544257, -0.001174754, 0.02510449, 182.6821, 0, 0, 0, -132.0, -1.319998E+02, -3.986417E-08
1680598413.2566338, 0, -0.02507699, -0.001174754, 0.02510449, 182.6436, 0, 0, 0, -131.0, -1.309985E+02, -3.874507E-08
1680598419.4596884, 0, -0.02507699, -0.0008093381, 0.02546968, 181.8486, 0, 0, 0, -130.0, -1.299972E+02, -3.841470E-08
1680598425.6382387, 0, -0.02507699, -0.001174754, 0.02473932, 181.822, 0, 0, 0, -129.0, -1.289961E+02, -3.758036E-08
1680598431.8556254, 0, -0.02507699, -0.001540169, 0.02546968, 181.8486, 0, 0, 0, -128.0, -1.279948E+02, -3.724927E-08
1680598438.0559137, 0, -0.02580815, -0.001174754, 0.02546968, 181.822, 0, 0, 0, -127.0, -1.269940E+02, -3.711116E-08
1680598444.264714, 0, -0.02580815, -0.001540169, 0.02546968, 182.6436, 0, 0, 0, -126.0, -1.259927E+02, -3.650676E-08
1680598450.4617774, 0, -0.02580815, -0.001174754, 0.02581196, 181.822, 0, 0, 0, -125.0, -1.249948E+02, -3.592042E-08
1680598456.6558383, 0, -0.02580815, -0.001174754, 0.02548914, 180.9996, 0, 0, 0, -124.0, -1.239936E+02, -3.531849E-08
1680598462.837777, 0, -0.02580815, -0.0008093381, 0.02583487, 182.6062, 0, 0, 0, -123.0, -1.229924E+02, -3.479509E-08
1680598469.0432441, 0, -0.02580815, -0.001174754, 0.02582083, 183.4642, 0, 0, 0, -122.0, -1.219913E+02, -3.387778E-08
1680598475.2303379, 0, -0.02580815, -0.001174754, 0.02583487, 181.7962, 0, 0, 0, -121.0, -1.209897E+02, -3.375720E-08
1680598481.4140775, 0, -0.02580815, -0.0008093381, 0.026219, 182.5345, 0, 0, 0, -120.0, -1.199892E+02, -3.309366E-08
1680598487.629685, 0, -0.02617373, -0.0008093381, 0.026219, 182.5699, 0, 0, 0, -119.0, -1.189927E+02, -3.292822E-08
1680598493.8599954, 0, -0.02653931, -0.0004439224, 0.02618624, 182.5699, 0, 0, 0, -118.0, -1.179932E+02, -3.212667E-08
1680598500.0604005, 0, -0.02617373, -0.0008093381, 0.02620008, 182.5699, 0, 0, 0, -117.0, -1.169930E+02, -3.184163E-08
1680598506.2452672, 0, -0.02617373, -0.001174754, 0.02656529, 182.5345, 0, 0, 0, -116.0, -1.159936E+02, -3.080282E-08
1680598512.4639764, 0, -0.02653931, -0.001174754, 0.02656529, 182.5345, 0, 0, 0, -115.0, -1.149934E+02, -3.073819E-08
1680598518.6452494, 0, -0.02653931, -0.001540169, 0.02656529, 183.3214, 0, 0, 0, -114.0, -1.139938E+02, -2.964377E-08
1680598524.839037, 0, -0.02653931, -0.001174754, 0.02618624, 182.5345, 0, 0, 0, -113.0, -1.129947E+02, -2.910490E-08
1680598531.0334415, 0, -0.02653931, -0.001174754, 0.02658396, 182.5002, 0, 0, 0, -112.0, -1.119981E+02, -2.894308E-08
1680598537.229986, 0, -0.02653931, -0.001174754, 0.02693052, 182.5002, 0, 0, 0, -111.0, -1.109983E+02, -2.867489E-08
1680598543.391318, 0, -0.02727046, -0.001540169, 0.02694893, 183.3214, 0, 0, 0, -110.0, -1.099981E+02, -2.820123E-08
1680598549.583934, 0, -0.02690488, -0.001174754, 0.02697228, 182.5002, 0, 0, 0, -109.0, -1.089984E+02, -2.735559E-08
1680598555.7665024, 0, -0.02690488, -0.001174754, 0.02728247, 183.2325, 0, 0, 0, -108.0, -1.079985E+02, -2.693380E-08
1680598561.9458096, 0, -0.02690488, -0.001540169, 0.02731392, 183.2325, 0, 0, 0, -107.0, -1.069983E+02, -2.692971E-08
1680598568.1470034, 0, -0.02727046, -0.001174754, 0.02729575, 181.7, 0, 0, 0, -106.0, -1.060003E+02, -2.585443E-08
1680598574.3191576, 0, -0.02763604, -0.001174754, 0.02767893, 183.1898, 0, 0, 0, -105.0, -1.049988E+02, -2.534217E-08
1680598580.5284054, 0, -0.02763604, -0.0008093381, 0.02731392, 182.4341, 0, 0, 0, -104.0, -1.039974E+02, -2.546511E-08
1680598586.723829, 0, -0.02763604, -0.001174754, 0.02802625, 183.1898, 0, 0, 0, -103.0, -1.029959E+02, -2.454888E-08
1680598592.9259214, 0, -0.02763604, -0.001174754, 0.02802625, 182.4023, 0, 0, 0, -102.0, -1.019947E+02, -2.401081E-08
1680598599.1248431, 0, -0.02800162, -0.001174754, 0.02767893, 182.4023, 0, 0, 0, -101.0, -1.009934E+02, -2.387116E-08
1680598605.3290565, 0, -0.0283672, -0.0008093381, 0.02801332, 181.6343, 0, 0, 0, -100.0, -9.999262E+01, -2.371404E-08
1680598611.5343506, 0, -0.0283672, -0.001174754, 0.02839152, 182.3714, 0, 0, 0, -99.0, -9.899462E+01, -2.321748E-08
1680598617.7003438, 0, -0.0283672, -0.001174754, 0.02801332, 181.6135, 0, 0, 0, -98.0, -9.799316E+01, -2.276736E-08
1680598623.8466713, 0, -0.02873278, -0.001174754, 0.02839152, 182.3714, 0, 0, 0, -97.0, -9.699166E+01, -2.224117E-08
1680598630.053892, 0, -0.02873278, -0.001174754, 0.02875679, 182.3413, 0, 0, 0, -96.0, -9.599030E+01, -2.197543E-08
1680598636.2641158, 0, -0.02873278, -0.0008093381, 0.02875679, 181.5932, 0, 0, 0, -95.0, -9.498898E+01, -2.175994E-08
1680598642.4532738, 0, -0.02873278, -0.0008093381, 0.02875679, 182.3413, 0, 0, 0, -94.0, -9.398754E+01, -2.128940E-08
1680598648.6413589, 0, -0.02909836, -0.001174754, 0.02910961, 181.5932, 0, 0, 0, -93.0, -9.299051E+01, -2.023461E-08
1680598654.8334956, 0, -0.02909836, -0.001174754, 0.02912206, 182.9923, 0, 0, 0, -92.0, -9.199046E+01, -2.035559E-08
1680598661.0157561, 0, -0.02909836, -0.001174754, 0.02912206, 181.5932, 0, 0, 0, -91.0, -9.099049E+01, -2.005245E-08
1680598667.2344644, 0, -0.02982952, -0.001174754, 0.02910961, 182.3119, 0, 0, 0, -90.0, -8.999071E+01, -1.893815E-08
1680598673.4326699, 0, -0.02909836, -0.001174754, 0.02985264, 181.5542, 0, 0, 0, -89.0, -8.899062E+01, -1.855624E-08
1680598679.6416006, 0, -0.02946394, -0.001174754, 0.0298405, 181.5932, 0, 0, 0, -88.0, -8.799068E+01, -1.816086E-08
1680598685.8111389, 0, -0.02946394, -0.001174754, 0.02985264, 182.2553, 0, 0, 0, -87.0, -8.699078E+01, -1.776760E-08
1680598692.0070972, 0, -0.02982952, -0.001174754, 0.02950417, 181.5542, 0, 0, 0, -86.0, -8.599483E+01, -1.754211E-08
1680598698.2088041, 0, -0.0301951, -0.001174754, 0.0298405, 182.228, 0, 0, 0, -85.0, -8.499491E+01, -1.775545E-08
1680598704.3806286, 0, -0.02982952, -0.0008093381, 0.03020594, 182.2553, 0, 0, 0, -84.0, -8.399528E+01, -1.664137E-08
1680598710.5640032, 0, -0.0301951, -0.001540169, 0.03020594, 182.2014, 0, 0, 0, -83.0, -8.299493E+01, -1.642846E-08
1680598716.7715757, 0, -0.03056068, -0.001174754, 0.03057139, 182.2014, 0, 0, 0, -82.0, -8.199504E+01, -1.636550E-08
1680598722.9908533, 0, -0.03056068, -0.0008093381, 0.03058324, 182.2014, 0, 0, 0, -81.0, -8.099479E+01, -1.626240E-08
1680598729.2124586, 0, -0.03056068, -0.001174754, 0.03094856, 181.4991, 0, 0, 0, -80.0, -7.999798E+01, -1.562861E-08
1680598735.4172554, 0, -0.03129184, -0.001540169, 0.03058324, 181.4991, 0, 0, 0, -79.0, -7.899689E+01, -1.505833E-08
1680598741.6065798, 0, -0.03129184, -0.001174754, 0.03094856, 182.1754, 0, 0, 0, -78.0, -7.799539E+01, -1.514769E-08
1680598747.81182, 0, -0.03092625, -0.001174754, 0.03132971, 182.15, 0, 0, 0, -77.0, -7.699444E+01, -1.404344E-08
1680598754.0046806, 0, -0.03129184, -0.001174754, 0.03167921, 182.15, 0, 0, 0, -76.0, -7.599268E+01, -1.456282E-08
1680598760.213762, 0, -0.03165742, -0.001174754, 0.03167921, 182.1252, 0, 0, 0, -75.0, -7.499170E+01, -1.376287E-08
1680598766.418954, 0, -0.03202299, -0.001174754, 0.03169486, 182.101, 0, 0, 0, -74.0, -7.399377E+01, -1.362913E-08
1680598772.6271648, 0, -0.03165742, -0.0008093381, 0.03206001, 182.1252, 0, 0, 0, -73.0, -7.299309E+01, -1.325439E-08
1680598778.8011227, 0, -0.03238858, -0.0008093381, 0.03204454, 181.4645, 0, 0, 0, -72.0, -7.199207E+01, -1.227854E-08
1680598784.9951913, 0, -0.03238858, -0.001174754, 0.03276415, 182.101, 0, 0, 0, -71.0, -7.099075E+01, -1.199075E-08
1680598791.217506, 0, -0.03275415, -0.0008093381, 0.03276415, 181.4314, 0, 0, 0, -70.0, -6.998921E+01, -1.194954E-08
1680598797.4168153, 0, -0.03311973, -0.001174754, 0.03314056, 182.101, 0, 0, 0, -69.0, -6.898792E+01, -1.229035E-08
1680598803.6070771, 0, -0.03311973, -0.0008093381, 0.03277522, 182.0314, 0, 0, 0, -68.0, -6.798669E+01, -1.127596E-08
1680598809.789099, 0, -0.03348531, -0.001174754, 0.03349509, 182.0093, 0, 0, 0, -67.0, -6.698844E+01, -1.112884E-08
1680598815.9983327, 0, -0.03348531, -0.0008093381, 0.03314056, 182.6335, 0, 0, 0, -66.0, -6.598819E+01, -1.064056E-08
1680598822.1848485, 0, -0.03385089, -0.0008093381, 0.03386056, 181.3846, 0, 0, 0, -65.0, -6.498834E+01, -1.034216E-08
1680598828.3736155, 0, -0.03348531, -0.001540169, 0.03349509, 181.9876, 0, 0, 0, -64.0, -6.398875E+01, -1.015455E-08
1680598834.5657618, 0, -0.03421647, -0.001174754, 0.03422604, 181.355, 0, 0, 0, -63.0, -6.298856E+01, -1.004715E-08
1680598840.7666104, 0, -0.03458205, -0.001174754, 0.03459152, 181.9664, 0, 0, 0, -62.0, -6.198875E+01, -9.323390E-09
1680598846.96007, 0, -0.03494763, -0.001174754, 0.03459152, 181.3407, 0, 0, 0, -61.0, -6.099192E+01, -8.956077E-09
1680598853.1420748, 0, -0.03494763, -0.001174754, 0.03461633, 181.3129, 0, 0, 0, -60.0, -5.999206E+01, -8.658750E-09
1680598859.3477485, 0, -0.03531321, -0.001174754, 0.03532248, 182.5235, 0, 0, 0, -59.0, -5.899268E+01, -9.404120E-09
1680598865.5358639, 0, -0.03531321, -0.001174754, 0.03571201, 181.8858, 0, 0, 0, -58.0, -5.799316E+01, -8.050049E-09
1680598871.7386165, 0, -0.03567879, -0.0008093381, 0.03569812, 181.2734, 0, 0, 0, -57.0, -5.699292E+01, -8.481175E-09
1680598877.9239616, 0, -0.03640994, -0.001540169, 0.03642889, 181.848, 0, 0, 0, -56.0, -5.599281E+01, -8.560492E-09
1680598884.1344922, 0, -0.03677552, -0.0008093381, 0.03679428, 181.8297, 0, 0, 0, -55.0, -5.499287E+01, -8.322692E-09
1680598890.3626208, 0, -0.0371411, -0.001174754, 0.03715967, 181.2484, 0, 0, 0, -54.0, -5.399630E+01, -7.827387E-09
1680598896.5566452, 0, -0.03677552, -0.0008093381, 0.03715967, 181.794, 0, 0, 0, -53.0, -5.299563E+01, -7.792198E-09
1680598902.7487972, 0, -0.03750668, -0.001174754, 0.0382464, 181.2243, 0, 0, 0, -52.0, -5.199458E+01, -7.049350E-09
1680598908.9345624, 0, -0.03860342, -0.0008093381, 0.0382464, 181.7767, 0, 0, 0, -51.0, -5.099309E+01, -7.289426E-09
1680598915.1476908, 0, -0.03860342, -0.001174754, 0.03862129, 181.2126, 0, 0, 0, -50.0, -4.999220E+01, -6.048955E-09
1680598921.372187, 0, -0.038969, -0.0008093381, 0.0389774, 182.2848, 0, 0, 0, -49.0, -4.899077E+01, -6.160839E-09
1680598927.582891, 0, -0.03970016, -0.001540169, 0.0393429, 181.7107, 0, 0, 0, -48.0, -4.799271E+01, -6.564551E-09
1680598933.7982035, 0, -0.03933458, -0.001174754, 0.03935212, 181.6949, 0, 0, 0, -47.0, -4.699177E+01, -5.319891E-09
1680598939.9885075, 0, -0.04006574, -0.0008093381, 0.03971753, 182.2014, 0, 0, 0, -46.0, -4.599070E+01, -6.000078E-09
1680598946.183887, 0, -0.04006574, -0.001174754, 0.04043942, 181.6795, 0, 0, 0, -45.0, -4.498957E+01, -5.746372E-09
1680598952.3736925, 0, -0.04043131, -0.001540169, 0.04044838, 181.6643, 0, 0, 0, -44.0, -4.398816E+01, -5.207046E-09
1680598958.5787528, 0, -0.04116247, -0.0008093381, 0.04080492, 181.6494, 0, 0, 0, -43.0, -4.298696E+01, -4.660195E-09
1680598964.7701583, 0, -0.04116247, -0.0008093381, 0.04117043, 181.6348, 0, 0, 0, -42.0, -4.198589E+01, -4.274608E-09
1680598970.9623199, 0, -0.04152805, -0.0008093381, 0.04154466, 181.1165, 0, 0, 0, -41.0, -4.098766E+01, -5.151553E-09
1680598977.1609046, 0, -0.04225921, -0.001174754, 0.0419101, 181.1068, 0, 0, 0, -40.0, -3.998609E+01, -4.894263E-09
1680598983.3430898, 0, -0.04262479, -0.001174754, 0.04228727, 181.5924, 0, 0, 0, -39.0, -3.898602E+01, -3.984244E-09
1680598989.5222442, 0, -0.04299037, -0.0008093381, 0.04300642, 181.0785, 0, 0, 0, -38.0, -3.798616E+01, -3.407355E-09
1680598995.709708, 0, -0.04335595, -0.0008093381, 0.04337186, 181.5653, 0, 0, 0, -37.0, -3.698614E+01, -3.589267E-09
1680599001.891886, 0, -0.0440871, -0.001174754, 0.04337186, 181.5391, 0, 0, 0, -36.0, -3.598589E+01, -4.157321E-09
1680599008.072431, 0, -0.04445269, -0.0008093381, 0.04410275, 181.0517, 0, 0, 0, -35.0, -3.498935E+01, -2.968653E-09
1680599014.2738063, 0, -0.04481826, -0.0008093381, 0.04519911, 181.0346, 0, 0, 0, -34.0, -3.398942E+01, -2.821376E-09
1680599020.4864595, 0, -0.04518384, -0.0008093381, 0.04555159, 181.018, 0, 0, 0, -33.0, -3.298882E+01, -3.579019E-09
1680599026.681721, 0, -0.04554942, -0.001174754, 0.04555159, 181.4774, 0, 0, 0, -32.0, -3.198997E+01, -3.296074E-09
1680599032.8689342, 0, -0.04628058, -0.0008093381, 0.04628766, 181.9061, 0, 0, 0, -31.0, -3.099038E+01, -2.098066E-09
1680599039.0612102, 0, -0.04664616, -0.0008093381, 0.04665318, 180.5453, 0, 0, 0, -30.0, -2.998997E+01, -2.577613E-09
1680599045.2477508, 0, -0.04737732, -0.0008093381, 0.04738423, 181.4204, 0, 0, 0, -29.0, -2.899311E+01, -3.071147E-09
1680599051.4759214, 0, -0.04737732, -0.0008093381, 0.04811528, 180.9638, 0, 0, 0, -28.0, -2.799325E+01, -2.301942E-09
1680599057.645992, 0, -0.04810848, -0.001174754, 0.04812282, 181.3988, 0, 0, 0, -27.0, -2.699326E+01, -2.279222E-09
1680599063.8544192, 0, -0.04883964, -0.0008093381, 0.04848829, 180.5208, 0, 0, 0, -26.0, -2.599260E+01, -2.372879E-09
1680599070.0421867, 0, -0.04957079, -0.001540169, 0.04921187, 181.3677, 0, 0, 0, -25.0, -2.499165E+01, -1.150282E-09
1680599076.2141452, 0, -0.04957079, -0.0004439224, 0.04993834, 180.5131, 0, 0, 0, -24.0, -2.399026E+01, -9.838192E-10
1680599082.407557, 0, -0.05030195, -0.001174754, 0.04994293, 180.9286, 0, 0, 0, -23.0, -2.298853E+01, -2.260541E-09
1680599088.606321, 0, -0.05103311, -0.001174754, 0.05067399, 181.3282, 0, 0, 0, -22.0, -2.199053E+01, -2.060097E-09
1680599094.8085804, 0, -0.05103311, -0.0008093381, 0.05104663, 181.3187, 0, 0, 0, -21.0, -2.099901E+01, -1.343302E-09
1680599100.9820344, 0, -0.05176427, -0.0008093381, 0.05177059, 180.8958, 0, 0, 0, -20.0, -1.999866E+01, -9.210608E-10
1680599107.1625674, 0, -0.05212985, -0.0008093381, 0.0524973, 180.4845, 0, 0, 0, -19.0, -1.899929E+01, -4.114733E-10
1680599113.3643265, 0, -0.05322658, -0.0008093381, 0.05250167, 181.2644, 0, 0, 0, -18.0, -1.799886E+01, -1.606148E-09
1680599119.5657375, 0, -0.05395774, -0.0008093381, 0.05359827, 181.2473, 0, 0, 0, -17.0, -1.699878E+01, -6.013633E-10
1680599125.769051, 0, -0.05432332, -0.0008093381, 0.05433602, 180.8594, 0, 0, 0, -16.0, -1.599971E+01, -1.377714E-10
1680599131.9276433, 0, -0.05505448, -0.0008093381, 0.05543251, 180.462, 0, 0, 0, -15.0, -1.499900E+01, -4.330647E-12
1680599138.1268175, 0, -0.05578564, -0.0004439224, 0.05543251, 180.8312, 0, 0, 0, -14.0, -1.399957E+01, -8.519920E-10
1680599144.322301, 0, -0.05615122, -0.0008093381, 0.0561635, 180.8204, 0, 0, 0, -13.0, -1.299967E+01, +1.163343E-10
1680599150.5346122, 0, -0.05724796, -0.0008093381, 0.05688813, 181.1908, 0, 0, 0, -12.0, -1.199924E+01, +3.689227E-10
1680599156.7336266, 0, -0.05761353, -0.0004439224, 0.05726001, 180.4415, 0, 0, 0, -11.0, -1.099969E+01, -6.557899E-10
1680599162.9121194, 0, -0.05834469, -0.0004439224, 0.05834638, 180.7998, 0, 0, 0, -10.0, -9.999475E+00, -7.866076E-10
1680599169.1161075, 0, -0.05834469, -0.001174754, 0.05871585, 180.7849, 0, 0, 0, -9.0, -8.998952E+00, -7.663617E-10
1680599175.3096342, 0, -0.05944143, -0.0004439224, 0.05944694, 180.7801, 0, 0, 0, -8.0, -7.999718E+00, -8.659768E-10
1680599181.4887242, 0, -0.06017259, -0.0008093381, 0.05980865, 180.766, 0, 0, 0, -7.0, -6.999038E+00, +7.223344E-10
1680599187.6717014, 0, -0.06090375, -0.0008093381, 0.06054358, 181.105, 0, 0, 0, -6.0, -5.999292E+00, +2.537609E-10
1680599193.8628967, 0, -0.06163491, -0.0008093381, 0.0616365, 180.4127, 0, 0, 0, -5.0, -4.999179E+00, -9.063681E-10
1680599200.0513897, 0, -0.06236606, -0.0004439224, 0.06237131, 180.7435, 0, 0, 0, -4.0, -3.998609E+00, -8.704194E-10
1680599206.2568326, 0, -0.06309722, -0.0008093381, 0.06346796, 180.0709, 0, 0, 0, -3.0, -2.999129E+00, -3.851064E-11
1680599212.4591534, 0, -0.06492512, -0.0008093381, 0.06419906, 180.3962, 0, 0, 0, -2.0, -1.999859E+00, -1.890683E-10
1680599218.6494498, 0, -0.06565627, -0.0004439224, 0.0652922, 180.3853, 0, 0, 0, -1.0, -9.999251E-01, -4.352028E-10
1680599224.8615494, 0, -0.06638743, -0.0004439224, 0.06675449, 180.0678, 0, 0, 0, 0.0, +9.537680E-05, +1.067668E-09
