t,i,x,y,r,theta,xK,tc,therm,dc,trueGateDC,trueGateI
1680663010.1512585, 0, -0.03787226, -7.850687e-05, 0.03787486, 180.1188, 0, 0, 0, 0.0, +5.167586E-05, -2.519070E-09
1680663016.3584065, 0, -0.03823784, -7.850687e-05, 0.03860597, 180.6652, 0, 0, 0, 0.8, +8.000814E-01, -7.930643E-10
1680663022.5284107, 0, -0.038969, -7.850687e-05, 0.03824041, 180.6527, 0, 0, 0, 1.6, +1.600086E+00, -2.519259E-10
1680663028.7316296, 0, -0.038969, -0.0004439224, 0.0386035, 180.1154, 0, 0, 0, 2.4000000000000004, +2.400424E+00, +3.272669E-10
1680663034.9102743, 0, -0.038969, -7.850687e-05, 0.03933465, 180.6466, 0, 0, 0, 3.2, +3.200403E+00, +4.721648E-10
1680663041.1199899, 0, -0.03933458, 0.0002869087, 0.03970264, 179.5897, 0, 0, 0, 4.0, +3.999793E+00, -4.134390E-10
1680663047.3048744, 0, -0.04006574, -0.0004439224, 0.04043139, 180.1113, 0, 0, 0, 4.800000000000001, +4.800297E+00, +7.589299E-10
1680663053.4922175, 0, -0.04043131, -7.850687e-05, 0.04043139, 180.1123, 0, 0, 0, 5.6000000000000005, +5.600788E+00, -1.849273E-10
1680663059.7134023, 0, -0.04079689, 0.0002869087, 0.0407979, 180.1103, 0, 0, 0, 6.4, +6.399831E+00, +9.800627E-10
1680663065.886758, 0, -0.04116247, -0.0004439224, 0.04116487, 180.6179, 0, 0, 0, 7.2, +7.200191E+00, +9.433595E-10
1680663072.0998244, 0, -0.04152805, -7.850687e-05, 0.04189371, 179.6076, 0, 0, 0, 8.0, +8.000845E+00, +8.973660E-10
1680663078.305245, 0, -0.04189363, -0.0004439224, 0.04189371, 180.1074, 0, 0, 0, 8.8, +8.800102E+00, +9.582527E-10
1680663084.5009696, 0, -0.04225921, -7.850687e-05, 0.04226154, 180.1055, 0, 0, 0, 9.600000000000001, +9.600054E+00, +1.300252E-09
1680663090.7005372, 0, -0.04299037, -0.0004439224, 0.04299044, 180.5916, 0, 0, 0, 10.4, +1.040082E+01, +1.099515E-09
1680663096.8918633, 0, -0.04372153, -7.850687e-05, 0.04372378, 180.1021, 0, 0, 0, 11.200000000000001, +1.120095E+01, +9.085234E-10
1680663103.086077, 0, -0.0440871, -0.0004439224, 0.04408934, 180.5769, 0, 0, 0, 12.0, +1.200007E+01, +9.073619E-10
1680663109.272692, 0, -0.04445269, -0.0004439224, 0.0444549, 180.1004, 0, 0, 0, 12.8, +1.280062E+01, +1.410515E-09
1680663115.4579086, 0, -0.04445269, -7.850687e-05, 0.04481833, 180.5629, 0, 0, 0, 13.600000000000001, +1.360109E+01, +1.238405E-09
1680663121.6604428, 0, -0.04554942, -7.850687e-05, 0.04555159, 181.018, 0, 0, 0, 14.4, +1.440007E+01, +2.175442E-09
1680663127.8350978, 0, -0.045915, -7.850687e-05, 0.04628064, 180.554, 0, 0, 0, 15.200000000000001, +1.520024E+01, +2.118897E-09
1680663134.0506396, 0, -0.04664616, -7.850687e-05, 0.04628518, 180.5453, 0, 0, 0, 16.0, +1.600088E+01, +1.640129E-09
1680663140.2667716, 0, -0.04664616, -7.850687e-05, 0.04664827, 180.0965, 0, 0, 0, 16.8, +1.680028E+01, +2.959402E-09
1680663146.4690945, 0, -0.0477429, -0.0004439224, 0.04738423, 180.095, 0, 0, 0, 17.6, +1.759966E+01, +3.172559E-09
1680663152.6676645, 0, -0.0477429, -0.0004439224, 0.04810854, 180.5328, 0, 0, 0, 18.400000000000002, +1.840035E+01, +3.324173E-09
1680663158.8662744, 0, -0.04883964, -7.850687e-05, 0.04847412, 180.0928, 0, 0, 0, 19.200000000000003, +1.920057E+01, +3.589834E-09
1680663165.0531924, 0, -0.04883964, -7.850687e-05, 0.04920528, 180.0914, 0, 0, 0, 20.0, +1.999989E+01, +2.890137E-09
1680663171.242433, 0, -0.04920521, -7.850687e-05, 0.04920528, 179.6708, 0, 0, 0, 20.8, +2.080054E+01, +2.865297E-09
1680663177.4427404, 0, -0.04957079, -7.850687e-05, 0.04993643, 180.0901, 0, 0, 0, 21.6, +2.160266E+01, +3.472248E-09
1680663183.604476, 0, -0.05066753, -7.850687e-05, 0.05066759, 180.5057, 0, 0, 0, 22.400000000000002, +2.240303E+01, +3.422873E-09
1680663189.7655382, 0, -0.05103311, -0.0004439224, 0.0514006, 179.6802, 0, 0, 0, 23.200000000000003, +2.320359E+01, +3.354665E-09
1680663195.9558477, 0, -0.05176427, 0.0002869087, 0.05212991, 180.0869, 0, 0, 0, 24.0, +2.400378E+01, +4.732001E-09
1680663202.131391, 0, -0.05249543, -7.850687e-05, 0.05249549, 180.0857, 0, 0, 0, 24.8, +2.480411E+01, +4.744572E-09
1680663208.3368652, 0, -0.05322658, -7.850687e-05, 0.05322843, 180.0845, 0, 0, 0, 25.6, +2.560451E+01, +4.832470E-09
1680663214.521427, 0, -0.05359216, -0.0004439224, 0.0539578, 180.4714, 0, 0, 0, 26.400000000000002, +2.640509E+01, +4.465985E-09
1680663220.7244859, 0, -0.05432332, -7.850687e-05, 0.05505454, 180.4651, 0, 0, 0, 27.200000000000003, +2.720454E+01, +4.769508E-09
1680663226.9133065, 0, -0.05505448, -7.850687e-05, 0.0554208, 180.459, 0, 0, 0, 28.0, +2.800699E+01, +5.599417E-09
1680663233.0938516, 0, -0.05615122, -7.850687e-05, 0.05615297, 180.4559, 0, 0, 0, 28.8, +2.880601E+01, +6.483593E-09
1680663239.2692137, 0, -0.0565168, 0.0002869087, 0.05651685, 180.4472, 0, 0, 0, 29.6, +2.960552E+01, +5.987964E-09
1680663245.4665458, 0, -0.05761353, 0.0006523243, 0.05724968, 180.0781, 0, 0, 0, 30.400000000000002, +3.040516E+01, +6.194812E-09
1680663251.6648936, 0, -0.05797911, 0.0002869087, 0.05797982, 180.0771, 0, 0, 0, 31.200000000000003, +3.120435E+01, +7.230403E-09
1680663257.852086, 0, -0.05907585, 0.0002869087, 0.05871195, 180.0762, 0, 0, 0, 32.0, +3.200357E+01, +7.299063E-09
1680663264.0427709, 0, -0.05980701, -0.0004439224, 0.0598077, 180.0748, 0, 0, 0, 32.800000000000004, +3.280323E+01, +6.277308E-09
1680663270.2413383, 0, -0.06017259, -7.850687e-05, 0.0609038, 180.0748, 0, 0, 0, 33.6, +3.360167E+01, +8.004066E-09
1680663276.4321566, 0, -0.06126932, -7.850687e-05, 0.06126938, 179.7333, 0, 0, 0, 34.4, +3.440113E+01, +8.184859E-09
1680663282.6492057, 0, -0.06200048, 0.0002869087, 0.06273322, 179.7348, 0, 0, 0, 35.2, +3.520037E+01, +8.422400E-09
1680663288.8609288, 0, -0.0634628, 0.0002869087, 0.06382842, 180.0705, 0, 0, 0, 36.0, +3.599965E+01, +8.321573E-09
1680663295.0781345, 0, -0.06419396, -7.850687e-05, 0.06492575, 179.7454, 0, 0, 0, 36.800000000000004, +3.679922E+01, +8.050921E-09
1680663301.2679536, 0, -0.06602185, 0.0002869087, 0.06602248, 180.0685, 0, 0, 0, 37.6, +3.759843E+01, +7.960698E-09
1680663307.470849, 0, -0.06711859, -7.850687e-05, 0.06748421, 180.0667, 0, 0, 0, 38.400000000000006, +3.839766E+01, +8.744354E-09
1680663313.6563556, 0, -0.06858091, 0.0002869087, 0.06858096, 180.0656, 0, 0, 0, 39.2, +3.919665E+01, +1.025901E-08
1680663319.8669174, 0, -0.06931207, -7.850687e-05, 0.06967823, 180.0646, 0, 0, 0, 40.0, +3.999953E+01, +1.066473E-08
1680663326.0321238, 0, -0.07113996, -7.850687e-05, 0.07150612, 179.7701, 0, 0, 0, 40.800000000000004, +4.079997E+01, +1.092271E-08
1680663332.2527075, 0, -0.0722367, 0.0006523243, 0.07223964, 179.7736, 0, 0, 0, 41.6, +4.160082E+01, +9.991634E-09
1680663338.450193, 0, -0.0740646, 0.0002869087, 0.07406463, 180.0611, 0, 0, 0, 42.400000000000006, +4.240115E+01, +9.830574E-09
1680663344.634029, 0, -0.07589249, -7.850687e-05, 0.07516822, 179.7834, 0, 0, 0, 43.2, +4.320177E+01, +1.010680E-08
1680663350.839249, 0, -0.07698923, 0.0002869087, 0.07735534, 179.5145, 0, 0, 0, 44.0, +4.400188E+01, +1.159096E-08
1680663357.0267344, 0, -0.07845154, 0.0006523243, 0.07845207, 179.5236, 0, 0, 0, 44.800000000000004, +4.480245E+01, +1.073540E-08
1680663363.2160296, 0, -0.07991386, 0.0002869087, 0.0795488, 179.7933, 0, 0, 0, 45.6, +4.560291E+01, +1.167664E-08
1680663369.415594, 0, -0.08174177, 0.0006523243, 0.08137669, 179.798, 0, 0, 0, 46.400000000000006, +4.640325E+01, +1.144631E-08
1680663375.607564, 0, -0.08320408, 0.0006523243, 0.08320457, 179.5508, 0, 0, 0, 47.2, +4.720242E+01, +1.379789E-08
1680663381.8178062, 0, -0.08466639, 0.0006523243, 0.08430334, 179.5585, 0, 0, 0, 48.0, +4.800337E+01, +1.208633E-08
1680663388.0318515, 0, -0.08612871, 0.0002869087, 0.08612919, 179.566, 0, 0, 0, 48.800000000000004, +4.880370E+01, +1.273762E-08
1680663394.2374136, 0, -0.08795661, 0.0006523243, 0.08759346, 179.8131, 0, 0, 0, 49.6, +4.960343E+01, +1.507814E-08
1680663400.4394484, 0, -0.08941893, 0.00101774, 0.08978687, 179.5803, 0, 0, 0, 50.400000000000006, +5.040400E+01, +1.478370E-08
1680663406.64509, 0, -0.09124682, 0.00101774, 0.09124728, 179.5904, 0, 0, 0, 51.2, +5.120481E+01, +1.382712E-08
1680663412.8238492, 0, -0.09344029, 0.0006523243, 0.09307516, 179.8227, 0, 0, 0, 52.0, +5.200801E+01, +1.584297E-08
1680663419.0313115, 0, -0.09526819, 0.00101774, 0.09563918, 179.6092, 0, 0, 0, 52.800000000000004, +5.280871E+01, +1.516746E-08
1680663425.1914206, 0, -0.09782724, 0.00101774, 0.09746385, 179.6179, 0, 0, 0, 53.6, +5.360833E+01, +1.697443E-08
1680663431.3918052, 0, -0.09928956, 0.0006523243, 0.1000228, 179.417, 0, 0, 0, 54.400000000000006, +5.440812E+01, +1.512751E-08
1680663437.6013737, 0, -0.1022142, 0.00101774, 0.1022193, 179.4295, 0, 0, 0, 55.2, +5.520725E+01, +1.625686E-08
1680663443.7974477, 0, -0.1044077, 0.00101774, 0.1047782, 179.2436, 0, 0, 0, 56.0, +5.600614E+01, +1.843315E-08
1680663449.992784, 0, -0.1073323, 0.00101774, 0.1073371, 179.6506, 0, 0, 0, 56.800000000000004, +5.680537E+01, +1.846808E-08
1680663456.1818984, 0, -0.1095258, 0.00101774, 0.109169, 179.6576, 0, 0, 0, 57.6, +5.760485E+01, +1.888895E-08
1680663462.3604844, 0, -0.1117193, 0.0006523243, 0.1113556, 179.2883, 0, 0, 0, 58.400000000000006, +5.840427E+01, +1.807892E-08
1680663468.5595386, 0, -0.1135471, 0.00101774, 0.1135556, 179.4848, 0, 0, 0, 59.2, +5.920324E+01, +1.978099E-08
1680663474.7565684, 0, -0.1161062, 0.00101774, 0.1161107, 179.4978, 0, 0, 0, 60.0, +6.000207E+01, +1.898336E-08
1680663480.9498844, 0, -0.1182997, 0.001748571, 0.1186696, 179.5086, 0, 0, 0, 60.800000000000004, +6.080154E+01, +1.897169E-08
1680663487.1335623, 0, -0.1201276, 0.001383155, 0.1204975, 179.3423, 0, 0, 0, 61.6, +6.160047E+01, +2.102343E-08
1680663493.3314629, 0, -0.122321, 0.001748571, 0.1223335, 179.356, 0, 0, 0, 62.400000000000006, +6.239996E+01, +2.014566E-08
1680663499.5335279, 0, -0.1248801, 0.001748571, 0.1252579, 179.0358, 0, 0, 0, 63.2, +6.319881E+01, +2.261418E-08
1680663505.7404468, 0, -0.1278047, 0.001383155, 0.1278122, 179.2139, 0, 0, 0, 64.0, +6.400169E+01, +2.260706E-08
1680663511.8985162, 0, -0.1303638, 0.001748571, 0.1300154, 179.2337, 0, 0, 0, 64.8, +6.480109E+01, +2.223517E-08
1680663518.1200993, 0, -0.1332884, 0.001748571, 0.1332999, 179.2484, 0, 0, 0, 65.60000000000001, +6.560008E+01, +2.341519E-08
1680663524.3058372, 0, -0.136213, 0.001748571, 0.1358701, 179.2625, 0, 0, 0, 66.4, +6.639922E+01, +2.464447E-08
1680663530.5072489, 0, -0.1384065, 0.002113987, 0.138052, 179.2762, 0, 0, 0, 67.2, +6.719937E+01, +2.409022E-08
1680663536.7194862, 0, -0.1409656, 0.002113987, 0.1406159, 179.1386, 0, 0, 0, 68.0, +6.799970E+01, +2.515276E-08
1680663542.901872, 0, -0.1435246, 0.002113987, 0.1431747, 179.0103, 0, 0, 0, 68.8, +6.880046E+01, +2.331297E-08
1680663549.098286, 0, -0.1453525, 0.002479402, 0.1453679, 179.0252, 0, 0, 0, 69.60000000000001, +6.960015E+01, +2.680414E-08
1680663555.2762861, 0, -0.1479116, 0.002479402, 0.1479324, 178.8981, 0, 0, 0, 70.4, +7.040152E+01, +2.468874E-08
1680663561.475089, 0, -0.1497395, 0.002113987, 0.1501199, 179.0537, 0, 0, 0, 71.2, +7.120135E+01, +2.640495E-08
1680663567.6437712, 0, -0.1526641, 0.002479402, 0.1526842, 178.9324, 0, 0, 0, 72.0, +7.200212E+01, +2.527281E-08
1680663573.8690903, 0, -0.1563199, 0.002844817, 0.1559803, 178.9525, 0, 0, 0, 72.8, +7.280299E+01, +2.463209E-08
1680663580.0948591, 0, -0.1581478, 0.002844817, 0.1585328, 179.1059, 0, 0, 0, 73.60000000000001, +7.360255E+01, +2.565001E-08
1680663586.2921505, 0, -0.161438, 0.002844817, 0.1614699, 178.9858, 0, 0, 0, 74.4, +7.440215E+01, +2.896529E-08
1680663592.488388, 0, -0.1639971, 0.003575649, 0.1636562, 179.004, 0, 0, 0, 75.2, +7.520322E+01, +2.674693E-08
1680663598.6832087, 0, -0.1661905, 0.002844817, 0.1662215, 178.7647, 0, 0, 0, 76.0, +7.600699E+01, +2.722722E-08
1680663604.8765678, 0, -0.168384, 0.003575649, 0.167677, 178.7835, 0, 0, 0, 76.80000000000001, +7.680697E+01, +2.812607E-08
1680663611.0649574, 0, -0.1702119, 0.003575649, 0.1702422, 178.7939, 0, 0, 0, 77.60000000000001, +7.760699E+01, +3.159532E-08
1680663617.2753081, 0, -0.1724054, 0.002844817, 0.1724425, 178.9332, 0, 0, 0, 78.4, +7.840782E+01, +2.996964E-08
1680663623.4735804, 0, -0.1745989, 0.003941064, 0.17427, 178.7042, 0, 0, 0, 79.2, +7.920776E+01, +3.233648E-08
1680663629.658612, 0, -0.1764268, 0.003575649, 0.1761053, 178.8365, 0, 0, 0, 80.0, +8.000885E+01, +3.120258E-08
1680663635.8534977, 0, -0.1756956, 0.003575649, 0.1757249, 178.8341, 0, 0, 0, 80.0, +8.000885E+01, +3.051071E-08
1680663642.0451548, 0, -0.172771, 0.003575649, 0.1724504, 178.8169, 0, 0, 0, 79.2, +7.920875E+01, +2.919925E-08
1680663648.2547767, 0, -0.1691152, 0.003210233, 0.1691391, 178.9125, 0, 0, 0, 78.4, +7.840791E+01, +3.013270E-08
1680663654.439397, 0, -0.165825, 0.003210233, 0.1658494, 179.0193, 0, 0, 0, 77.6, +7.760764E+01, +2.929360E-08
1680663660.6350608, 0, -0.1621692, 0.002844817, 0.1621941, 179.1241, 0, 0, 0, 76.8, +7.680622E+01, +3.255901E-08
1680663666.8312087, 0, -0.1581478, 0.002844817, 0.1585328, 178.9694, 0, 0, 0, 76.0, +7.600684E+01, +2.883048E-08
1680663672.996701, 0, -0.1541264, 0.002479402, 0.1541527, 179.2142, 0, 0, 0, 75.2, +7.520288E+01, +2.846122E-08
1680663679.1582773, 0, -0.1504706, 0.002479402, 0.1504911, 178.9169, 0, 0, 0, 74.4, +7.440289E+01, +2.791976E-08
1680663685.3433275, 0, -0.147546, 0.002479402, 0.1475668, 179.0373, 0, 0, 0, 73.6, +7.360226E+01, +2.792470E-08
1680663691.5330245, 0, -0.1442558, 0.002113987, 0.1442771, 179.1604, 0, 0, 0, 72.8, +7.280219E+01, +2.834097E-08
1680663697.734722, 0, -0.1406, 0.001748571, 0.1406109, 178.9871, 0, 0, 0, 72.0, +7.200182E+01, +2.838024E-08
1680663703.901633, 0, -0.1376754, 0.001748571, 0.1373261, 179.2723, 0, 0, 0, 71.2, +7.120210E+01, +2.598140E-08
1680663710.0997515, 0, -0.1340196, 0.001748571, 0.1340425, 179.0938, 0, 0, 0, 70.4, +7.040158E+01, +2.535278E-08
1680663716.2670884, 0, -0.1299982, 0.001748571, 0.1303755, 179.3921, 0, 0, 0, 69.6, +6.960043E+01, +2.787006E-08
1680663722.4372194, 0, -0.126708, 0.001748571, 0.1270811, 179.2116, 0, 0, 0, 68.8, +6.880071E+01, +2.442024E-08
1680663728.6425462, 0, -0.1234178, 0.002113987, 0.1234302, 179.356, 0, 0, 0, 68.0, +6.799969E+01, +2.626653E-08
1680663734.8578217, 0, -0.1204932, 0.001383155, 0.1201355, 179.3403, 0, 0, 0, 67.2, +6.719927E+01, +2.675390E-08
1680663741.048904, 0, -0.1182997, 0.001383155, 0.1183078, 179.3301, 0, 0, 0, 66.4, +6.639931E+01, +2.623933E-08
1680663747.238436, 0, -0.1150095, 0.00101774, 0.1150178, 179.676, 0, 0, 0, 65.6, +6.560052E+01, +2.356484E-08
1680663753.4239695, 0, -0.112816, 0.00101774, 0.112455, 179.2976, 0, 0, 0, 64.8, +6.480079E+01, +2.522061E-08
1680663759.6066325, 0, -0.1102569, 0.00101774, 0.1098961, 179.661, 0, 0, 0, 64.0, +6.400220E+01, +2.201282E-08
1680663765.784807, 0, -0.1076979, 0.00101774, 0.1073371, 179.2642, 0, 0, 0, 63.2, +6.319955E+01, +2.129726E-08
1680663771.992692, 0, -0.1047732, 0.00101774, 0.1044126, 179.2436, 0, 0, 0, 62.4, +6.240047E+01, +2.099445E-08
1680663778.1825697, 0, -0.101483, 0.00101774, 0.1018537, 179.2219, 0, 0, 0, 61.599999999999994, +6.160099E+01, +2.089393E-08
1680663784.3815398, 0, -0.09892398, 0.00101774, 0.0992917, 179.6236, 0, 0, 0, 60.8, +6.080152E+01, +2.101883E-08
1680663790.5964346, 0, -0.09673051, 0.00101774, 0.09709651, 179.8307, 0, 0, 0, 60.0, +6.000230E+01, +1.980254E-08
1680663796.7892165, 0, -0.09453703, 0.0006523243, 0.09417696, 179.6031, 0, 0, 0, 59.2, +5.920315E+01, +2.184192E-08
1680663802.9949884, 0, -0.09197798, 0.0002869087, 0.09234586, 179.366, 0, 0, 0, 58.4, +5.840440E+01, +1.986975E-08
1680663809.216806, 0, -0.09015008, 0.0006523243, 0.09015244, 179.3558, 0, 0, 0, 57.599999999999994, +5.760531E+01, +1.937271E-08
1680663815.4257364, 0, -0.08868776, 0.0006523243, 0.08832459, 180.0507, 0, 0, 0, 56.8, +5.680554E+01, +2.009407E-08
1680663821.631273, 0, -0.08685987, 0.0006523243, 0.08722789, 179.3315, 0, 0, 0, 56.0, +5.600628E+01, +2.003737E-08
1680663827.8366914, 0, -0.08539756, 0.0006523243, 0.08539803, 179.8075, 0, 0, 0, 55.2, +5.520765E+01, +1.727780E-08
1680663834.0553877, 0, -0.08393524, 0.0002869087, 0.08357015, 179.8033, 0, 0, 0, 54.4, +5.440800E+01, +1.766816E-08
1680663840.236864, 0, -0.08174177, 0.0002869087, 0.08210738, 179.5448, 0, 0, 0, 53.599999999999994, +5.360893E+01, +1.687163E-08
1680663846.4330325, 0, -0.08027944, -7.850687e-05, 0.08027995, 179.5344, 0, 0, 0, 52.8, +5.280831E+01, +1.816526E-08
1680663852.618175, 0, -0.0791827, 0.0006523243, 0.07881983, 179.7914, 0, 0, 0, 52.0, +5.200814E+01, +1.677303E-08
1680663858.8184533, 0, -0.07772039, 0.0002869087, 0.07772312, 179.7885, 0, 0, 0, 51.2, +5.120452E+01, +1.612356E-08
1680663864.999381, 0, -0.07625807, -7.850687e-05, 0.07625861, 179.7854, 0, 0, 0, 50.4, +5.040453E+01, +1.485322E-08
1680663871.19418, 0, -0.07479575, 0.0002869087, 0.07443149, 179.5003, 0, 0, 0, 49.599999999999994, +4.960351E+01, +1.648959E-08
1680663877.4030464, 0, -0.07369901, -7.850687e-05, 0.07333399, 179.7758, 0, 0, 0, 48.8, +4.880361E+01, +1.419869E-08
1680663883.6263294, 0, -0.0722367, -7.850687e-05, 0.07187169, 179.7713, 0, 0, 0, 48.0, +4.800299E+01, +1.531750E-08
1680663889.8140578, 0, -0.07004322, 0.0002869087, 0.07041182, 179.7665, 0, 0, 0, 47.199999999999996, +4.720250E+01, +1.522425E-08
1680663896.0099447, 0, -0.06931207, -7.850687e-05, 0.06931265, 180.0649, 0, 0, 0, 46.4, +4.640293E+01, +1.417028E-08
1680663902.1886778, 0, -0.06821533, -7.850687e-05, 0.06821538, 180.0659, 0, 0, 0, 45.6, +4.560267E+01, +1.294152E-08
1680663908.3577254, 0, -0.06711859, -7.850687e-05, 0.06675363, 180.381, 0, 0, 0, 44.8, +4.480225E+01, +1.307355E-08
1680663914.596623, 0, -0.06565627, 0.0002869087, 0.06602248, 179.7496, 0, 0, 0, 44.0, +4.400172E+01, +1.319285E-08
1680663920.7903657, 0, -0.06492512, -0.0004439224, 0.06419401, 180.0697, 0, 0, 0, 43.199999999999996, +4.320166E+01, +1.151885E-08
1680663926.9904332, 0, -0.06382838, 0.0002869087, 0.06310059, 179.4077, 0, 0, 0, 42.4, +4.240098E+01, +1.255511E-08
1680663933.179407, 0, -0.06200048, -7.850687e-05, 0.06236612, 180.0721, 0, 0, 0, 41.599999999999994, +4.160038E+01, +1.201060E-08
1680663939.358794, 0, -0.06163491, 0.0002869087, 0.06163496, 179.7317, 0, 0, 0, 40.8, +4.080054E+01, +1.028168E-08
1680663945.5506673, 0, -0.06053817, 0.0002869087, 0.06126938, 180.0743, 0, 0, 0, 40.0, +3.999963E+01, +1.151750E-08
1680663951.7360575, 0, -0.05980701, -0.0004439224, 0.05981057, 180.0752, 0, 0, 0, 39.199999999999996, +3.919712E+01, +9.574562E-09
1680663957.9473288, 0, -0.05907585, -7.850687e-05, 0.05944148, 180.0762, 0, 0, 0, 38.4, +3.839733E+01, +1.066952E-08
1680663964.1594868, 0, -0.05871027, -7.850687e-05, 0.05871097, 179.7182, 0, 0, 0, 37.599999999999994, +3.759842E+01, +9.150675E-09
1680663970.3626893, 0, -0.05761353, 0.0002869087, 0.05761359, 179.7147, 0, 0, 0, 36.8, +3.679919E+01, +9.356360E-09
1680663976.5894208, 0, -0.05724796, -7.850687e-05, 0.05688243, 180.0791, 0, 0, 0, 36.0, +3.599977E+01, +8.326171E-09
1680663982.7854877, 0, -0.05615122, -7.850687e-05, 0.05651854, 180.0801, 0, 0, 0, 35.199999999999996, +3.520052E+01, +7.983464E-09
1680663988.9853897, 0, -0.05578564, -0.0004439224, 0.0557857, 180.0807, 0, 0, 0, 34.4, +3.440111E+01, +8.115792E-09
1680663995.1940622, 0, -0.0546889, 0.0002869087, 0.05505522, 179.7014, 0, 0, 0, 33.599999999999994, +3.360186E+01, +7.241511E-09
1680664001.404852, 0, -0.05432332, -7.850687e-05, 0.05432513, 180.0828, 0, 0, 0, 32.8, +3.280301E+01, +7.863104E-09
1680664007.6116831, 0, -0.05359216, -7.850687e-05, 0.053594, 180.4746, 0, 0, 0, 32.0, +3.200365E+01, +7.868048E-09
1680664013.800599, 0, -0.05286101, -7.850687e-05, 0.05322664, 180.0845, 0, 0, 0, 31.199999999999996, +3.120439E+01, +7.475467E-09
1680664020.001983, 0, -0.05249543, 0.0002869087, 0.05249621, 180.4845, 0, 0, 0, 30.4, +3.040508E+01, +6.731486E-09
1680664026.1769133, 0, -0.05139869, -7.850687e-05, 0.05176506, 180.4914, 0, 0, 0, 29.599999999999994, +2.960584E+01, +5.705792E-09
1680664032.3829255, 0, -0.05139869, -0.0004439224, 0.05176617, 179.6824, 0, 0, 0, 28.799999999999997, +2.880621E+01, +6.396708E-09
1680664038.5725691, 0, -0.05066753, 0.0002869087, 0.05103504, 180.0888, 0, 0, 0, 28.0, +2.800693E+01, +6.291947E-09
1680664044.752053, 0, -0.05030195, -7.850687e-05, 0.05030277, 180.5057, 0, 0, 0, 27.199999999999996, +2.720445E+01, +5.702863E-09
1680664050.9599617, 0, -0.04957079, -7.850687e-05, 0.04957085, 179.2516, 0, 0, 0, 26.4, +2.640530E+01, +4.657887E-09
1680664057.1426778, 0, -0.04920521, -7.850687e-05, 0.04920722, 180.0908, 0, 0, 0, 25.599999999999994, +2.560455E+01, +5.331228E-09
1680664063.3237553, 0, -0.04847405, -0.0008093381, 0.0488397, 180.0921, 0, 0, 0, 24.799999999999997, +2.480443E+01, +3.963438E-09
1680664069.496379, 0, -0.04847405, -0.0004439224, 0.04810854, 180.5247, 0, 0, 0, 24.0, +2.400391E+01, +4.621434E-09
1680664075.6997774, 0, -0.04810848, -7.850687e-05, 0.04774296, 180.5328, 0, 0, 0, 23.199999999999996, +2.320344E+01, +4.247475E-09
1680664081.8838704, 0, -0.04737732, -7.850687e-05, 0.04701383, 180.5369, 0, 0, 0, 22.4, +2.240290E+01, +4.078342E-09
1680664088.0595424, 0, -0.04701174, -7.850687e-05, 0.04701383, 180.0957, 0, 0, 0, 21.599999999999994, +2.160281E+01, +2.952438E-09
1680664094.2660246, 0, -0.04628058, 0.0002869087, 0.04664623, 180.5496, 0, 0, 0, 20.799999999999997, +2.080053E+01, +2.761547E-09
1680664100.4421234, 0, -0.045915, -7.850687e-05, 0.04628147, 180.0972, 0, 0, 0, 20.0, +1.999980E+01, +3.256468E-09
1680664106.6199157, 0, -0.04554942, -0.0004439224, 0.04554949, 180.0988, 0, 0, 0, 19.199999999999996, +1.920070E+01, +2.439136E-09
1680664112.8146331, 0, -0.04518384, -0.0004439224, 0.04518391, 181.0346, 0, 0, 0, 18.4, +1.840044E+01, +2.412226E-09
1680664119.0091445, 0, -0.04481826, -0.0008093381, 0.04482046, 180.1012, 0, 0, 0, 17.599999999999994, +1.759976E+01, +2.055637E-09
1680664125.2119727, 0, -0.04372153, -0.0004439224, 0.04408934, 180.5722, 0, 0, 0, 16.799999999999997, +1.680034E+01, +2.315947E-09
1680664131.4245272, 0, -0.04372153, -0.0004439224, 0.04372159, 180.5817, 0, 0, 0, 16.0, +1.600074E+01, +2.436914E-09
1680664137.6233137, 0, -0.04299037, -7.850687e-05, 0.04335602, 180.5916, 0, 0, 0, 15.200000000000003, +1.520018E+01, +2.256979E-09
1680664143.7986088, 0, -0.04299037, -7.850687e-05, 0.04299266, 180.5916, 0, 0, 0, 14.399999999999991, +1.440021E+01, +9.985418E-10
1680664149.9736562, 0, -0.04262479, -7.850687e-05, 0.0426271, 180.1055, 0, 0, 0, 13.599999999999994, +1.360111E+01, +8.212309E-10
1680664156.1570728, 0, -0.04225921, -0.0004439224, 0.04189598, 180.1065, 0, 0, 0, 12.799999999999997, +1.280061E+01, +1.203518E-09
1680664162.3411276, 0, -0.04152805, -0.0008093381, 0.04153042, 180.6071, 0, 0, 0, 12.0, +1.199999E+01, +1.369671E-09
1680664168.5405343, 0, -0.04152805, -0.0004439224, 0.04152812, 181.1165, 0, 0, 0, 11.200000000000003, +1.120095E+01, +5.101308E-10
1680664174.7577252, 0, -0.04116247, -7.850687e-05, 0.04116255, 180.6234, 0, 0, 0, 10.399999999999991, +1.040077E+01, +1.117741E-09
1680664180.9514565, 0, -0.04043131, -7.850687e-05, 0.04043139, 180.6234, 0, 0, 0, 9.599999999999994, +9.600091E+00, +6.132251E-10
1680664187.1368654, 0, -0.04043131, -0.0004439224, 0.04043139, 180.6291, 0, 0, 0, 8.799999999999997, +8.800104E+00, +5.842455E-10
1680664193.3196266, 0, -0.03970016, -7.850687e-05, 0.03970264, 180.6348, 0, 0, 0, 8.0, +8.000895E+00, +1.777675E-12
1680664199.485034, 0, -0.03970016, -7.850687e-05, 0.04006819, 180.6348, 0, 0, 0, 7.200000000000003, +7.200223E+00, +3.411004E-10
1680664205.6731746, 0, -0.03970016, -7.850687e-05, 0.03970841, 180.6407, 0, 0, 0, 6.3999999999999915, +6.399965E+00, -4.930593E-10
1680664211.8456795, 0, -0.038969, 0.0002869087, 0.03933708, 180.1154, 0, 0, 0, 5.599999999999994, +5.600709E+00, -1.967920E-10
1680664218.0234466, 0, -0.03860342, -0.0004439224, 0.0386035, 180.6527, 0, 0, 0, 4.799999999999997, +4.800333E+00, +1.674253E-10
1680664224.2296789, 0, -0.03860342, -0.0008093381, 0.03823792, 180.6652, 0, 0, 0, 4.0, +3.999708E+00, -5.694369E-12
1680664230.425269, 0, -0.03860342, -7.850687e-05, 0.03824041, 180.1165, 0, 0, 0, 3.1999999999999886, +3.200512E+00, -4.460548E-10
1680664236.6306987, 0, -0.03787226, -0.0008093381, 0.03787486, 180.1188, 0, 0, 0, 2.3999999999999915, +2.400564E+00, -7.741803E-10
1680664242.8329122, 0, -0.03750668, -0.0004439224, 0.03750778, 180.1188, 0, 0, 0, 1.5999999999999943, +1.600090E+00, -9.111062E-10
1680664249.0195267, 0, -0.03750668, -7.850687e-05, 0.03677561, 180.1199, 0, 0, 0, 0.7999999999999972, +8.000718E-01, -8.066801E-11
1680664255.2301428, 0, -0.0371411, -0.0004439224, 0.03750931, 180.1236, 0, 0, 0, 0.0, +4.218856E-05, -3.793590E-10
1680664261.4182143, 0, -0.03640994, -0.0008093381, 0.03714118, 179.553, 0, 0, 0, 0.0, +4.854711E-05, -7.805924E-10
1680664267.6343796, 0, -0.03677552, -0.0008093381, 0.03641894, 181.2484, 0, 0, 0, -0.8, -7.999561E-01, -5.461732E-10
1680664273.8163726, 0, -0.03604437, -7.850687e-05, 0.03641265, 180.1236, 0, 0, 0, -1.6, -1.599964E+00, -2.760588E-10
1680664280.0275087, 0, -0.03640994, -7.850687e-05, 0.03604445, 180.1248, 0, 0, 0, -2.4000000000000004, -2.399163E+00, -6.112529E-10
1680664286.2108574, 0, -0.03604437, -0.0004439224, 0.03495045, 180.7202, 0, 0, 0, -3.2, -3.199174E+00, -5.914620E-10
1680664292.4124959, 0, -0.03567879, -0.0004439224, 0.03568796, 180.7202, 0, 0, 0, -4.0, -3.998733E+00, -1.053331E-09
1680664298.5943825, 0, -0.03567879, -0.0004439224, 0.0349488, 180.7202, 0, 0, 0, -4.800000000000001, -4.799373E+00, -1.223175E-09
1680664304.807518, 0, -0.03458205, -7.850687e-05, 0.03494772, 181.3407, 0, 0, 0, -5.6000000000000005, -5.599404E+00, -1.070245E-09
1680664310.9992878, 0, -0.03458205, -0.0004439224, 0.0345849, 180.7278, 0, 0, 0, -6.4, -6.398932E+00, -1.324203E-09
1680664317.1848993, 0, -0.03421647, -0.0004439224, 0.0345849, 180.1301, 0, 0, 0, -7.2, -7.199175E+00, -1.856707E-09
1680664323.3939502, 0, -0.03385089, -0.0008093381, 0.03421935, 180.7355, 0, 0, 0, -8.0, -7.999736E+00, -2.565365E-09
1680664329.5988395, 0, -0.03385089, 0.0002869087, 0.0338538, 180.7433, 0, 0, 0, -8.8, -8.799302E+00, -2.840676E-09
1680664335.7914727, 0, -0.03385089, -0.0004439224, 0.0338538, 180.7514, 0, 0, 0, -9.600000000000001, -9.598952E+00, -2.843658E-09
1680664342.0001452, 0, -0.03275415, -0.0004439224, 0.03385098, 180.7514, 0, 0, 0, -10.4, -1.039962E+01, -3.351168E-09
1680664348.198854, 0, -0.03311973, -0.0004439224, 0.03348825, 181.4155, 0, 0, 0, -11.200000000000001, -1.119968E+01, -3.497687E-09
1680664354.3780518, 0, -0.03311973, -7.850687e-05, 0.03311982, 180.7596, 0, 0, 0, -12.0, -1.199907E+01, -3.949964E-09
1680664360.5525532, 0, -0.03275415, -7.850687e-05, 0.03312271, 180.7679, 0, 0, 0, -12.8, -1.279965E+01, -3.952690E-09
1680664366.74207, 0, -0.03275415, -7.850687e-05, 0.03275716, 181.3999, 0, 0, 0, -13.600000000000001, -1.359967E+01, -4.460199E-09
1680664372.9329557, 0, -0.03202299, -7.850687e-05, 0.03275425, 180.1373, 0, 0, 0, -14.4, -1.439905E+01, -4.660285E-09
1680664379.1197102, 0, -0.03238858, 0.0002869087, 0.03238984, 180.7853, 0, 0, 0, -15.200000000000001, -1.519912E+01, -4.961402E-09
1680664385.3225613, 0, -0.03238858, -0.0004439224, 0.03202309, 180.1405, 0, 0, 0, -16.0, -1.599960E+01, -5.225357E-09
1680664391.5177398, 0, -0.03202299, -0.0004439224, 0.03239162, 179.4866, 0, 0, 0, -16.8, -1.679920E+01, -4.957717E-09
1680664397.7162116, 0, -0.03202299, 0.0002869087, 0.03202309, 179.4866, 0, 0, 0, -17.6, -1.759873E+01, -5.998691E-09
1680664403.8913505, 0, -0.03165742, -7.850687e-05, 0.03165751, 180.8034, 0, 0, 0, -18.400000000000002, -1.839900E+01, -6.480403E-09
1680664410.0940588, 0, -0.03202299, -7.850687e-05, 0.03166053, 180.1421, 0, 0, 0, -19.200000000000003, -1.919915E+01, -6.812364E-09
1680664416.2885132, 0, -0.03165742, -7.850687e-05, 0.03166053, 180.1421, 0, 0, 0, -20.0, -1.999867E+01, -6.466469E-09
1680664422.4680054, 0, -0.03129184, -0.0004439224, 0.03165751, 180.1455, 0, 0, 0, -20.8, -2.079918E+01, -7.210769E-09
1680664428.6524043, 0, -0.03129184, -0.0004439224, 0.03129193, 180.1421, 0, 0, 0, -21.6, -2.158888E+01, -7.925084E-09
1680664434.8355608, 0, -0.03092625, -0.0004439224, 0.03129193, 181.4816, 0, 0, 0, -22.400000000000002, -2.238888E+01, -8.202728E-09
1680664441.0181332, 0, -0.03129184, -0.0004439224, 0.03129193, 181.4991, 0, 0, 0, -23.200000000000003, -2.318965E+01, -8.281283E-09
1680664447.1867316, 0, -0.03056068, -0.0004439224, 0.03092944, 180.1438, 0, 0, 0, -24.0, -2.398996E+01, -8.482531E-09
1680664453.3854373, 0, -0.03092625, -0.0004439224, 0.03093684, 180.1472, 0, 0, 0, -24.8, -2.479043E+01, -9.079857E-09
1680664459.557022, 0, -0.03056068, -0.0004439224, 0.03056078, 180.1472, 0, 0, 0, -25.6, -2.559062E+01, -9.779787E-09
1680664465.7388947, 0, -0.03092625, -0.0004439224, 0.03056078, 181.5354, 0, 0, 0, -26.400000000000002, -2.639441E+01, -1.026301E-08
1680664471.9467816, 0, -0.0301951, -0.0004439224, 0.0301952, 180.8423, 0, 0, 0, -27.200000000000003, -2.719373E+01, -1.074104E-08
1680664478.127148, 0, -0.03056068, -0.0004439224, 0.03019836, 181.5354, 0, 0, 0, -28.0, -2.799325E+01, -1.032804E-08
1680664484.306041, 0, -0.0301951, -0.0004439224, 0.03019836, 180.8423, 0, 0, 0, -28.8, -2.879244E+01, -1.136806E-08
1680664490.513939, 0, -0.02982952, -7.850687e-05, 0.02983282, 180.8423, 0, 0, 0, -29.6, -2.959176E+01, -1.163604E-08
1680664496.719145, 0, -0.02982952, -0.0004439224, 0.0301952, 180.8423, 0, 0, 0, -30.400000000000002, -3.039112E+01, -1.239824E-08
1680664502.9452817, 0, -0.02982952, -0.0004439224, 0.03019836, 180.8526, 0, 0, 0, -31.200000000000003, -3.119063E+01, -1.204310E-08
1680664509.1578076, 0, -0.02982952, -0.0004439224, 0.02983282, 180.8526, 0, 0, 0, -32.0, -3.198994E+01, -1.244387E-08
1680664515.376559, 0, -0.02946394, -0.0004439224, 0.02982962, 180.8526, 0, 0, 0, -32.800000000000004, -3.278923E+01, -1.291962E-08
1680664521.5622826, 0, -0.02946394, -0.0008093381, 0.02946728, 180.8632, 0, 0, 0, -33.6, -3.358813E+01, -1.342768E-08
1680664527.7541492, 0, -0.02946394, -7.850687e-05, 0.02946728, 180.8632, 0, 0, 0, -34.4, -3.438740E+01, -1.375804E-08
1680664533.9618444, 0, -0.02946394, -0.0004439224, 0.02946404, 180.1527, 0, 0, 0, -35.2, -3.518661E+01, -1.432472E-08
1680664540.128166, 0, -0.02946394, -7.850687e-05, 0.02946404, 180.8741, 0, 0, 0, -36.0, -3.598594E+01, -1.512870E-08
1680664546.3154616, 0, -0.02909836, -0.0004439224, 0.02910174, 180.8741, 0, 0, 0, -36.800000000000004, -3.678554E+01, -1.492129E-08
1680664552.4851136, 0, -0.02909836, -7.850687e-05, 0.02910174, 180.1546, 0, 0, 0, -37.6, -3.758796E+01, -1.533252E-08
1680664558.6608715, 0, -0.02873278, -0.0004439224, 0.02910174, 180.8632, 0, 0, 0, -38.400000000000006, -3.838738E+01, -1.592752E-08
1680664564.8490674, 0, -0.02873278, -7.850687e-05, 0.02873289, 180.8852, 0, 0, 0, -39.2, -3.918655E+01, -1.614272E-08
1680664571.0283144, 0, -0.02873278, -0.0004439224, 0.02873289, 180.1546, 0, 0, 0, -40.0, -3.998615E+01, -1.691862E-08
1680664577.2406538, 0, -0.0283672, -7.850687e-05, 0.02836865, 180.8852, 0, 0, 0, -40.800000000000004, -4.078664E+01, -1.707221E-08
1680664583.417553, 0, -0.0283672, -7.850687e-05, 0.02873289, 180.8852, 0, 0, 0, -41.6, -4.158683E+01, -1.809535E-08
1680664589.5988858, 0, -0.0283672, -7.850687e-05, 0.02837067, 181.6135, 0, 0, 0, -42.400000000000006, -4.238730E+01, -1.846225E-08
1680664595.804011, 0, -0.0283672, 0.0002869087, 0.02873289, 180.8966, 0, 0, 0, -43.2, -4.318774E+01, -1.861019E-08
1680664602.0251856, 0, -0.02800162, -7.850687e-05, 0.02837067, 180.8966, 0, 0, 0, -44.0, -4.398819E+01, -1.928992E-08
1680664608.2019966, 0, -0.02800162, -7.850687e-05, 0.02800514, 180.1586, 0, 0, 0, -44.800000000000004, -4.478846E+01, -1.973291E-08
1680664614.3872466, 0, -0.02800162, -0.0004439224, 0.02837067, 180.1607, 0, 0, 0, -45.6, -4.558908E+01, -1.934202E-08
1680664620.5954273, 0, -0.02800162, -7.850687e-05, 0.02800514, 180.9083, 0, 0, 0, -46.400000000000006, -4.638934E+01, -1.986418E-08
1680664626.8200705, 0, -0.02800162, -0.0004439224, 0.02837067, 180.9083, 0, 0, 0, -47.2, -4.718909E+01, -2.059136E-08
1680664633.0372097, 0, -0.02763604, -0.0004439224, 0.02763961, 180.9083, 0, 0, 0, -48.0, -4.799291E+01, -2.052816E-08
1680664639.202553, 0, -0.02763604, -0.0004439224, 0.02763615, 180.9326, 0, 0, 0, -48.800000000000004, -4.879315E+01, -2.163435E-08
1680664645.4068382, 0, -0.02763604, -0.0008093381, 0.02764789, 181.7, 0, 0, 0, -49.6, -4.959361E+01, -2.123550E-08
1680664651.5803134, 0, -0.02727046, -0.0004439224, 0.02728247, 180.9203, 0, 0, 0, -50.400000000000006, -5.039408E+01, -2.179874E-08
1680664657.7488756, 0, -0.02763604, -0.0004439224, 0.02763961, 181.7, 0, 0, 0, -51.2, -5.119427E+01, -2.244759E-08
1680664663.9613686, 0, -0.02727046, -0.0004439224, 0.02727408, 180.9326, 0, 0, 0, -52.0, -5.199454E+01, -2.279337E-08
1680664670.1773639, 0, -0.02727046, -0.0004439224, 0.02727408, 180.9326, 0, 0, 0, -52.800000000000004, -5.279500E+01, -2.262116E-08
1680664676.3954842, 0, -0.02727046, -0.0004439224, 0.02727408, 180.9326, 0, 0, 0, -53.6, -5.359512E+01, -2.291308E-08
1680664682.580546, 0, -0.02690488, -7.850687e-05, 0.026905, 181.7, 0, 0, 0, -54.400000000000006, -5.439425E+01, -2.308566E-08
1680664688.7401533, 0, -0.02727046, -0.0008093381, 0.02690855, 180.9453, 0, 0, 0, -55.2, -5.519360E+01, -2.294085E-08
1680664694.9280906, 0, -0.02690488, -0.0004439224, 0.02690855, 180.9453, 0, 0, 0, -56.0, -5.599281E+01, -2.331007E-08
1680664701.1177764, 0, -0.02690488, -0.0004439224, 0.02690855, 180.9453, 0, 0, 0, -56.800000000000004, -5.679235E+01, -2.371464E-08
1680664707.323016, 0, -0.02690488, -0.0004439224, 0.026905, 180.9583, 0, 0, 0, -57.6, -5.759165E+01, -2.327944E-08
1680664713.543765, 0, -0.02690488, -0.0004439224, 0.02654302, 180.1695, 0, 0, 0, -58.400000000000006, -5.839410E+01, -2.343457E-08
1680664719.7635987, 0, -0.02690488, -0.0004439224, 0.026905, 180.9583, 0, 0, 0, -59.2, -5.919322E+01, -2.397920E-08
1680664725.9728127, 0, -0.02653931, -0.0004439224, 0.02654302, 180.9583, 0, 0, 0, -60.0, -5.999171E+01, -2.404543E-08
1680664732.185059, 0, -0.02653931, -0.0004439224, 0.02654302, 180.9583, 0, 0, 0, -60.800000000000004, -6.079116E+01, -2.380683E-08
1680664738.3867285, 0, -0.02617373, -0.0004439224, 0.02617749, 180.9717, 0, 0, 0, -61.6, -6.159042E+01, -2.370314E-08
1680664744.57181, 0, -0.02617373, -7.850687e-05, 0.02654302, 180.1695, 0, 0, 0, -62.400000000000006, -6.238958E+01, -2.437899E-08
1680664750.7974372, 0, -0.02617373, -0.0004439224, 0.02618624, 180.9717, 0, 0, 0, -63.2, -6.318886E+01, -2.377422E-08
1680664756.993078, 0, -0.02580815, -7.850687e-05, 0.02617384, 180.1719, 0, 0, 0, -64.0, -6.398834E+01, -2.383702E-08
1680664763.191942, 0, -0.02617373, -7.850687e-05, 0.02617384, 180.9717, 0, 0, 0, -64.8, -6.478748E+01, -2.435731E-08
1680664769.3902552, 0, -0.02580815, -0.0004439224, 0.02618624, 180.1719, 0, 0, 0, -65.60000000000001, -6.558677E+01, -2.446890E-08
1680664775.565897, 0, -0.02617373, -0.0004439224, 0.02580827, 180.1719, 0, 0, 0, -66.4, -6.638599E+01, -2.442295E-08
1680664781.7641768, 0, -0.02580815, -7.850687e-05, 0.02617384, 180.9855, 0, 0, 0, -67.2, -6.718613E+01, -2.409078E-08
1680664787.9504452, 0, -0.02580815, -7.850687e-05, 0.02580827, 180.1768, 0, 0, 0, -68.0, -6.798642E+01, -2.412076E-08
1680664794.1639543, 0, -0.02617373, -0.0004439224, 0.02580827, 180.1743, 0, 0, 0, -68.8, -6.879016E+01, -2.479924E-08
1680664800.3807523, 0, -0.02580815, -7.850687e-05, 0.02580827, 180.9996, 0, 0, 0, -69.60000000000001, -6.959032E+01, -2.492494E-08
1680664806.5534046, 0, -0.02580815, 0.0002869087, 0.02581196, 179.3539, 0, 0, 0, -70.4, -7.039082E+01, -2.494081E-08
1680664812.753564, 0, -0.02544257, -0.0008093381, 0.02580827, 180.9996, 0, 0, 0, -71.2, -7.119133E+01, -2.463308E-08
1680664818.9678922, 0, -0.02580815, -7.850687e-05, 0.02544269, 180.1768, 0, 0, 0, -72.0, -7.199177E+01, -2.489319E-08
1680664825.1529586, 0, -0.02544257, -0.0004439224, 0.02580827, 180.9855, 0, 0, 0, -72.8, -7.279190E+01, -2.541716E-08
1680664831.3407612, 0, -0.02544257, -0.0008093381, 0.02544644, 180.9996, 0, 0, 0, -73.60000000000001, -7.359163E+01, -2.553531E-08
1680664837.5405183, 0, -0.02507699, -0.0004439224, 0.02544269, 180.9996, 0, 0, 0, -74.4, -7.439204E+01, -2.561669E-08
1680664843.7695107, 0, -0.02507699, -0.0004439224, 0.02545544, 180.9996, 0, 0, 0, -75.2, -7.519253E+01, -2.551708E-08
1680664849.9615188, 0, -0.02507699, -0.0004439224, 0.02508092, 179.3539, 0, 0, 0, -76.0, -7.599275E+01, -2.592907E-08
1680664856.1642148, 0, -0.02507699, -0.0004439224, 0.02545544, 180.1794, 0, 0, 0, -76.80000000000001, -7.679321E+01, -2.626526E-08
1680664862.3558247, 0, -0.02507699, -0.0008093381, 0.02508092, 180.9996, 0, 0, 0, -77.60000000000001, -7.759365E+01, -2.604833E-08
1680664868.5827496, 0, -0.02544257, -0.0004439224, 0.02507863, 181.0142, 0, 0, 0, -78.4, -7.839393E+01, -2.624251E-08
1680664874.7838018, 0, -0.02471141, -7.850687e-05, 0.02508092, 179.3445, 0, 0, 0, -79.2, -7.919776E+01, -2.644234E-08
1680664880.9819944, 0, -0.02471141, -0.0004439224, 0.02508092, 181.8486, 0, 0, 0, -80.0, -7.999813E+01, -2.682433E-08
1680664887.1877298, 0, -0.02507699, -0.0004439224, 0.02507863, 181.0142, 0, 0, 0, -80.0, -7.999805E+01, -2.651090E-08
1680664893.3599563, 0, -0.02471141, -0.0008093381, 0.02507711, 181.8486, 0, 0, 0, -79.2, -7.919781E+01, -2.567836E-08
1680664899.5553405, 0, -0.02507699, -0.0004439224, 0.02508092, 181.8486, 0, 0, 0, -78.4, -7.839398E+01, -2.568924E-08
1680664905.7641075, 0, -0.02507699, -0.0004439224, 0.02545544, 181.8486, 0, 0, 0, -77.6, -7.759382E+01, -2.447131E-08
1680664911.9664388, 0, -0.02544257, -0.0008093381, 0.02580827, 180.9996, 0, 0, 0, -76.8, -7.679347E+01, -2.393801E-08
1680664918.1428177, 0, -0.02544257, -0.0004439224, 0.02544269, 181.0142, 0, 0, 0, -76.0, -7.599297E+01, -2.349719E-08
1680664924.2971008, 0, -0.02580815, -0.0004439224, 0.02544644, 181.0142, 0, 0, 0, -75.2, -7.519259E+01, -2.301643E-08
1680664930.5067325, 0, -0.02544257, -0.0004439224, 0.02507711, 180.9996, 0, 0, 0, -74.4, -7.439225E+01, -2.234246E-08
1680664936.6880124, 0, -0.02580815, -0.0004439224, 0.02509005, 180.9996, 0, 0, 0, -73.6, -7.359168E+01, -2.198590E-08
1680664942.853604, 0, -0.02544257, -7.850687e-05, 0.02581196, 180.9996, 0, 0, 0, -72.8, -7.279209E+01, -2.111381E-08
1680664949.0788815, 0, -0.02544257, -7.850687e-05, 0.02581196, 180.9855, 0, 0, 0, -72.0, -7.199173E+01, -2.110635E-08
1680664955.270905, 0, -0.02580815, -0.0004439224, 0.02581196, 180.1743, 0, 0, 0, -71.2, -7.119127E+01, -2.058238E-08
1680664961.4700215, 0, -0.02580815, -7.850687e-05, 0.02581196, 180.1743, 0, 0, 0, -70.4, -7.039088E+01, -1.989553E-08
1680664967.6502705, 0, -0.02617373, -0.0004439224, 0.0261753, 180.9855, 0, 0, 0, -69.6, -6.959042E+01, -1.892514E-08
1680664973.8477669, 0, -0.02580815, -0.0004439224, 0.02617749, 180.1719, 0, 0, 0, -68.8, -6.879007E+01, -1.913386E-08
1680664980.0264194, 0, -0.02617373, -0.0008093381, 0.02617749, 180.1743, 0, 0, 0, -68.0, -6.798652E+01, -1.796434E-08
1680664986.244591, 0, -0.02580815, -0.0004439224, 0.02654302, 180.9717, 0, 0, 0, -67.2, -6.718597E+01, -1.811550E-08
1680664992.4393249, 0, -0.02653931, -0.0004439224, 0.02617384, 181.7711, 0, 0, 0, -66.4, -6.638609E+01, -1.713865E-08
1680664998.5928783, 0, -0.02653931, -0.0004439224, 0.02654302, 180.9717, 0, 0, 0, -65.6, -6.558685E+01, -1.726668E-08
1680665004.768982, 0, -0.02653931, -0.0004439224, 0.02654302, 180.9583, 0, 0, 0, -64.8, -6.478761E+01, -1.644958E-08
1680665010.9505095, 0, -0.02617373, -0.0004439224, 0.02654302, 180.9717, 0, 0, 0, -64.0, -6.398837E+01, -1.571795E-08
1680665017.1258733, 0, -0.02653931, -7.850687e-05, 0.02690855, 180.1695, 0, 0, 0, -63.2, -6.318870E+01, -1.592611E-08
1680665023.3254335, 0, -0.02653931, -0.0004439224, 0.02655164, 180.1695, 0, 0, 0, -62.4, -6.238967E+01, -1.495800E-08
1680665029.5393586, 0, -0.02690488, -0.0004439224, 0.02654302, 180.9453, 0, 0, 0, -61.599999999999994, -6.159047E+01, -1.445306E-08
1680665035.742508, 0, -0.02690488, -0.0008093381, 0.02654302, 180.9453, 0, 0, 0, -60.8, -6.079120E+01, -1.404617E-08
1680665041.9677207, 0, -0.02727046, -0.0008093381, 0.02690855, 181.723, 0, 0, 0, -60.0, -5.999184E+01, -1.362434E-08
1680665048.1779108, 0, -0.02690488, -0.0004439224, 0.02727058, 180.9453, 0, 0, 0, -59.2, -5.919332E+01, -1.354366E-08
1680665054.3786407, 0, -0.02690488, -0.0008093381, 0.02690855, 180.165, 0, 0, 0, -58.4, -5.839392E+01, -1.324012E-08
1680665060.564218, 0, -0.02727046, -0.0004439224, 0.02727408, 180.165, 0, 0, 0, -57.599999999999994, -5.759142E+01, -1.263476E-08
1680665066.7530742, 0, -0.02727046, -0.0004439224, 0.02727408, 180.165, 0, 0, 0, -56.8, -5.679220E+01, -1.260059E-08
1680665072.9451416, 0, -0.02727046, -0.0008093381, 0.02763961, 180.9203, 0, 0, 0, -56.0, -5.599288E+01, -1.222348E-08
1680665079.1204152, 0, -0.02800162, -0.0004439224, 0.02763961, 180.1628, 0, 0, 0, -55.2, -5.519371E+01, -1.138653E-08
1680665085.328683, 0, -0.02727046, -7.850687e-05, 0.02764789, 181.6775, 0, 0, 0, -54.4, -5.439420E+01, -1.153482E-08
1680665091.5518703, 0, -0.02727046, -7.850687e-05, 0.02763961, 180.9203, 0, 0, 0, -53.599999999999994, -5.359510E+01, -1.069009E-08
1680665097.7675033, 0, -0.02800162, -0.0004439224, 0.02763961, 180.9203, 0, 0, 0, -52.8, -5.279501E+01, -1.047339E-08
1680665103.9523735, 0, -0.02800162, -0.0004439224, 0.02800514, 180.9203, 0, 0, 0, -52.0, -5.199463E+01, -1.044947E-08
1680665110.1435323, 0, -0.02800162, -0.0008093381, 0.02800514, 180.9083, 0, 0, 0, -51.2, -5.119448E+01, -9.669514E-09
1680665116.3433948, 0, -0.02800162, -0.0008093381, 0.02800173, 180.9083, 0, 0, 0, -50.4, -5.039390E+01, -1.000961E-08
1680665122.5385008, 0, -0.02800162, -0.0004439224, 0.02837875, 181.6343, 0, 0, 0, -49.599999999999994, -4.959339E+01, -9.485182E-09
1680665128.715567, 0, -0.02800162, 0.0002869087, 0.02836731, 180.1607, 0, 0, 0, -48.8, -4.879299E+01, -9.368503E-09
1680665134.9301784, 0, -0.02873278, -7.850687e-05, 0.02837067, 180.1586, 0, 0, 0, -48.0, -4.799279E+01, -8.408714E-09
1680665141.135264, 0, -0.02873278, -0.0004439224, 0.02874418, 180.8966, 0, 0, 0, -47.199999999999996, -4.718925E+01, -8.083567E-09
1680665147.3594596, 0, -0.0283672, -0.0004439224, 0.02837067, 180.1566, 0, 0, 0, -46.4, -4.638937E+01, -7.840820E-09
1680665153.5426927, 0, -0.02873278, -7.850687e-05, 0.02873621, 180.1566, 0, 0, 0, -45.6, -4.558912E+01, -7.504868E-09
1680665159.7282753, 0, -0.02873278, -7.850687e-05, 0.02837067, 180.1586, 0, 0, 0, -44.8, -4.478862E+01, -7.226171E-09
1680665165.9411361, 0, -0.0283672, -7.850687e-05, 0.02873289, 181.5932, 0, 0, 0, -44.0, -4.398811E+01, -7.718587E-09
1680665172.1424692, 0, -0.02909836, -7.850687e-05, 0.02910174, 180.1546, 0, 0, 0, -43.199999999999996, -4.318796E+01, -6.743099E-09
1680665178.318993, 0, -0.02909836, -7.850687e-05, 0.02873289, 181.5542, 0, 0, 0, -42.4, -4.238740E+01, -6.979024E-09
1680665184.533425, 0, -0.02909836, 0.0002869087, 0.02910174, 180.1527, 0, 0, 0, -41.599999999999994, -4.158693E+01, -6.227104E-09
1680665190.7604492, 0, -0.02946394, -0.0004439224, 0.02946728, 180.8632, 0, 0, 0, -40.8, -4.078642E+01, -6.522160E-09
1680665196.9812129, 0, -0.02982952, -0.0004439224, 0.02946404, 180.1527, 0, 0, 0, -40.0, -3.998613E+01, -6.017983E-09
1680665203.1899297, 0, -0.02946394, -7.850687e-05, 0.0298405, 180.8632, 0, 0, 0, -39.199999999999996, -3.918658E+01, -5.440948E-09
1680665209.3789823, 0, -0.02946394, -0.0004439224, 0.02982962, 180.1527, 0, 0, 0, -38.4, -3.838719E+01, -5.221572E-09
1680665215.5629654, 0, -0.02982952, -0.0008093381, 0.02983282, 180.1508, 0, 0, 0, -37.599999999999994, -3.758783E+01, -4.926565E-09
1680665221.7560818, 0, -0.0301951, -0.0004439224, 0.02983282, 180.8526, 0, 0, 0, -36.8, -3.678527E+01, -5.245556E-09
1680665227.935991, 0, -0.02946394, -0.0004439224, 0.02946728, 180.149, 0, 0, 0, -36.0, -3.598583E+01, -4.483076E-09
1680665234.148803, 0, -0.0301951, -7.850687e-05, 0.02983282, 180.8526, 0, 0, 0, -35.199999999999996, -3.518646E+01, -4.943684E-09
1680665240.3393419, 0, -0.0301951, -0.0004439224, 0.03019836, 180.8322, 0, 0, 0, -34.4, -3.438716E+01, -4.656200E-09
1680665246.5178483, 0, -0.0301951, -7.850687e-05, 0.03019836, 180.1472, 0, 0, 0, -33.599999999999994, -3.358788E+01, -4.317675E-09
1680665252.7200217, 0, -0.03056068, -0.0004439224, 0.03092944, 180.149, 0, 0, 0, -32.8, -3.278921E+01, -3.835154E-09
1680665258.8957696, 0, -0.03056068, -0.0004439224, 0.03093684, 180.1472, 0, 0, 0, -32.0, -3.198968E+01, -4.254514E-09
1680665265.0912197, 0, -0.03092625, -0.0004439224, 0.03129193, 180.8224, 0, 0, 0, -31.199999999999996, -3.119049E+01, -4.069015E-09
1680665271.3180008, 0, -0.03129184, -7.850687e-05, 0.03092944, 180.8322, 0, 0, 0, -30.4, -3.039114E+01, -3.602606E-09
1680665277.5222223, 0, -0.03129184, -0.0004439224, 0.03129193, 180.8224, 0, 0, 0, -29.599999999999994, -2.959182E+01, -2.915908E-09
1680665283.6939301, 0, -0.03092625, -0.0008093381, 0.03129498, 180.8224, 0, 0, 0, -28.799999999999997, -2.879251E+01, -2.722637E-09
1680665289.878703, 0, -0.03165742, -0.0004439224, 0.03129498, 180.8034, 0, 0, 0, -28.0, -2.799310E+01, -2.772773E-09
1680665296.0707464, 0, -0.03129184, 0.0002869087, 0.03166053, 180.8128, 0, 0, 0, -27.199999999999996, -2.719361E+01, -3.184407E-09
1680665302.26393, 0, -0.03165742, -0.0004439224, 0.03165751, 180.8128, 0, 0, 0, -26.4, -2.639432E+01, -2.870265E-09
1680665308.4809244, 0, -0.03165742, 0.0002869087, 0.03166053, 180.8034, 0, 0, 0, -25.599999999999994, -2.559064E+01, -2.584599E-09
1680665314.6738663, 0, -0.03165742, -0.0004439224, 0.03275425, 180.1405, 0, 0, 0, -24.799999999999997, -2.479017E+01, -2.767319E-09
1680665320.86488, 0, -0.03165742, 0.0002869087, 0.03275425, 180.1405, 0, 0, 0, -24.0, -2.398980E+01, -2.588338E-09
1680665327.0651789, 0, -0.03238858, -0.0008093381, 0.03166776, 181.4645, 0, 0, 0, -23.199999999999996, -2.318966E+01, -1.754012E-09
1680665333.2712746, 0, -0.03238858, -0.0004439224, 0.03239162, 180.1373, 0, 0, 0, -22.4, -2.238890E+01, -2.375073E-09
1680665339.4666994, 0, -0.03275415, -0.0004439224, 0.03275716, 180.1389, 0, 0, 0, -21.599999999999994, -2.158888E+01, -1.412457E-09
1680665345.652291, 0, -0.03311973, -0.0004439224, 0.03275716, 180.7679, 0, 0, 0, -20.799999999999997, -2.079911E+01, -2.041544E-09
1680665351.831358, 0, -0.03311973, -7.850687e-05, 0.03348541, 180.7765, 0, 0, 0, -20.0, -1.999862E+01, -1.600878E-09
1680665358.0263052, 0, -0.03311973, -0.0004439224, 0.03275716, 180.7596, 0, 0, 0, -19.199999999999996, -1.919915E+01, -1.860038E-09
1680665364.2350552, 0, -0.03348531, -7.850687e-05, 0.03385098, 180.7679, 0, 0, 0, -18.4, -1.839911E+01, -9.570994E-10
1680665370.4272108, 0, -0.03311973, -7.850687e-05, 0.03348541, 180.7596, 0, 0, 0, -17.599999999999994, -1.759884E+01, -8.477918E-10
1680665376.5958977, 0, -0.03421647, -7.850687e-05, 0.03348825, 179.5091, 0, 0, 0, -16.799999999999997, -1.679912E+01, -1.372015E-09
1680665382.7815862, 0, -0.03458205, -7.850687e-05, 0.03421935, 179.5196, 0, 0, 0, -16.0, -1.599960E+01, -1.543475E-09
1680665388.9939346, 0, -0.03421647, -0.0004439224, 0.03495045, 180.7278, 0, 0, 0, -15.200000000000003, -1.519918E+01, -9.212526E-10
1680665395.1893585, 0, -0.03531321, -7.850687e-05, 0.03459152, 180.7278, 0, 0, 0, -14.399999999999991, -1.439910E+01, -7.931631E-10
1680665401.3781755, 0, -0.03531321, -0.0004439224, 0.03495045, 180.1301, 0, 0, 0, -13.599999999999994, -1.359971E+01, -1.104829E-09
1680665407.5873973, 0, -0.03531321, -0.0004439224, 0.03531329, 179.5345, 0, 0, 0, -12.799999999999997, -1.279964E+01, -8.678358E-10
1680665413.7756188, 0, -0.03531321, -7.850687e-05, 0.03567887, 180.1274, 0, 0, 0, -12.0, -1.199908E+01, -1.136182E-09
1680665419.9641376, 0, -0.03531321, -7.850687e-05, 0.03567887, 180.7202, 0, 0, 0, -11.200000000000003, -1.119974E+01, -2.882266E-10
1680665426.1633961, 0, -0.03640994, -0.0004439224, 0.0367782, 180.7129, 0, 0, 0, -10.399999999999991, -1.039968E+01, -5.176971E-10
1680665432.3521745, 0, -0.03640994, -0.0004439224, 0.03641003, 180.6985, 0, 0, 0, -9.599999999999994, -9.598960E+00, -7.146534E-10
1680665438.5267625, 0, -0.03677552, -7.850687e-05, 0.03641265, 180.6916, 0, 0, 0, -8.799999999999997, -8.799428E+00, +2.293150E-11
1680665444.7264407, 0, -0.03677552, -7.850687e-05, 0.03677561, 180.6916, 0, 0, 0, -8.0, -7.999849E+00, +6.478507E-11
1680665450.9189444, 0, -0.0371411, -7.850687e-05, 0.03750931, 180.1188, 0, 0, 0, -7.200000000000003, -7.199245E+00, +1.964548E-10
1680665457.1037087, 0, -0.03787226, -7.850687e-05, 0.03750931, 180.6781, 0, 0, 0, -6.3999999999999915, -6.398918E+00, +3.550270E-11
1680665463.288789, 0, -0.03823784, -0.0004439224, 0.03787234, 180.1188, 0, 0, 0, -5.599999999999994, -5.599303E+00, -4.949270E-10
1680665469.4916494, 0, -0.03823784, -0.0004439224, 0.03824041, 180.6716, 0, 0, 0, -4.799999999999997, -4.799291E+00, -6.136758E-10
1680665475.6503885, 0, -0.03860342, 0.0002869087, 0.0386035, 180.6589, 0, 0, 0, -4.0, -3.998756E+00, +2.383082E-10
