t,i,x,y,r,theta,xK,tc,therm,dc,trueGateDC,trueGateI
1680640243.665043, 0, -0.04445269, -0.0004439224, 0.04445275, 180.1012, 0, 0, 0, 0.0, +4.862345E-05, -8.024871E-10
1680640249.8651822, 0, -0.04518384, -7.850687e-05, 0.04482046, 179.1729, 0, 0, 0, 0.8, +8.000743E-01, -3.417259E-10
1680640256.029453, 0, -0.04554942, 0.0002869087, 0.04591507, 180.098, 0, 0, 0, 1.6, +1.600068E+00, +3.382681E-10
1680640262.235868, 0, -0.04664616, -7.850687e-05, 0.04665072, 180.5496, 0, 0, 0, 2.4000000000000004, +2.400584E+00, -1.446845E-09
1680640268.434816, 0, -0.04701174, -7.850687e-05, 0.0470118, 180.0957, 0, 0, 0, 3.2, +3.200462E+00, +3.866900E-10
1680640274.627288, 0, -0.0477429, 0.0002869087, 0.04737819, 180.095, 0, 0, 0, 4.0, +3.999774E+00, +3.973433E-10
1680640280.8000412, 0, -0.04810848, 0.0002869087, 0.04847412, 179.6583, 0, 0, 0, 4.800000000000001, +4.800361E+00, +7.355426E-10
1680640286.9835346, 0, -0.04920521, 0.0002869087, 0.04920528, 179.6634, 0, 0, 0, 5.6000000000000005, +5.600632E+00, +1.145490E-09
1680640293.1600454, 0, -0.04957079, -7.850687e-05, 0.04957162, 179.6684, 0, 0, 0, 6.4, +6.400004E+00, +2.614172E-10
1680640299.3588576, 0, -0.04993637, -7.850687e-05, 0.05030277, 180.0888, 0, 0, 0, 7.2, +7.200251E+00, +8.466245E-10
1680640305.5428233, 0, -0.05103311, -7.850687e-05, 0.05103391, 179.6755, 0, 0, 0, 8.0, +8.000934E+00, +3.973930E-10
1680640311.755429, 0, -0.05212985, -7.850687e-05, 0.05176617, 180.0869, 0, 0, 0, 8.8, +8.800200E+00, +5.977463E-10
1680640317.9767287, 0, -0.05286101, -7.850687e-05, 0.05213393, 179.6868, 0, 0, 0, 9.600000000000001, +9.600049E+00, +1.548821E-09
1680640324.1506371, 0, -0.05322658, 0.0002869087, 0.05322664, 179.6911, 0, 0, 0, 10.4, +1.040087E+01, +7.435176E-10
1680640330.3285909, 0, -0.05395774, 0.0002869087, 0.05432338, 180.0834, 0, 0, 0, 11.200000000000001, +1.120076E+01, +2.268991E-09
1680640336.522971, 0, -0.05505448, 0.0002869087, 0.05505522, 180.0817, 0, 0, 0, 12.0, +1.199997E+01, +1.953565E-09
1680640342.7138274, 0, -0.05542006, 0.0002869087, 0.05578638, 179.7053, 0, 0, 0, 12.8, +1.280045E+01, +2.779414E-09
1680640348.9059403, 0, -0.0565168, -7.850687e-05, 0.05651752, 179.7091, 0, 0, 0, 13.600000000000001, +1.360088E+01, +2.169266E-09
1680640355.099495, 0, -0.05761353, 0.0002869087, 0.05761425, 179.7128, 0, 0, 0, 14.4, +1.440016E+01, +1.644600E-09
1680640361.2921517, 0, -0.05834469, 0.0002869087, 0.0583454, 180.0766, 0, 0, 0, 15.200000000000001, +1.520011E+01, +2.994156E-09
1680640367.4653301, 0, -0.05834469, 0.0002869087, 0.05907655, 180.0752, 0, 0, 0, 16.0, +1.600060E+01, +3.514072E-09
1680640373.6793647, 0, -0.06017259, 0.0002869087, 0.06017264, 179.7284, 0, 0, 0, 16.8, +1.680029E+01, +2.694936E-09
1680640379.8733726, 0, -0.06163491, -7.850687e-05, 0.06127, 179.7317, 0, 0, 0, 17.6, +1.759971E+01, +2.850956E-09
1680640386.065259, 0, -0.06236606, -7.850687e-05, 0.06273504, 179.7364, 0, 0, 0, 18.400000000000002, +1.840022E+01, +3.914722E-09
1680640392.2489684, 0, -0.06419396, 0.0002869087, 0.06382902, 179.741, 0, 0, 0, 19.200000000000003, +1.920065E+01, +2.681047E-09
1680640398.412352, 0, -0.06602185, 0.0006523243, 0.0656569, 180.0681, 0, 0, 0, 20.0, +1.999986E+01, +2.986422E-09
1680640404.637831, 0, -0.06711859, 0.0006523243, 0.06675306, 179.7551, 0, 0, 0, 20.8, +2.080028E+01, +4.522746E-09
1680640410.8240805, 0, -0.06858091, 0.0002869087, 0.06858096, 180.0659, 0, 0, 0, 21.6, +2.160319E+01, +4.560457E-09
1680640417.004164, 0, -0.07040881, 0.0006523243, 0.07004327, 179.7641, 0, 0, 0, 22.400000000000002, +2.240372E+01, +3.650338E-09
1680640423.1813328, 0, -0.07150554, -7.850687e-05, 0.07150612, 179.7689, 0, 0, 0, 23.200000000000003, +2.320431E+01, +3.847052E-09
1680640429.3586495, 0, -0.07333343, 0.0002869087, 0.07260521, 179.4878, 0, 0, 0, 24.0, +2.400408E+01, +5.913640E-09
1680640435.5383995, 0, -0.07516133, 0.0006523243, 0.07443021, 179.7791, 0, 0, 0, 24.8, +2.480462E+01, +5.564279E-09
1680640441.7115405, 0, -0.07625807, 0.0002869087, 0.07626086, 179.5099, 0, 0, 0, 25.6, +2.560492E+01, +5.656170E-09
1680640447.9034934, 0, -0.07772039, 0.0002869087, 0.07772091, 179.5213, 0, 0, 0, 26.400000000000002, +2.640570E+01, +4.845726E-09
1680640454.1157737, 0, -0.07954828, 0.0002869087, 0.07918322, 179.0038, 0, 0, 0, 27.200000000000003, +2.720463E+01, +7.042576E-09
1680640460.2994704, 0, -0.08137618, 0.0006523243, 0.08138254, 179.5386, 0, 0, 0, 28.0, +2.800771E+01, +5.619865E-09
1680640466.4690506, 0, -0.08320408, 0.0002869087, 0.08284475, 179.5488, 0, 0, 0, 28.8, +2.880679E+01, +6.553408E-09
1680640472.6546657, 0, -0.08430082, 0.00101774, 0.08430696, 179.8058, 0, 0, 0, 29.6, +2.960633E+01, +5.669645E-09
1680640478.8298519, 0, -0.08576313, 0.0006523243, 0.08540362, 179.8083, 0, 0, 0, 30.400000000000002, +3.040563E+01, +7.261700E-09
1680640485.0143104, 0, -0.08795661, 0.0006523243, 0.08759694, 179.3343, 0, 0, 0, 31.200000000000003, +3.120531E+01, +6.145833E-09
1680640491.2152188, 0, -0.08905335, 0.00101774, 0.08905916, 179.5803, 0, 0, 0, 32.0, +3.200415E+01, +8.345707E-09
1680640497.4151216, 0, -0.09051566, 0.00101774, 0.09161805, 179.5904, 0, 0, 0, 32.800000000000004, +3.280309E+01, +9.308482E-09
1680640503.59867, 0, -0.09344029, 0.0006523243, 0.09380814, 179.5984, 0, 0, 0, 33.6, +3.360236E+01, +7.601299E-09
1680640509.8159757, 0, -0.09563377, 0.0006523243, 0.09563918, 179.3879, 0, 0, 0, 34.4, +3.440124E+01, +9.957289E-09
1680640516.0005693, 0, -0.09782724, 0.00101774, 0.09782942, 179.4039, 0, 0, 0, 35.2, +3.520123E+01, +7.687279E-09
1680640522.166325, 0, -0.09965514, 0.00101774, 0.09965727, 179.2048, 0, 0, 0, 36.0, +3.600066E+01, +7.814872E-09
1680640528.345678, 0, -0.1022142, 0.0006523243, 0.1014881, 179.4275, 0, 0, 0, 36.800000000000004, +3.680011E+01, +8.131551E-09
1680640534.5697937, 0, -0.1040421, 0.001383155, 0.1044223, 179.4415, 0, 0, 0, 37.6, +3.759850E+01, +1.139523E-08
1680640540.761315, 0, -0.1066011, 0.001383155, 0.1069716, 179.4511, 0, 0, 0, 38.400000000000006, +3.839867E+01, +8.887606E-09
1680640546.9502223, 0, -0.108429, 0.0006523243, 0.1088034, 179.464, 0, 0, 0, 39.2, +3.919777E+01, +9.775556E-09
1680640553.122607, 0, -0.1113537, 0.001383155, 0.1113583, 179.1003, 0, 0, 0, 40.0, +4.000090E+01, +9.843967E-09
1680640559.305067, 0, -0.1131816, 0.00101774, 0.1128295, 179.4831, 0, 0, 0, 40.800000000000004, +4.080042E+01, +1.284937E-08
1680640565.5200572, 0, -0.115375, 0.001383155, 0.1150228, 179.3109, 0, 0, 0, 41.6, +4.160068E+01, +1.337927E-08
1680640571.7042463, 0, -0.1168374, 0.001748571, 0.1175815, 179.3217, 0, 0, 0, 42.400000000000006, +4.240170E+01, +1.135754E-08
1680640577.8847082, 0, -0.1190308, 0.001383155, 0.1194092, 179.1584, 0, 0, 0, 43.2, +4.320225E+01, +1.125796E-08
1680640584.0870926, 0, -0.1212243, 0.001748571, 0.1212427, 179.1711, 0, 0, 0, 44.0, +4.400203E+01, +1.419819E-08
1680640590.2345598, 0, -0.1234178, 0.001748571, 0.1237957, 179.0216, 0, 0, 0, 44.800000000000004, +4.480236E+01, +1.447396E-08
1680640596.394151, 0, -0.1256113, 0.001748571, 0.1256189, 179.0358, 0, 0, 0, 45.6, +4.560293E+01, +1.491793E-08
1680640602.5574453, 0, -0.1281703, 0.002113987, 0.1281822, 179.0524, 0, 0, 0, 46.400000000000006, +4.640296E+01, +1.581940E-08
1680640608.7225041, 0, -0.1303638, 0.001748571, 0.1303809, 179.2294, 0, 0, 0, 47.2, +4.720314E+01, +1.409344E-08
1680640614.9193683, 0, -0.1329228, 0.002113987, 0.1329397, 179.0888, 0, 0, 0, 48.0, +4.800309E+01, +1.617985E-08
1680640621.111564, 0, -0.1354819, 0.002113987, 0.1351328, 179.1036, 0, 0, 0, 48.800000000000004, +4.880384E+01, +1.509756E-08
1680640627.3188822, 0, -0.1373098, 0.001748571, 0.1373322, 179.1156, 0, 0, 0, 49.6, +4.960449E+01, +1.408070E-08
1680640633.505201, 0, -0.1395033, 0.002479402, 0.1391598, 179.1295, 0, 0, 0, 50.400000000000006, +5.040423E+01, +1.753825E-08
1680640639.7192295, 0, -0.1413312, 0.001748571, 0.141347, 178.9923, 0, 0, 0, 51.2, +5.120462E+01, +1.771239E-08
1680640645.9251692, 0, -0.1431591, 0.002113987, 0.1431747, 179.154, 0, 0, 0, 52.0, +5.200830E+01, +1.805618E-08
1680640652.1366363, 0, -0.1453525, 0.002844817, 0.1453737, 179.0227, 0, 0, 0, 52.800000000000004, +5.280907E+01, +1.606561E-08
1680640658.3425753, 0, -0.1471804, 0.002479402, 0.1468424, 178.8899, 0, 0, 0, 53.6, +5.360823E+01, +1.944387E-08
1680640664.5009444, 0, -0.1490083, 0.002844817, 0.1486634, 179.042, 0, 0, 0, 54.400000000000006, +5.440754E+01, +1.989296E-08
1680640670.661356, 0, -0.1512018, 0.002844817, 0.150132, 178.9169, 0, 0, 0, 55.2, +5.520795E+01, +1.633107E-08
1680640676.850763, 0, -0.1530297, 0.002844817, 0.1534216, 179.0762, 0, 0, 0, 56.0, +5.600647E+01, +1.958493E-08
1680640683.0445473, 0, -0.1552232, 0.002844817, 0.155243, 178.8124, 0, 0, 0, 56.800000000000004, +5.680660E+01, +1.714139E-08
1680640689.2597613, 0, -0.1574166, 0.002844817, 0.1578149, 178.9646, 0, 0, 0, 57.6, +5.760587E+01, +1.806417E-08
1680640695.459098, 0, -0.1603413, 0.002844817, 0.1596424, 178.8504, 0, 0, 0, 58.400000000000006, +5.840425E+01, +2.188206E-08
1680640701.6440506, 0, -0.1618036, 0.002844817, 0.1618354, 178.8634, 0, 0, 0, 59.2, +5.920413E+01, +1.949972E-08
1680640707.8059916, 0, -0.1636315, 0.003575649, 0.163663, 179.0017, 0, 0, 0, 60.0, +6.000301E+01, +1.881813E-08
1680640714.0342643, 0, -0.1654594, 0.002844817, 0.1654838, 178.8885, 0, 0, 0, 60.800000000000004, +6.080188E+01, +2.054325E-08
1680640720.2099626, 0, -0.1672873, 0.003941064, 0.16696, 178.7755, 0, 0, 0, 61.6, +6.160049E+01, +2.406899E-08
1680640726.3999166, 0, -0.1691152, 0.003575649, 0.1687875, 178.9101, 0, 0, 0, 62.400000000000006, +6.240067E+01, +2.162861E-08
1680640732.5949185, 0, -0.1705775, 0.003941064, 0.1702575, 178.7991, 0, 0, 0, 63.2, +6.319917E+01, +2.467709E-08
1680640738.7795722, 0, -0.1724054, 0.003575649, 0.1720849, 178.9287, 0, 0, 0, 64.0, +6.400214E+01, +2.476827E-08
1680640744.9565122, 0, -0.1738677, 0.003210233, 0.1739045, 178.7015, 0, 0, 0, 64.8, +6.480199E+01, +2.225865E-08
1680640751.158382, 0, -0.17533, 0.003941064, 0.1750088, 178.7096, 0, 0, 0, 65.60000000000001, +6.560172E+01, +2.170209E-08
1680640757.3722045, 0, -0.1767923, 0.003575649, 0.1764708, 178.8389, 0, 0, 0, 66.4, +6.640068E+01, +2.265965E-08
1680640763.5656996, 0, -0.1786202, 0.003575649, 0.1779412, 178.8461, 0, 0, 0, 67.2, +6.720041E+01, +2.415677E-08
1680640769.8007517, 0, -0.1789858, 0.00430648, 0.1790376, 178.736, 0, 0, 0, 68.0, +6.800123E+01, +2.305614E-08
1680640775.9660559, 0, -0.1808137, 0.003941064, 0.1804912, 178.7513, 0, 0, 0, 68.8, +6.880106E+01, +2.497918E-08
1680640782.1233335, 0, -0.1819105, 0.003941064, 0.1823186, 178.7614, 0, 0, 0, 69.60000000000001, +6.960130E+01, +2.603434E-08
1680640788.3232388, 0, -0.1841039, 0.00430648, 0.1837806, 178.6573, 0, 0, 0, 70.4, +7.040221E+01, +2.492575E-08
1680640794.5547025, 0, -0.1844695, 0.00430648, 0.1845198, 178.7785, 0, 0, 0, 71.2, +7.120272E+01, +2.488034E-08
1680640800.7498143, 0, -0.1862974, 0.003941064, 0.1863472, 178.6758, 0, 0, 0, 72.0, +7.200264E+01, +2.730881E-08
1680640806.9167182, 0, -0.1877597, 0.003941064, 0.1874436, 178.6835, 0, 0, 0, 72.8, +7.280318E+01, +2.673441E-08
1680640813.1094787, 0, -0.1888565, 0.00430648, 0.1889056, 178.5802, 0, 0, 0, 73.60000000000001, +7.360155E+01, +3.219610E-08
1680640819.2994063, 0, -0.1899532, 0.004671895, 0.1903675, 178.7012, 0, 0, 0, 74.4, +7.440237E+01, +3.079826E-08
1680640825.4694614, 0, -0.1914155, 0.00430648, 0.191107, 178.7087, 0, 0, 0, 75.2, +7.520230E+01, +3.279525E-08
1680640831.6816258, 0, -0.1925122, 0.005037311, 0.1922127, 178.7161, 0, 0, 0, 76.0, +7.600689E+01, +2.917592E-08
1680640837.8653553, 0, -0.193609, 0.005037311, 0.1932914, 178.6151, 0, 0, 0, 76.80000000000001, +7.680649E+01, +3.342917E-08
1680640844.068763, 0, -0.1939746, 0.004671895, 0.1943963, 178.7281, 0, 0, 0, 77.60000000000001, +7.760740E+01, +3.190189E-08
1680640850.2482965, 0, -0.1947057, 0.004671895, 0.1947533, 178.6229, 0, 0, 0, 78.4, +7.840833E+01, +3.009427E-08
1680640856.4142635, 0, -0.1954369, 0.004671895, 0.1954927, 178.6306, 0, 0, 0, 79.2, +7.920881E+01, +2.971385E-08
1680640862.6083462, 0, -0.196168, 0.005037311, 0.1962237, 178.529, 0, 0, 0, 80.0, +8.000919E+01, +3.038418E-08
1680640868.8012035, 0, -0.1958025, 0.005037311, 0.1958673, 178.7377, 0, 0, 0, 80.0, +8.000836E+01, +3.332333E-08
1680640874.9833698, 0, -0.193609, 0.00430648, 0.1936654, 178.6151, 0, 0, 0, 79.2, +7.920792E+01, +3.333651E-08
1680640881.1530228, 0, -0.1910499, 0.00430648, 0.190733, 178.7037, 0, 0, 0, 78.4, +7.840866E+01, +2.917609E-08
1680640887.3377244, 0, -0.1873941, 0.00430648, 0.1874524, 178.7928, 0, 0, 0, 77.6, +7.760831E+01, +2.899008E-08
1680640893.5298965, 0, -0.1841039, 0.00430648, 0.1837888, 178.5434, 0, 0, 0, 76.8, +7.680775E+01, +2.855449E-08
1680640899.6859455, 0, -0.1804481, 0.003941064, 0.1801257, 178.8648, 0, 0, 0, 76.0, +7.600719E+01, +2.837973E-08
1680640905.8924122, 0, -0.1771579, 0.003941064, 0.177194, 178.7229, 0, 0, 0, 75.2, +7.520306E+01, +3.014489E-08
1680640912.1085634, 0, -0.1738677, 0.003575649, 0.1739045, 178.7015, 0, 0, 0, 74.4, +7.440348E+01, +2.723852E-08
1680640918.311263, 0, -0.1705775, 0.003210233, 0.1702422, 178.9218, 0, 0, 0, 73.6, +7.360207E+01, +3.037313E-08
1680640924.4880157, 0, -0.1669217, 0.003575649, 0.1669526, 178.9006, 0, 0, 0, 72.8, +7.280213E+01, +3.124778E-08
1680640930.6721268, 0, -0.1632659, 0.003210233, 0.1632907, 178.8735, 0, 0, 0, 72.0, +7.200246E+01, +2.781311E-08
1680640936.845202, 0, -0.1596101, 0.002479402, 0.160001, 178.9765, 0, 0, 0, 71.2, +7.120246E+01, +2.594670E-08
1680640943.0752132, 0, -0.1555887, 0.002479402, 0.1559803, 179.087, 0, 0, 0, 70.4, +7.040218E+01, +2.535358E-08
1680640949.2598717, 0, -0.1515674, 0.002479402, 0.1515877, 179.0628, 0, 0, 0, 69.6, +6.960124E+01, +2.654142E-08
1680640955.4606454, 0, -0.1479116, 0.002479402, 0.1479324, 179.0396, 0, 0, 0, 68.8, +6.880019E+01, +2.865166E-08
1680640961.6717105, 0, -0.1453525, 0.002113987, 0.1450024, 179.0227, 0, 0, 0, 68.0, +6.800050E+01, +2.603468E-08
1680640967.8487105, 0, -0.1420623, 0.002113987, 0.1420839, 179.0001, 0, 0, 0, 67.2, +6.719977E+01, +2.726594E-08
1680640974.032846, 0, -0.1384065, 0.001748571, 0.1384227, 179.1249, 0, 0, 0, 66.4, +6.639973E+01, +2.640673E-08
1680640980.2143009, 0, -0.1351163, 0.001748571, 0.1351276, 179.2605, 0, 0, 0, 65.6, +6.560115E+01, +2.366797E-08
1680640986.388669, 0, -0.1325573, 0.001383155, 0.1318377, 179.3988, 0, 0, 0, 64.8, +6.480198E+01, +2.247380E-08
1680640992.5970173, 0, -0.1289015, 0.001383155, 0.1289133, 179.2228, 0, 0, 0, 64.0, +6.400240E+01, +2.336789E-08
1680640998.7726963, 0, -0.1263424, 0.001748571, 0.125629, 179.2048, 0, 0, 0, 63.2, +6.319954E+01, +2.382361E-08
1680641004.95913, 0, -0.1219555, 0.001383155, 0.1219633, 179.3521, 0, 0, 0, 62.4, +6.239988E+01, +2.464715E-08
1680641011.1628528, 0, -0.1193964, 0.001748571, 0.1194044, 179.3383, 0, 0, 0, 61.599999999999994, +6.160053E+01, +2.414698E-08
1680641017.3564332, 0, -0.1168374, 0.001383155, 0.1175767, 179.3259, 0, 0, 0, 60.8, +6.080150E+01, +2.260399E-08
1680641023.5480332, 0, -0.1150095, 0.001383155, 0.1150178, 179.3109, 0, 0, 0, 60.0, +6.000280E+01, +1.983443E-08
1680641029.7431421, 0, -0.1124504, 0.001383155, 0.1120934, 179.4814, 0, 0, 0, 59.2, +5.920424E+01, +1.931816E-08
1680641035.9620342, 0, -0.1098914, 0.00101774, 0.1098933, 179.4676, 0, 0, 0, 58.4, +5.840445E+01, +2.162118E-08
1680641042.1480014, 0, -0.1073323, 0.00101774, 0.1073371, 179.4586, 0, 0, 0, 57.599999999999994, +5.760501E+01, +2.171882E-08
1680641048.3462925, 0, -0.1047732, 0.00101774, 0.1051437, 179.6445, 0, 0, 0, 56.8, +5.680581E+01, +2.098651E-08
1680641054.550688, 0, -0.1022142, 0.00101774, 0.1025818, 179.4315, 0, 0, 0, 56.0, +5.600640E+01, +2.075491E-08
1680641060.7445621, 0, -0.1003863, 0.0006523243, 0.1000228, 179.417, 0, 0, 0, 55.2, +5.520721E+01, +1.975877E-08
1680641066.9191973, 0, -0.09746166, 0.00101774, 0.09782942, 179.4039, 0, 0, 0, 54.4, +5.440851E+01, +1.746655E-08
1680641073.1088707, 0, -0.09563377, 0.00101774, 0.09490485, 179.1714, 0, 0, 0, 53.599999999999994, +5.360856E+01, +1.931439E-08
1680641079.3218403, 0, -0.09307472, 0.0002869087, 0.09271143, 179.5968, 0, 0, 0, 52.8, +5.280882E+01, +1.759180E-08
1680641085.4993815, 0, -0.09088124, 0.00101774, 0.09125249, 179.5904, 0, 0, 0, 52.0, +5.200813E+01, +1.844155E-08
1680641091.7225862, 0, -0.08941893, 0.00101774, 0.09015244, 179.5837, 0, 0, 0, 51.2, +5.120472E+01, +1.742331E-08
1680641097.9080212, 0, -0.08795661, 0.00101774, 0.08795903, 179.8131, 0, 0, 0, 50.4, +5.040425E+01, +1.752772E-08
1680641104.1126559, 0, -0.08649429, 0.0006523243, 0.08649675, 179.8099, 0, 0, 0, 49.599999999999994, +4.960403E+01, +1.545771E-08
1680641110.284809, 0, -0.08466639, 0.0006523243, 0.08466891, 179.5605, 0, 0, 0, 48.8, +4.880360E+01, +1.586860E-08
1680641116.4893599, 0, -0.08320408, 0.0002869087, 0.08320664, 179.5528, 0, 0, 0, 48.0, +4.800363E+01, +1.402444E-08
1680641122.6699805, 0, -0.08174177, 0.0002869087, 0.08174437, 179.2866, 0, 0, 0, 47.199999999999996, +4.720319E+01, +1.409745E-08
1680641128.8574016, 0, -0.08027944, 0.0002869087, 0.08027995, 179.5344, 0, 0, 0, 46.4, +4.640295E+01, +1.519126E-08
1680641135.0499659, 0, -0.07881712, 0.0002869087, 0.07845207, 179.7914, 0, 0, 0, 45.6, +4.560323E+01, +1.317291E-08
1680641141.2329662, 0, -0.0773548, 0.0002869087, 0.07736151, 179.7875, 0, 0, 0, 44.8, +4.480252E+01, +1.358542E-08
1680641147.4184558, 0, -0.07589249, -7.850687e-05, 0.07589303, 179.7834, 0, 0, 0, 44.0, +4.400231E+01, +1.259126E-08
1680641153.623677, 0, -0.07443018, 0.0006523243, 0.0747986, 179.7791, 0, 0, 0, 43.199999999999996, +4.320195E+01, +1.267290E-08
1680641159.811779, 0, -0.07333343, 0.0002869087, 0.07296842, 180.0617, 0, 0, 0, 42.4, +4.240134E+01, +1.317609E-08
1680641165.9973545, 0, -0.07150554, -7.850687e-05, 0.07187116, 179.7724, 0, 0, 0, 41.599999999999994, +4.160131E+01, +1.098542E-08
1680641172.220728, 0, -0.07040881, 0.0006523243, 0.07077442, 179.7665, 0, 0, 0, 40.8, +4.080103E+01, +1.040462E-08
1680641178.4093077, 0, -0.06931207, 0.0002869087, 0.06894708, 179.7628, 0, 0, 0, 40.0, +4.000054E+01, +1.012808E-08
1680641184.6020038, 0, -0.06784975, 0.0002869087, 0.06785036, 179.759, 0, 0, 0, 39.199999999999996, +3.919732E+01, +1.031918E-08
1680641190.7911026, 0, -0.06711859, 0.0002869087, 0.06711864, 179.7537, 0, 0, 0, 38.4, +3.839792E+01, +1.088013E-08
1680641197.0048518, 0, -0.0652907, 0.0002869087, 0.0656569, 180.0685, 0, 0, 0, 37.599999999999994, +3.759848E+01, +1.070917E-08
1680641203.1908007, 0, -0.06382838, 0.0002869087, 0.06456017, 180.0697, 0, 0, 0, 36.8, +3.679982E+01, +8.609132E-09
1680641209.3721397, 0, -0.06273164, 0.0002869087, 0.06273229, 180.0709, 0, 0, 0, 36.0, +3.600036E+01, +8.326285E-09
1680641215.5505335, 0, -0.06236606, 0.0002869087, 0.06200115, 180.0726, 0, 0, 0, 35.199999999999996, +3.520096E+01, +8.345773E-09
1680641221.73713, 0, -0.06163491, -7.850687e-05, 0.06126938, 179.3863, 0, 0, 0, 34.4, +3.440170E+01, +7.602148E-09
1680641227.920195, 0, -0.06053817, -0.0004439224, 0.06053822, 179.7317, 0, 0, 0, 33.599999999999994, +3.360205E+01, +8.564489E-09
1680641234.120574, 0, -0.05980701, -7.850687e-05, 0.05980706, 179.7234, 0, 0, 0, 32.8, +3.280366E+01, +6.957996E-09
1680641240.3060002, 0, -0.05907585, -7.850687e-05, 0.05907655, 179.3634, 0, 0, 0, 32.0, +3.200402E+01, +8.350456E-09
1680641246.4885902, 0, -0.05871027, 0.0002869087, 0.0583454, 179.7182, 0, 0, 0, 31.199999999999996, +3.120482E+01, +7.498691E-09
1680641252.6931915, 0, -0.05797911, 0.0002869087, 0.0583454, 179.7147, 0, 0, 0, 30.4, +3.040557E+01, +6.822421E-09
1680641258.8892825, 0, -0.05688237, -7.850687e-05, 0.05688243, 180.0786, 0, 0, 0, 29.599999999999994, +2.960604E+01, +5.991201E-09
1680641265.0983832, 0, -0.05615122, -7.850687e-05, 0.05615127, 179.7072, 0, 0, 0, 28.799999999999997, +2.880677E+01, +5.465248E-09
1680641271.2904756, 0, -0.05578564, -7.850687e-05, 0.0557857, 180.0807, 0, 0, 0, 28.0, +2.800748E+01, +5.629391E-09
1680641277.492301, 0, -0.05542006, 0.0006523243, 0.05505454, 179.7034, 0, 0, 0, 27.199999999999996, +2.720468E+01, +5.950857E-09
1680641283.6474588, 0, -0.0546889, -7.850687e-05, 0.05468896, 180.0828, 0, 0, 0, 26.4, +2.640513E+01, +5.599645E-09
1680641289.8606575, 0, -0.05395774, 0.0002869087, 0.0539578, 180.0834, 0, 0, 0, 25.599999999999994, +2.560484E+01, +4.783579E-09
1680641296.0526795, 0, -0.05322658, -7.850687e-05, 0.05322664, 179.689, 0, 0, 0, 24.799999999999997, +2.480468E+01, +4.508911E-09
1680641302.2350702, 0, -0.05286101, 0.0002869087, 0.05249549, 180.0851, 0, 0, 0, 24.0, +2.400440E+01, +3.702587E-09
1680641308.4461272, 0, -0.05176427, 0.0002869087, 0.05176433, 179.6824, 0, 0, 0, 23.199999999999996, +2.320377E+01, +4.380715E-09
1680641314.6153002, 0, -0.05139869, -7.850687e-05, 0.05139949, 180.0869, 0, 0, 0, 22.4, +2.240352E+01, +3.216218E-09
1680641320.797276, 0, -0.05139869, -7.850687e-05, 0.05103317, 180.0888, 0, 0, 0, 21.599999999999994, +2.160293E+01, +4.140233E-09
1680641326.989798, 0, -0.05030195, -0.0004439224, 0.05030201, 180.502, 0, 0, 0, 20.799999999999997, +2.080049E+01, +2.679813E-09
1680641333.1906955, 0, -0.04993637, 0.0002869087, 0.04957162, 180.0901, 0, 0, 0, 20.0, +1.999975E+01, +3.642806E-09
1680641339.3621585, 0, -0.04957079, -7.850687e-05, 0.04957162, 180.0901, 0, 0, 0, 19.199999999999996, +1.920053E+01, +3.465484E-09
1680641345.539367, 0, -0.04920521, -7.850687e-05, 0.04920528, 180.0928, 0, 0, 0, 18.4, +1.840033E+01, +2.955889E-09
1680641351.7184343, 0, -0.04847405, -7.850687e-05, 0.04847609, 180.0935, 0, 0, 0, 17.599999999999994, +1.759967E+01, +2.916608E-09
1680641357.9145486, 0, -0.04810848, -7.850687e-05, 0.04810854, 180.0935, 0, 0, 0, 16.799999999999997, +1.680041E+01, +1.552525E-09
1680641364.071967, 0, -0.04737732, -0.0004439224, 0.04737739, 180.095, 0, 0, 0, 16.0, +1.600081E+01, +1.623008E-09
1680641370.2843819, 0, -0.04701174, -0.0004439224, 0.04701383, 180.095, 0, 0, 0, 15.200000000000003, +1.520018E+01, +2.128309E-09
1680641376.4734075, 0, -0.04664616, 0.0002869087, 0.04628147, 180.0965, 0, 0, 0, 14.399999999999991, +1.440018E+01, +9.914812E-10
1680641382.6824458, 0, -0.045915, -7.850687e-05, 0.04628271, 180.5496, 0, 0, 0, 13.599999999999994, +1.360103E+01, +1.167135E-09
1680641388.8716419, 0, -0.045915, -7.850687e-05, 0.04591507, 179.642, 0, 0, 0, 12.799999999999997, +1.280051E+01, +1.856269E-09
1680641395.070965, 0, -0.04518384, -0.0004439224, 0.04555159, 180.5629, 0, 0, 0, 12.0, +1.199995E+01, +1.667134E-09
1680641401.2412083, 0, -0.04518384, -0.0004439224, 0.04518602, 180.1012, 0, 0, 0, 11.200000000000003, +1.120096E+01, +3.104753E-10
1680641407.4369714, 0, -0.04445269, -0.0004439224, 0.04482046, 180.1012, 0, 0, 0, 10.399999999999991, +1.040086E+01, +4.627522E-10
1680641413.6460006, 0, -0.0440871, -7.850687e-05, 0.04408934, 180.5769, 0, 0, 0, 9.599999999999994, +9.600033E+00, +1.205001E-09
1680641419.8450294, 0, -0.04372153, 0.0002869087, 0.04335602, 180.1038, 0, 0, 0, 8.799999999999997, +8.800237E+00, -1.519123E-10
1680641426.0260284, 0, -0.04299037, 0.0002869087, 0.04299266, 180.1047, 0, 0, 0, 8.0, +8.000937E+00, -1.677666E-10
1680641432.205862, 0, -0.04225921, -0.0004439224, 0.0426271, 180.1047, 0, 0, 0, 7.200000000000003, +7.200187E+00, +7.888642E-10
1680641438.4157205, 0, -0.04189363, -7.850687e-05, 0.04189371, 180.6071, 0, 0, 0, 6.3999999999999915, +6.400022E+00, -4.443080E-10
1680641444.5851066, 0, -0.04189363, -0.0004439224, 0.04189598, 180.1083, 0, 0, 0, 5.599999999999994, +5.600795E+00, -5.953781E-10
1680641450.7988737, 0, -0.04116247, 0.0002869087, 0.04152812, 180.1083, 0, 0, 0, 4.799999999999997, +4.800325E+00, +4.271564E-10
1680641457.0024314, 0, -0.04116247, -0.0004439224, 0.04079697, 180.1093, 0, 0, 0, 4.0, +3.999832E+00, -6.260263E-10
1680641463.1940107, 0, -0.04079689, -7.850687e-05, 0.04079931, 180.1113, 0, 0, 0, 3.1999999999999886, +3.200431E+00, +2.722541E-10
1680641469.3729477, 0, -0.04043131, -7.850687e-05, 0.04043375, 180.1113, 0, 0, 0, 2.3999999999999915, +2.400526E+00, -2.419383E-10
1680641475.5772102, 0, -0.04006574, -7.850687e-05, 0.04006581, 180.1113, 0, 0, 0, 1.5999999999999943, +1.600084E+00, -5.156016E-10
1680641481.7932193, 0, -0.03970016, -0.0004439224, 0.03970264, 180.1144, 0, 0, 0, 0.7999999999999972, +8.000731E-01, -6.092685E-11
1680641487.9918664, 0, -0.03970016, -7.850687e-05, 0.03933562, 180.6466, 0, 0, 0, 0.0, +4.863671E-05, -9.652765E-10
1680641494.2069232, 0, -0.03933458, -7.850687e-05, 0.0393429, 180.1133, 0, 0, 0, 0.0, +5.206851E-05, -9.844127E-10
1680641500.4155896, 0, -0.038969, -0.0004439224, 0.0386035, 180.6527, 0, 0, 0, -0.8, -7.999484E-01, -7.292289E-10
1680641506.6048837, 0, -0.03860342, -0.0004439224, 0.0386035, 180.6527, 0, 0, 0, -1.6, -1.599944E+00, -9.860267E-10
1680641512.803849, 0, -0.038969, -0.0004439224, 0.0386035, 180.6527, 0, 0, 0, -2.4000000000000004, -2.399059E+00, -1.361378E-09
1680641518.9738417, 0, -0.03823784, -7.850687e-05, 0.0386035, 180.6652, 0, 0, 0, -3.2, -3.199045E+00, -1.473266E-09
1680641525.1645622, 0, -0.03787226, -7.850687e-05, 0.03787234, 180.1177, 0, 0, 0, -4.0, -3.998776E+00, -5.918416E-10
1680641531.3763893, 0, -0.03750668, -7.850687e-05, 0.03787486, 180.6781, 0, 0, 0, -4.800000000000001, -4.799269E+00, -1.766822E-09
1680641537.5985775, 0, -0.03750668, 0.0002869087, 0.03750931, 180.1199, 0, 0, 0, -5.6000000000000005, -5.599282E+00, -1.759601E-09
1680641543.7878633, 0, -0.0371411, -0.0004439224, 0.03714221, 180.6848, 0, 0, 0, -6.4, -6.398797E+00, -2.127581E-09
1680641549.983713, 0, -0.0371411, -7.850687e-05, 0.03714376, 180.6848, 0, 0, 0, -7.2, -7.199224E+00, -1.400861E-09
1680641556.1893165, 0, -0.03604437, -0.0004439224, 0.03641265, 180.1236, 0, 0, 0, -8.0, -7.999813E+00, -1.525473E-09
1680641562.3834636, 0, -0.03677552, -7.850687e-05, 0.03678443, 180.7056, 0, 0, 0, -8.8, -8.799274E+00, -2.512471E-09
1680641568.5584705, 0, -0.03567879, -7.850687e-05, 0.03568155, 179.5439, 0, 0, 0, -9.600000000000001, -9.598996E+00, -1.815139E-09
1680641574.7491002, 0, -0.03567879, -7.850687e-05, 0.03567994, 180.7202, 0, 0, 0, -10.4, -1.039955E+01, -2.875655E-09
1680641580.9467063, 0, -0.03531321, -7.850687e-05, 0.03567887, 181.3129, 0, 0, 0, -11.200000000000001, -1.119971E+01, -2.245777E-09
1680641587.1565833, 0, -0.03494763, -7.850687e-05, 0.035316, 180.7202, 0, 0, 0, -12.0, -1.199911E+01, -2.608555E-09
1680641593.3542314, 0, -0.03531321, 0.0002869087, 0.03495045, 180.1301, 0, 0, 0, -12.8, -1.279953E+01, -3.532996E-09
1680641599.5232575, 0, -0.03458205, -7.850687e-05, 0.03421656, 180.7355, 0, 0, 0, -13.600000000000001, -1.359969E+01, -2.946189E-09
1680641605.735426, 0, -0.03458205, -7.850687e-05, 0.03421656, 180.7433, 0, 0, 0, -14.4, -1.439905E+01, -3.109729E-09
1680641611.9316347, 0, -0.03421647, -7.850687e-05, 0.03421935, 179.5144, 0, 0, 0, -15.200000000000001, -1.519907E+01, -3.700121E-09
1680641618.1095345, 0, -0.03385089, -0.0004439224, 0.0338538, 180.1301, 0, 0, 0, -16.0, -1.599950E+01, -4.194225E-09
1680641624.30212, 0, -0.03311973, -0.0004439224, 0.03348825, 180.7596, 0, 0, 0, -16.8, -1.679902E+01, -4.273597E-09
1680641630.4889734, 0, -0.03348531, -7.850687e-05, 0.03348541, 180.1358, 0, 0, 0, -17.6, -1.759862E+01, -4.744425E-09
1680641636.6536348, 0, -0.03311973, -0.0004439224, 0.03311982, 180.7679, 0, 0, 0, -18.400000000000002, -1.839898E+01, -4.249308E-09
1680641642.8431513, 0, -0.03275415, -0.0004439224, 0.03238867, 180.1373, 0, 0, 0, -19.200000000000003, -1.919912E+01, -4.447284E-09
1680641649.0321426, 0, -0.03238858, -0.0004439224, 0.03239162, 180.7765, 0, 0, 0, -20.0, -1.999858E+01, -4.668888E-09
1680641655.217089, 0, -0.03238858, -7.850687e-05, 0.03275716, 180.7765, 0, 0, 0, -20.8, -2.079901E+01, -5.442509E-09
1680641661.419866, 0, -0.03238858, -7.850687e-05, 0.03202309, 180.7942, 0, 0, 0, -21.6, -2.158902E+01, -5.044287E-09
1680641667.6096113, 0, -0.03202299, -0.0004439224, 0.03166053, 180.1405, 0, 0, 0, -22.400000000000002, -2.238901E+01, -5.928841E-09
1680641673.7783182, 0, -0.03238858, -7.850687e-05, 0.03202309, 181.4478, 0, 0, 0, -23.200000000000003, -2.318944E+01, -6.320144E-09
1680641679.9743137, 0, -0.03202299, -7.850687e-05, 0.03165751, 180.7942, 0, 0, 0, -24.0, -2.398989E+01, -6.394010E-09
1680641686.1785867, 0, -0.03165742, -7.850687e-05, 0.03165751, 180.8034, 0, 0, 0, -24.8, -2.479019E+01, -6.217597E-09
1680641692.34654, 0, -0.03165742, -0.0004439224, 0.03202607, 180.1405, 0, 0, 0, -25.6, -2.559074E+01, -6.129945E-09
1680641698.531462, 0, -0.03129184, -0.0004439224, 0.03129193, 180.1421, 0, 0, 0, -26.400000000000002, -2.639434E+01, -6.808187E-09
1680641704.7225792, 0, -0.03129184, -0.0004439224, 0.03129498, 180.8224, 0, 0, 0, -27.200000000000003, -2.719372E+01, -7.245133E-09
1680641710.918558, 0, -0.03092625, -0.0004439224, 0.03092944, 180.8128, 0, 0, 0, -28.0, -2.799294E+01, -7.613210E-09
1680641717.0954707, 0, -0.03092625, -0.0004439224, 0.03092944, 180.8128, 0, 0, 0, -28.8, -2.879246E+01, -7.094669E-09
1680641723.3086174, 0, -0.03092625, -7.850687e-05, 0.03129498, 180.8224, 0, 0, 0, -29.6, -2.959174E+01, -7.369183E-09
1680641729.5203516, 0, -0.03092625, -7.850687e-05, 0.03129498, 180.8224, 0, 0, 0, -30.400000000000002, -3.039158E+01, -7.553323E-09
1680641735.727513, 0, -0.03056068, -0.0004439224, 0.03056078, 180.8322, 0, 0, 0, -31.200000000000003, -3.119079E+01, -7.790529E-09
1680641741.9385135, 0, -0.03056068, -0.0004439224, 0.03092635, 181.5354, 0, 0, 0, -32.0, -3.198987E+01, -8.867713E-09
1680641748.1477075, 0, -0.0301951, -0.0008093381, 0.0301952, 180.1472, 0, 0, 0, -32.800000000000004, -3.278910E+01, -9.133434E-09
1680641754.3589697, 0, -0.03056068, -0.0004439224, 0.0301952, 180.8423, 0, 0, 0, -33.6, -3.358797E+01, -8.569198E-09
1680641760.518993, 0, -0.0301951, -7.850687e-05, 0.0301952, 180.8322, 0, 0, 0, -34.4, -3.438738E+01, -8.858054E-09
1680641766.7281132, 0, -0.03056068, -0.0004439224, 0.03056078, 180.8423, 0, 0, 0, -35.2, -3.518663E+01, -9.178113E-09
1680641772.8960376, 0, -0.0301951, -7.850687e-05, 0.03019836, 180.8526, 0, 0, 0, -36.0, -3.598580E+01, -1.009624E-08
1680641779.0627356, 0, -0.0301951, -0.0004439224, 0.02982962, 180.8423, 0, 0, 0, -36.800000000000004, -3.678533E+01, -1.025917E-08
1680641785.2504568, 0, -0.02982952, -7.850687e-05, 0.02982962, 180.8526, 0, 0, 0, -37.6, -3.758777E+01, -1.043422E-08
1680641791.4686337, 0, -0.02946394, -0.0004439224, 0.02946404, 180.1527, 0, 0, 0, -38.400000000000006, -3.838708E+01, -1.077079E-08
1680641797.6455858, 0, -0.02946394, -0.0004439224, 0.02946728, 180.1527, 0, 0, 0, -39.2, -3.918644E+01, -1.033808E-08
1680641803.8407936, 0, -0.02946394, 0.0002869087, 0.02946728, 180.8741, 0, 0, 0, -40.0, -3.998603E+01, -1.114502E-08
1680641810.0258236, 0, -0.02909836, -7.850687e-05, 0.0298405, 179.4351, 0, 0, 0, -40.800000000000004, -4.078671E+01, -1.064900E-08
1680641816.2356439, 0, -0.02946394, -7.850687e-05, 0.0298309, 180.8632, 0, 0, 0, -41.6, -4.158682E+01, -1.147977E-08
1680641822.4194746, 0, -0.02946394, -7.850687e-05, 0.02909846, 180.1546, 0, 0, 0, -42.400000000000006, -4.238722E+01, -1.181645E-08
1680641828.615874, 0, -0.02909836, -7.850687e-05, 0.02909846, 180.8852, 0, 0, 0, -43.2, -4.318780E+01, -1.154702E-08
1680641834.8110194, 0, -0.02873278, -0.0008093381, 0.02873621, 181.5932, 0, 0, 0, -44.0, -4.398834E+01, -1.142443E-08
1680641841.010309, 0, -0.02873278, -7.850687e-05, 0.02910174, 180.1546, 0, 0, 0, -44.800000000000004, -4.478869E+01, -1.176312E-08
1680641847.1736786, 0, -0.02873278, -7.850687e-05, 0.02837067, 180.8852, 0, 0, 0, -45.6, -4.558907E+01, -1.221107E-08
1680641853.3970776, 0, -0.02873278, -7.850687e-05, 0.02873289, 180.8852, 0, 0, 0, -46.400000000000006, -4.638921E+01, -1.265286E-08
1680641859.5652578, 0, -0.02873278, -0.0004439224, 0.02836731, 180.8852, 0, 0, 0, -47.2, -4.718918E+01, -1.219758E-08
1680641865.7541702, 0, -0.0283672, -0.0004439224, 0.02837067, 180.8966, 0, 0, 0, -48.0, -4.799280E+01, -1.236511E-08
1680641871.9513721, 0, -0.0283672, -7.850687e-05, 0.02837067, 180.8966, 0, 0, 0, -48.800000000000004, -4.879307E+01, -1.303073E-08
1680641878.1442797, 0, -0.0283672, -7.850687e-05, 0.02836731, 180.1586, 0, 0, 0, -49.6, -4.959332E+01, -1.311388E-08
1680641884.3452063, 0, -0.0283672, -0.0008093381, 0.02800514, 180.9083, 0, 0, 0, -50.400000000000006, -5.039376E+01, -1.346318E-08
1680641890.523851, 0, -0.0283672, -0.0008093381, 0.02800514, 180.8966, 0, 0, 0, -51.2, -5.119422E+01, -1.361152E-08
1680641896.707581, 0, -0.02800162, -0.0008093381, 0.02800514, 180.1607, 0, 0, 0, -52.0, -5.199447E+01, -1.368291E-08
1680641902.915822, 0, -0.02763604, -0.0004439224, 0.02800514, 180.1607, 0, 0, 0, -52.800000000000004, -5.279480E+01, -1.401827E-08
1680641909.1102545, 0, -0.02800162, -7.850687e-05, 0.02763961, 180.1607, 0, 0, 0, -53.6, -5.359488E+01, -1.373536E-08
1680641915.3053112, 0, -0.02727046, -7.850687e-05, 0.02800514, 180.9203, 0, 0, 0, -54.400000000000006, -5.439417E+01, -1.395626E-08
1680641921.4859416, 0, -0.02763604, -7.850687e-05, 0.02763615, 180.9203, 0, 0, 0, -55.2, -5.519349E+01, -1.414943E-08
1680641927.6774843, 0, -0.02727046, -0.0004439224, 0.02727408, 180.9203, 0, 0, 0, -56.0, -5.599284E+01, -1.400458E-08
1680641933.8519733, 0, -0.02763604, -0.0004439224, 0.02727408, 180.1628, 0, 0, 0, -56.800000000000004, -5.679214E+01, -1.389703E-08
1680641940.030157, 0, -0.02727046, -0.0004439224, 0.02727408, 180.9203, 0, 0, 0, -57.6, -5.759132E+01, -1.441657E-08
1680641946.1806748, 0, -0.02727046, -0.0004439224, 0.02727408, 181.7, 0, 0, 0, -58.400000000000006, -5.839397E+01, -1.464580E-08
1680641952.3512526, 0, -0.02763604, -7.850687e-05, 0.02727408, 180.165, 0, 0, 0, -59.2, -5.919341E+01, -1.448473E-08
1680641958.5265205, 0, -0.02727046, -0.0004439224, 0.02727408, 180.9326, 0, 0, 0, -60.0, -5.999162E+01, -1.509975E-08
1680641964.7225962, 0, -0.02690488, -0.0008093381, 0.02727408, 180.9326, 0, 0, 0, -60.800000000000004, -6.079115E+01, -1.462617E-08
1680641970.914423, 0, -0.02690488, -7.850687e-05, 0.02690855, 180.9453, 0, 0, 0, -61.6, -6.159033E+01, -1.494707E-08
1680641977.1290722, 0, -0.02690488, -0.0004439224, 0.02654302, 180.9453, 0, 0, 0, -62.400000000000006, -6.238974E+01, -1.499628E-08
1680641983.3227355, 0, -0.02690488, -0.0008093381, 0.02654302, 180.9583, 0, 0, 0, -63.2, -6.318893E+01, -1.509303E-08
1680641989.5497034, 0, -0.02653931, -7.850687e-05, 0.02690855, 180.1672, 0, 0, 0, -64.0, -6.398845E+01, -1.522930E-08
1680641995.7448812, 0, -0.02690488, -0.0004439224, 0.02654085, 180.9583, 0, 0, 0, -64.8, -6.478773E+01, -1.544823E-08
1680642001.9516711, 0, -0.02653931, -0.0008093381, 0.026905, 180.9583, 0, 0, 0, -65.60000000000001, -6.558709E+01, -1.564846E-08
1680642008.1707726, 0, -0.02653931, -0.0008093381, 0.02617749, 180.1695, 0, 0, 0, -66.4, -6.638622E+01, -1.587138E-08
1680642014.3700514, 0, -0.02653931, -0.0004439224, 0.02617749, 180.1719, 0, 0, 0, -67.2, -6.718613E+01, -1.611666E-08
1680642020.5679743, 0, -0.02580815, -0.0004439224, 0.0261753, 180.1695, 0, 0, 0, -68.0, -6.798645E+01, -1.664333E-08
1680642026.7402463, 0, -0.02617373, -0.0004439224, 0.02617749, 180.9717, 0, 0, 0, -68.8, -6.879004E+01, -1.666978E-08
1680642032.9090502, 0, -0.02617373, -0.0004439224, 0.02617749, 180.1719, 0, 0, 0, -69.60000000000001, -6.959036E+01, -1.660318E-08
1680642039.086244, 0, -0.02617373, -0.0004439224, 0.02617749, 180.1719, 0, 0, 0, -70.4, -7.039096E+01, -1.695646E-08
1680642045.2935164, 0, -0.02580815, -0.0004439224, 0.02618624, 180.9855, 0, 0, 0, -71.2, -7.119134E+01, -1.714479E-08
1680642051.5008729, 0, -0.02580815, 0.0002869087, 0.02617749, 180.9855, 0, 0, 0, -72.0, -7.199164E+01, -1.745252E-08
1680642057.6737077, 0, -0.02617373, -7.850687e-05, 0.02580827, 180.9717, 0, 0, 0, -72.8, -7.279195E+01, -1.776350E-08
1680642063.845621, 0, -0.02580815, -7.850687e-05, 0.02581196, 180.1743, 0, 0, 0, -73.60000000000001, -7.359171E+01, -1.783308E-08
1680642070.039702, 0, -0.02544257, -0.0004439224, 0.02580827, 180.9855, 0, 0, 0, -74.4, -7.439191E+01, -1.834908E-08
1680642076.2391226, 0, -0.02544257, -0.0004439224, 0.02544269, 180.9855, 0, 0, 0, -75.2, -7.519230E+01, -1.828409E-08
1680642082.4295888, 0, -0.02544257, -0.0008093381, 0.02581196, 180.9996, 0, 0, 0, -76.0, -7.599260E+01, -1.910027E-08
1680642088.611413, 0, -0.02544257, -7.850687e-05, 0.02544644, 179.3539, 0, 0, 0, -76.80000000000001, -7.679308E+01, -1.918634E-08
1680642094.8138812, 0, -0.02544257, -7.850687e-05, 0.02544644, 180.9996, 0, 0, 0, -77.60000000000001, -7.759357E+01, -1.921902E-08
1680642100.9999382, 0, -0.02544257, -0.0008093381, 0.02544644, 180.1794, 0, 0, 0, -78.4, -7.839378E+01, -1.970670E-08
1680642107.1924214, 0, -0.02580815, -7.850687e-05, 0.02545544, 180.9996, 0, 0, 0, -79.2, -7.919753E+01, -1.952139E-08
1680642113.3636234, 0, -0.02544257, -0.0004439224, 0.02509005, 181.8486, 0, 0, 0, -80.0, -7.999776E+01, -1.981121E-08
1680642119.5567021, 0, -0.02544257, -0.0008093381, 0.02544269, 179.3539, 0, 0, 0, -80.0, -7.999782E+01, -1.962469E-08
1680642125.737472, 0, -0.02544257, -0.0004439224, 0.02508092, 181.0142, 0, 0, 0, -79.2, -7.919744E+01, -1.996040E-08
1680642131.9435663, 0, -0.02507699, -7.850687e-05, 0.02580827, 180.9996, 0, 0, 0, -78.4, -7.839390E+01, -1.930492E-08
1680642138.1291878, 0, -0.02580815, -7.850687e-05, 0.02544644, 180.1768, 0, 0, 0, -77.6, -7.759344E+01, -1.889132E-08
1680642144.3429255, 0, -0.02544257, -7.850687e-05, 0.02580827, 180.1768, 0, 0, 0, -76.8, -7.679314E+01, -1.805827E-08
1680642150.525885, 0, -0.02580815, -7.850687e-05, 0.02544644, 180.9855, 0, 0, 0, -76.0, -7.599265E+01, -1.816944E-08
1680642156.7362392, 0, -0.02580815, -7.850687e-05, 0.02580827, 181.822, 0, 0, 0, -75.2, -7.519227E+01, -1.730818E-08
1680642162.959053, 0, -0.02580815, -0.0004439224, 0.02580827, 180.1743, 0, 0, 0, -74.4, -7.439194E+01, -1.743935E-08
1680642169.1491299, 0, -0.02580815, -7.850687e-05, 0.02580974, 180.9855, 0, 0, 0, -73.6, -7.359162E+01, -1.658259E-08
1680642175.3451915, 0, -0.02580815, -7.850687e-05, 0.02617384, 180.9855, 0, 0, 0, -72.8, -7.279205E+01, -1.600607E-08
1680642181.5411966, 0, -0.02617373, -7.850687e-05, 0.02617749, 180.1719, 0, 0, 0, -72.0, -7.199158E+01, -1.621066E-08
1680642187.7263203, 0, -0.02617373, -7.850687e-05, 0.02617384, 180.9717, 0, 0, 0, -71.2, -7.119124E+01, -1.593791E-08
1680642193.9110603, 0, -0.02617373, -0.0004439224, 0.02653942, 180.1695, 0, 0, 0, -70.4, -7.039093E+01, -1.500026E-08
1680642200.0914884, 0, -0.02653931, -7.850687e-05, 0.02690855, 180.1695, 0, 0, 0, -69.6, -6.959036E+01, -1.448172E-08
1680642206.2820382, 0, -0.02653931, -7.850687e-05, 0.026905, 180.1695, 0, 0, 0, -68.8, -6.879017E+01, -1.474002E-08
1680642212.467716, 0, -0.02690488, -7.850687e-05, 0.02690855, 180.9583, 0, 0, 0, -68.0, -6.798646E+01, -1.444694E-08
1680642218.683518, 0, -0.02690488, -0.0004439224, 0.02654302, 180.9583, 0, 0, 0, -67.2, -6.718602E+01, -1.404411E-08
1680642224.8726285, 0, -0.02690488, -0.0008093381, 0.02655164, 180.9583, 0, 0, 0, -66.4, -6.638607E+01, -1.363604E-08
1680642231.069929, 0, -0.02690488, -0.0004439224, 0.02690855, 180.9583, 0, 0, 0, -65.6, -6.558694E+01, -1.300688E-08
1680642237.249621, 0, -0.02727046, -0.0004439224, 0.02727408, 180.9453, 0, 0, 0, -64.8, -6.478780E+01, -1.242170E-08
1680642243.4584281, 0, -0.02727046, -0.0008093381, 0.02727408, 180.1672, 0, 0, 0, -64.0, -6.398837E+01, -1.274120E-08
1680642249.6437333, 0, -0.02727046, -0.0004439224, 0.02727408, 180.9326, 0, 0, 0, -63.2, -6.318891E+01, -1.242558E-08
1680642255.83333, 0, -0.02690488, -7.850687e-05, 0.02727408, 180.9453, 0, 0, 0, -62.4, -6.238979E+01, -1.133217E-08
1680642262.016698, 0, -0.02763604, -0.0004439224, 0.02728247, 181.7, 0, 0, 0, -61.599999999999994, -6.159044E+01, -1.123497E-08
1680642268.2162092, 0, -0.02763604, -0.0004439224, 0.02727408, 180.165, 0, 0, 0, -60.8, -6.079121E+01, -1.120569E-08
1680642274.3957891, 0, -0.02763604, -0.0004439224, 0.02727408, 180.1628, 0, 0, 0, -60.0, -5.999175E+01, -1.045293E-08
1680642280.584201, 0, -0.02800162, -0.0004439224, 0.02800514, 180.9203, 0, 0, 0, -59.2, -5.919340E+01, -1.002123E-08
1680642286.82405, 0, -0.02763604, -0.0004439224, 0.02763615, 180.1607, 0, 0, 0, -58.4, -5.839394E+01, -1.006980E-08
1680642293.0088818, 0, -0.02800162, -0.0008093381, 0.02800514, 180.1628, 0, 0, 0, -57.599999999999994, -5.759146E+01, -9.695470E-09
1680642299.1973417, 0, -0.0283672, -7.850687e-05, 0.02800514, 181.6556, 0, 0, 0, -56.8, -5.679226E+01, -9.345869E-09
1680642305.38721, 0, -0.02800162, -7.850687e-05, 0.02800514, 181.6556, 0, 0, 0, -56.0, -5.599279E+01, -9.505926E-09
1680642311.5763166, 0, -0.02800162, -0.0004439224, 0.02837067, 180.1586, 0, 0, 0, -55.2, -5.519362E+01, -8.640832E-09
1680642317.7890542, 0, -0.02800162, -0.0004439224, 0.02836731, 180.8966, 0, 0, 0, -54.4, -5.439428E+01, -8.370848E-09
1680642323.997892, 0, -0.02873278, -0.0004439224, 0.02873621, 180.1586, 0, 0, 0, -53.599999999999994, -5.359491E+01, -8.176721E-09
1680642330.2016659, 0, -0.02800162, -7.850687e-05, 0.02873289, 180.8966, 0, 0, 0, -52.8, -5.279506E+01, -7.818036E-09
1680642336.3828056, 0, -0.02873278, -7.850687e-05, 0.02873289, 180.8852, 0, 0, 0, -52.0, -5.199481E+01, -7.586237E-09
1680642342.5623944, 0, -0.02873278, -0.0004439224, 0.02910174, 180.8852, 0, 0, 0, -51.2, -5.119441E+01, -7.255979E-09
1680642348.7722316, 0, -0.02909836, -0.0004439224, 0.02873289, 180.1566, 0, 0, 0, -50.4, -5.039400E+01, -7.067445E-09
1680642354.9430552, 0, -0.02909836, -0.0004439224, 0.02873289, 180.8852, 0, 0, 0, -49.599999999999994, -4.959349E+01, -6.722900E-09
1680642361.1411479, 0, -0.02909836, -0.0004439224, 0.02910174, 180.8741, 0, 0, 0, -48.8, -4.879303E+01, -7.070930E-09
1680642367.3297815, 0, -0.02909836, -0.0004439224, 0.02946728, 180.8741, 0, 0, 0, -48.0, -4.799256E+01, -6.833373E-09
1680642373.5631618, 0, -0.02873278, -0.0004439224, 0.02910961, 180.1546, 0, 0, 0, -47.199999999999996, -4.718918E+01, -6.021841E-09
1680642379.751129, 0, -0.02946394, -0.0008093381, 0.02947505, 180.8741, 0, 0, 0, -46.4, -4.638929E+01, -6.350077E-09
1680642385.9609392, 0, -0.02946394, -7.850687e-05, 0.02873289, 180.8632, 0, 0, 0, -45.6, -4.558900E+01, -6.153519E-09
1680642392.1487694, 0, -0.02946394, -7.850687e-05, 0.02946728, 180.8632, 0, 0, 0, -44.8, -4.478862E+01, -5.375061E-09
1680642398.3305998, 0, -0.02982952, -7.850687e-05, 0.02982962, 180.8526, 0, 0, 0, -44.0, -4.398825E+01, -5.731017E-09
1680642404.5203145, 0, -0.02982952, -0.0004439224, 0.02983282, 180.8526, 0, 0, 0, -43.199999999999996, -4.318782E+01, -5.566467E-09
1680642410.7229254, 0, -0.02982952, -7.850687e-05, 0.0301952, 180.1508, 0, 0, 0, -42.4, -4.238725E+01, -5.443675E-09
1680642416.9104009, 0, -0.02982952, -0.0008093381, 0.0301952, 180.1508, 0, 0, 0, -41.599999999999994, -4.158692E+01, -5.087970E-09
1680642423.1000876, 0, -0.0301951, -0.0004439224, 0.03019836, 180.8224, 0, 0, 0, -40.8, -4.078648E+01, -4.990274E-09
1680642429.3191276, 0, -0.0301951, -0.0004439224, 0.03057139, 181.5354, 0, 0, 0, -40.0, -3.998637E+01, -4.144260E-09
1680642435.5033243, 0, -0.03056068, -0.0004439224, 0.0305639, 180.8322, 0, 0, 0, -39.199999999999996, -3.918669E+01, -3.945431E-09
1680642441.6777654, 0, -0.03092625, -0.0004439224, 0.03019836, 180.1472, 0, 0, 0, -38.4, -3.838719E+01, -4.534094E-09
1680642447.8754218, 0, -0.03092625, -0.0004439224, 0.03056078, 180.1472, 0, 0, 0, -37.599999999999994, -3.758779E+01, -4.368487E-09
1680642454.0559661, 0, -0.03092625, -0.0004439224, 0.03092635, 180.8224, 0, 0, 0, -36.8, -3.678533E+01, -4.103715E-09
1680642460.2258875, 0, -0.03129184, 0.0002869087, 0.03092635, 180.1455, 0, 0, 0, -36.0, -3.598610E+01, -3.181062E-09
1680642466.4142206, 0, -0.03129184, 0.0002869087, 0.03092944, 180.8322, 0, 0, 0, -35.199999999999996, -3.518666E+01, -3.429929E-09
1680642472.6280673, 0, -0.03129184, -0.0008093381, 0.03129498, 180.1438, 0, 0, 0, -34.4, -3.438734E+01, -3.714689E-09
1680642478.8233624, 0, -0.03165742, -0.0004439224, 0.03092635, 180.1438, 0, 0, 0, -33.599999999999994, -3.358784E+01, -3.476273E-09
1680642485.0308182, 0, -0.03202299, -7.850687e-05, 0.03165751, 179.4807, 0, 0, 0, -32.8, -3.278913E+01, -3.382615E-09
1680642491.2006285, 0, -0.03202299, -7.850687e-05, 0.03165751, 180.1405, 0, 0, 0, -32.0, -3.198995E+01, -3.057359E-09
1680642497.3838563, 0, -0.03202299, -0.0004439224, 0.03238867, 180.7942, 0, 0, 0, -31.199999999999996, -3.119065E+01, -3.068518E-09
1680642503.5543752, 0, -0.03238858, -0.0004439224, 0.03165751, 180.1389, 0, 0, 0, -30.4, -3.039138E+01, -2.744875E-09
1680642509.7589717, 0, -0.03275415, -0.0004439224, 0.03275716, 180.1389, 0, 0, 0, -29.599999999999994, -2.959197E+01, -2.106880E-09
1680642515.9792564, 0, -0.03238858, -0.0004439224, 0.03202309, 180.1389, 0, 0, 0, -28.799999999999997, -2.879252E+01, -1.863572E-09
1680642522.1707375, 0, -0.03275415, -0.0004439224, 0.03275716, 180.7765, 0, 0, 0, -28.0, -2.799330E+01, -1.691904E-09
1680642528.3560796, 0, -0.03311973, -7.850687e-05, 0.03275541, 180.7853, 0, 0, 0, -27.199999999999996, -2.719388E+01, -1.962076E-09
1680642534.5318058, 0, -0.03311973, -0.0004439224, 0.03311982, 180.1358, 0, 0, 0, -26.4, -2.639427E+01, -2.256533E-09
1680642540.6971867, 0, -0.03348531, -0.0004439224, 0.03312271, 180.7679, 0, 0, 0, -25.599999999999994, -2.559073E+01, -1.683725E-09
1680642546.8892324, 0, -0.03348531, -0.0004439224, 0.03348541, 180.1344, 0, 0, 0, -24.799999999999997, -2.479034E+01, -1.346401E-09
1680642553.0982115, 0, -0.03385089, -7.850687e-05, 0.03385098, 180.1344, 0, 0, 0, -24.0, -2.398985E+01, -2.048615E-09
1680642559.280021, 0, -0.03421647, -0.0004439224, 0.03421935, 180.1301, 0, 0, 0, -23.199999999999996, -2.318974E+01, -1.200082E-09
1680642565.4810946, 0, -0.03494763, -7.850687e-05, 0.03458214, 180.1301, 0, 0, 0, -22.4, -2.238914E+01, -1.339685E-09
1680642571.681085, 0, -0.03494763, -7.850687e-05, 0.0345849, 180.1301, 0, 0, 0, -21.599999999999994, -2.158898E+01, -8.777533E-10
1680642577.8803177, 0, -0.03494763, -0.0004439224, 0.03495045, 180.7355, 0, 0, 0, -20.799999999999997, -2.079906E+01, -1.478633E-09
1680642584.0656285, 0, -0.03494763, -7.850687e-05, 0.03495045, 180.1274, 0, 0, 0, -20.0, -1.999857E+01, -1.215579E-09
1680642590.2672296, 0, -0.03567879, -0.0004439224, 0.03568155, 180.7129, 0, 0, 0, -19.199999999999996, -1.919908E+01, -1.488782E-09
1680642596.491921, 0, -0.03640994, -0.0004439224, 0.03604445, 180.1261, 0, 0, 0, -18.4, -1.839900E+01, -8.026233E-10
1680642602.6554337, 0, -0.03604437, -0.0004439224, 0.03677561, 180.7129, 0, 0, 0, -17.599999999999994, -1.759875E+01, -7.569805E-10
1680642608.8343322, 0, -0.03640994, -0.0004439224, 0.0360471, 180.7056, 0, 0, 0, -16.799999999999997, -1.679915E+01, -5.481545E-10
1680642615.0324936, 0, -0.03677552, -7.850687e-05, 0.03641265, 180.6848, 0, 0, 0, -16.0, -1.599956E+01, -1.097535E-09
1680642621.2294111, 0, -0.03750668, 0.0002869087, 0.03714118, 180.6848, 0, 0, 0, -15.200000000000003, -1.519908E+01, -9.247577E-10
1680642627.4209986, 0, -0.03787226, -7.850687e-05, 0.03787486, 180.1199, 0, 0, 0, -14.399999999999991, -1.439906E+01, -4.486386E-10
1680642633.5877304, 0, -0.03787226, -0.0004439224, 0.03787234, 180.6716, 0, 0, 0, -13.599999999999994, -1.359974E+01, -2.689451E-10
1680642639.7883987, 0, -0.03860342, -0.0004439224, 0.03824041, 180.6652, 0, 0, 0, -12.799999999999997, -1.279966E+01, -5.210913E-10
1680642645.9937303, 0, -0.03860342, -0.0008093381, 0.0386035, 180.1177, 0, 0, 0, -12.0, -1.199917E+01, +4.984373E-11
1680642652.1741211, 0, -0.038969, -7.850687e-05, 0.0393429, 180.1154, 0, 0, 0, -11.200000000000003, -1.119967E+01, -5.895050E-10
1680642658.3713334, 0, -0.038969, -7.850687e-05, 0.0393429, 180.6527, 0, 0, 0, -10.399999999999991, -1.039963E+01, -6.506989E-10
1680642664.5693896, 0, -0.03970016, -0.0004439224, 0.03970264, 180.1144, 0, 0, 0, -9.599999999999994, -9.599017E+00, +8.033862E-11
1680642670.787451, 0, -0.04006574, -0.0004439224, 0.04006819, 180.6407, 0, 0, 0, -8.799999999999997, -8.799351E+00, -3.649261E-10
1680642676.9639306, 0, -0.04006574, -0.0004439224, 0.04006581, 180.6291, 0, 0, 0, -8.0, -7.999786E+00, -3.652290E-10
1680642683.1597972, 0, -0.04043131, -7.850687e-05, 0.04043375, 180.6291, 0, 0, 0, -7.200000000000003, -7.199272E+00, +3.522669E-10
1680642689.3614178, 0, -0.04116247, -0.0004439224, 0.04079697, 180.6179, 0, 0, 0, -6.3999999999999915, -6.398950E+00, +3.862959E-10
1680642695.5523424, 0, -0.04152805, -7.850687e-05, 0.04152812, 180.6179, 0, 0, 0, -5.599999999999994, -5.599401E+00, +2.278141E-10
1680642701.732503, 0, -0.04152805, -7.850687e-05, 0.04152812, 180.1083, 0, 0, 0, -4.799999999999997, -4.799313E+00, -4.520714E-10
1680642707.9017463, 0, -0.04225921, -7.850687e-05, 0.04226154, 180.1074, 0, 0, 0, -4.0, -3.998792E+00, +4.164879E-10
1680642714.1064086, 0, -0.04225921, -0.0004439224, 0.04226154, 180.6019, 0, 0, 0, -3.1999999999999886, -3.199200E+00, +5.447274E-10
1680642720.3191528, 0, -0.04335595, -7.850687e-05, 0.04262486, 181.0785, 0, 0, 0, -2.3999999999999915, -2.399193E+00, +4.279486E-10
1680642726.5173883, 0, -0.0440871, -7.850687e-05, 0.04372159, 180.1029, 0, 0, 0, -1.5999999999999943, -1.599946E+00, -5.581501E-10
1680642732.7346642, 0, -0.04335595, -0.0004439224, 0.04408718, 180.1029, 0, 0, 0, -0.7999999999999972, -7.999587E-01, +3.256092E-10
1680642738.9317691, 0, -0.04445269, -0.0004439224, 0.0444549, 180.5722, 0, 0, 0, 0.0, +1.106155E-04, -2.072460E-10
1680642745.1264982, 0, -0.0440871, -7.850687e-05, 0.04445275, 180.1021, 0, 0, 0, 0.0, +1.125331E-04, -3.182731E-10
1680642751.3307776, 0, -0.04445269, -0.0004439224, 0.04481918, 181.0346, 0, 0, 0, 0.8, +8.000704E-01, +6.043038E-10
1680642757.505136, 0, -0.04518384, -7.850687e-05, 0.04518391, 180.0996, 0, 0, 0, 1.6, +1.600077E+00, +6.803896E-10
1680642763.6908655, 0, -0.04628058, 0.0002869087, 0.04591715, 180.0972, 0, 0, 0, 2.4000000000000004, +2.400600E+00, -4.774679E-10
1680642769.8861454, 0, -0.04628058, -7.850687e-05, 0.04664623, 180.0972, 0, 0, 0, 3.2, +3.200444E+00, +4.974205E-10
1680642776.074229, 0, -0.04664616, -7.850687e-05, 0.0470118, 180.0957, 0, 0, 0, 4.0, +3.999778E+00, -7.137822E-11
1680642782.2579572, 0, -0.04737732, -0.0004439224, 0.04737739, 180.095, 0, 0, 0, 4.800000000000001, +4.800418E+00, -4.699229E-11
1680642788.440877, 0, -0.04810848, -0.0004439224, 0.04774296, 180.5287, 0, 0, 0, 5.6000000000000005, +5.600791E+00, -3.027730E-10
1680642794.6338508, 0, -0.04847405, -0.0004439224, 0.04810854, 180.0935, 0, 0, 0, 6.4, +6.400016E+00, -2.698031E-10
1680642800.8065221, 0, -0.04847405, 0.0002869087, 0.04847609, 180.0928, 0, 0, 0, 7.2, +7.200301E+00, -6.466310E-11
1680642806.991123, 0, -0.04920521, -0.0004439224, 0.04884048, 180.5169, 0, 0, 0, 8.0, +8.000787E+00, +1.044458E-09
1680642813.1786969, 0, -0.04993637, -7.850687e-05, 0.04993834, 180.0908, 0, 0, 0, 8.8, +8.800171E+00, +3.719573E-10
1680642819.3741221, 0, -0.05066753, -7.850687e-05, 0.05030201, 180.5057, 0, 0, 0, 9.600000000000001, +9.600201E+00, +2.278212E-11
1680642825.575554, 0, -0.05103311, -0.0004439224, 0.05103504, 179.6779, 0, 0, 0, 10.4, +1.040076E+01, +1.298361E-09
1680642831.7973933, 0, -0.05139869, -0.0004439224, 0.05139875, 180.0875, 0, 0, 0, 11.200000000000001, +1.120081E+01, +1.427661E-09
1680642837.9896119, 0, -0.05212985, -7.850687e-05, 0.05213063, 180.0863, 0, 0, 0, 12.0, +1.200011E+01, +4.342592E-10
1680642844.2041924, 0, -0.05286101, 0.0002869087, 0.05249621, 180.4812, 0, 0, 0, 12.8, +1.280070E+01, +3.629196E-10
1680642850.4070928, 0, -0.05359216, -0.0004439224, 0.05359222, 180.084, 0, 0, 0, 13.600000000000001, +1.360108E+01, +8.851675E-10
1680642856.5849452, 0, -0.05432332, -7.850687e-05, 0.05432408, 180.4682, 0, 0, 0, 14.4, +1.440010E+01, +1.590535E-09
1680642862.7749202, 0, -0.0546889, -7.850687e-05, 0.05505522, 180.0817, 0, 0, 0, 15.200000000000001, +1.520029E+01, +1.222578E-09
1680642868.9393246, 0, -0.05542006, -7.850687e-05, 0.0554208, 179.7034, 0, 0, 0, 16.0, +1.600082E+01, +1.336681E-09
1680642875.1321719, 0, -0.05615122, -7.850687e-05, 0.05615127, 180.0801, 0, 0, 0, 16.8, +1.680026E+01, +2.386577E-09
1680642881.2985978, 0, -0.05688237, -0.0004439224, 0.05688243, 180.0791, 0, 0, 0, 17.6, +1.759973E+01, +1.979998E-09
1680642887.480939, 0, -0.05761353, 0.0002869087, 0.05761359, 180.4415, 0, 0, 0, 18.400000000000002, +1.840044E+01, +1.892150E-09
1680642893.674012, 0, -0.05834469, -7.850687e-05, 0.0583454, 180.0771, 0, 0, 0, 19.200000000000003, +1.920065E+01, +2.009281E-09
1680642899.8625104, 0, -0.05944143, -7.850687e-05, 0.05944148, 180.4332, 0, 0, 0, 20.0, +1.999974E+01, +3.009547E-09
1680642906.0632133, 0, -0.06017259, -7.850687e-05, 0.0598077, 180.4253, 0, 0, 0, 20.8, +2.080046E+01, +2.296151E-09
1680642912.2684402, 0, -0.06053817, -7.850687e-05, 0.06053822, 179.7284, 0, 0, 0, 21.6, +2.160311E+01, +2.440445E-09
1680642918.4204347, 0, -0.06163491, 0.0002869087, 0.06090442, 180.073, 0, 0, 0, 22.400000000000002, +2.240347E+01, +1.835399E-09
1680642924.626137, 0, -0.06200048, -7.850687e-05, 0.06236764, 180.0721, 0, 0, 0, 23.200000000000003, +2.320394E+01, +2.352092E-09
1680642930.816489, 0, -0.06382838, 0.0002869087, 0.06346345, 180.4008, 0, 0, 0, 24.0, +2.400431E+01, +2.236778E-09
1680642936.986843, 0, -0.06455953, 0.0002869087, 0.06419401, 180.0693, 0, 0, 0, 24.8, +2.480425E+01, +4.046516E-09
1680642943.1525216, 0, -0.06638743, 0.0002869087, 0.06602508, 180.3831, 0, 0, 0, 25.6, +2.560486E+01, +2.650475E-09
1680642949.298305, 0, -0.06711859, 0.0002869087, 0.06675363, 179.7551, 0, 0, 0, 26.400000000000002, +2.640510E+01, +3.587327E-09
1680642955.518192, 0, -0.06821533, -7.850687e-05, 0.06821538, 179.7603, 0, 0, 0, 27.200000000000003, +2.720479E+01, +3.418546E-09
1680642961.7126095, 0, -0.06967764, 0.0002869087, 0.06967823, 179.7628, 0, 0, 0, 28.0, +2.800754E+01, +3.173227E-09
1680642967.8996046, 0, -0.07077438, 0.0002869087, 0.07040939, 179.7677, 0, 0, 0, 28.8, +2.880661E+01, +3.397793E-09
1680642974.0799272, 0, -0.0722367, 0.0002869087, 0.07223964, 180.0629, 0, 0, 0, 29.6, +2.960576E+01, +4.672463E-09
1680642980.2708626, 0, -0.07333343, 0.0002869087, 0.07333399, 179.7769, 0, 0, 0, 30.400000000000002, +3.040543E+01, +4.936969E-09
1680642986.4366677, 0, -0.07479575, 0.0002869087, 0.07479579, 179.7813, 0, 0, 0, 31.200000000000003, +3.120462E+01, +5.114992E-09
1680642992.6063614, 0, -0.07662365, 0.0006523243, 0.07662418, 179.5075, 0, 0, 0, 32.0, +3.200365E+01, +6.096474E-09
1680642998.7726533, 0, -0.07772039, 0.0006523243, 0.07772042, 180.0582, 0, 0, 0, 32.800000000000004, +3.280322E+01, +5.345365E-09
1680643004.9471343, 0, -0.07881712, 0.00101774, 0.07881983, 179.5258, 0, 0, 0, 33.6, +3.360202E+01, +5.416905E-09
1680643011.115127, 0, -0.08027944, 0.0002869087, 0.0799139, 180.0563, 0, 0, 0, 34.4, +3.440123E+01, +6.739941E-09
1680643017.3135767, 0, -0.08174177, 0.0006523243, 0.08174227, 179.2866, 0, 0, 0, 35.2, +3.520059E+01, +6.506538E-09
1680643023.4912314, 0, -0.08320408, 0.0002869087, 0.08320664, 179.8024, 0, 0, 0, 36.0, +3.600003E+01, +5.628854E-09
1680643029.6800666, 0, -0.08430082, 0.0002869087, 0.08466689, 179.5585, 0, 0, 0, 36.800000000000004, +3.679909E+01, +7.780947E-09
1680643035.8593335, 0, -0.08612871, 0.0002869087, 0.08612919, 179.566, 0, 0, 0, 37.6, +3.759897E+01, +5.732658E-09
1680643042.0443227, 0, -0.08759103, 0.0006523243, 0.08795903, 179.8123, 0, 0, 0, 38.400000000000006, +3.839820E+01, +6.072133E-09
1680643048.215575, 0, -0.08905335, 0.0006523243, 0.0890538, 179.5786, 0, 0, 0, 39.2, +3.919692E+01, +8.436939E-09
1680643054.3838508, 0, -0.09015008, 0.0006523243, 0.09015054, 179.5854, 0, 0, 0, 40.0, +3.999983E+01, +8.393917E-09
1680643060.6076028, 0, -0.0916124, 0.0002869087, 0.09234586, 179.8205, 0, 0, 0, 40.800000000000004, +4.080079E+01, +6.474220E-09
1680643066.7843049, 0, -0.09344029, 0.0006523243, 0.09344257, 179.3759, 0, 0, 0, 41.6, +4.160099E+01, +7.034930E-09
1680643072.998274, 0, -0.09636493, 0.001383155, 0.09600474, 179.6107, 0, 0, 0, 42.400000000000006, +4.240135E+01, +8.202770E-09
1680643079.1915703, 0, -0.09782724, 0.0006523243, 0.09747148, 179.4039, 0, 0, 0, 43.2, +4.320131E+01, +1.003966E-08
1680643085.3991501, 0, -0.1000207, 0.001383155, 0.1000259, 179.4149, 0, 0, 0, 44.0, +4.400178E+01, +9.810448E-09
1680643091.5939631, 0, -0.1018486, 0.00101774, 0.1014851, 179.2191, 0, 0, 0, 44.800000000000004, +4.480206E+01, +1.046492E-08
1680643097.7827604, 0, -0.1040421, 0.00101774, 0.1040425, 179.4376, 0, 0, 0, 45.6, +4.560263E+01, +1.067344E-08
1680643103.993622, 0, -0.10587, 0.00101774, 0.1058749, 179.6482, 0, 0, 0, 46.400000000000006, +4.640320E+01, +9.432450E-09
1680643110.1935093, 0, -0.108429, 0.0006523243, 0.1084338, 179.4604, 0, 0, 0, 47.2, +4.720267E+01, +1.061982E-08
1680643116.395296, 0, -0.1102569, 0.001383155, 0.1102656, 179.4711, 0, 0, 0, 48.0, +4.800270E+01, +1.165400E-08
1680643122.6011868, 0, -0.1124504, 0.001383155, 0.112455, 179.293, 0, 0, 0, 48.800000000000004, +4.880321E+01, +1.177654E-08
1680643128.7963507, 0, -0.1142783, 0.001383155, 0.1142828, 179.3065, 0, 0, 0, 49.6, +4.960396E+01, +1.046209E-08
1680643134.9889975, 0, -0.1164718, 0.001748571, 0.1161144, 179.4993, 0, 0, 0, 50.400000000000006, +5.040398E+01, +1.219977E-08
1680643141.1801975, 0, -0.1182997, 0.001383155, 0.1183126, 179.5071, 0, 0, 0, 51.2, +5.120438E+01, +1.240274E-08
1680643147.3515406, 0, -0.1204932, 0.001383155, 0.11977, 179.5146, 0, 0, 0, 52.0, +5.200876E+01, +1.013119E-08
1680643153.5376968, 0, -0.122321, 0.001383155, 0.1215978, 179.3502, 0, 0, 0, 52.800000000000004, +5.280897E+01, +1.081207E-08
1680643159.737138, 0, -0.1245145, 0.001748571, 0.1241613, 179.3635, 0, 0, 0, 53.6, +5.360830E+01, +1.381190E-08
1680643165.9561229, 0, -0.1270736, 0.001748571, 0.1267201, 179.2094, 0, 0, 0, 54.400000000000006, +5.440815E+01, +1.191138E-08
1680643172.144869, 0, -0.1292671, 0.001748571, 0.1292745, 179.225, 0, 0, 0, 55.2, +5.520775E+01, +1.147401E-08
1680643178.3401494, 0, -0.1314605, 0.002113987, 0.1314722, 179.0813, 0, 0, 0, 56.0, +5.600690E+01, +1.172150E-08
1680643184.5558786, 0, -0.1343852, 0.002113987, 0.134031, 179.0987, 0, 0, 0, 56.800000000000004, +5.680634E+01, +1.237648E-08
1680643190.7222881, 0, -0.1365786, 0.002113987, 0.1362295, 179.2645, 0, 0, 0, 57.6, +5.760509E+01, +1.394750E-08
1680643196.8918464, 0, -0.1387721, 0.002113987, 0.1384176, 179.2762, 0, 0, 0, 58.400000000000006, +5.840439E+01, +1.440260E-08
1680643203.0855458, 0, -0.1409656, 0.002113987, 0.1406219, 179.2875, 0, 0, 0, 59.2, +5.920424E+01, +1.243696E-08
1680643209.2675087, 0, -0.1431591, 0.002113987, 0.1431805, 179.0078, 0, 0, 0, 60.0, +6.000224E+01, +1.416424E-08
1680643215.4759004, 0, -0.1453525, 0.002844817, 0.1457392, 179.3107, 0, 0, 0, 60.800000000000004, +6.080217E+01, +1.298253E-08
1680643221.656559, 0, -0.1479116, 0.002113987, 0.1472013, 179.1791, 0, 0, 0, 61.6, +6.160132E+01, +1.401440E-08
1680643227.8601344, 0, -0.1493739, 0.002113987, 0.1493945, 179.049, 0, 0, 0, 62.400000000000006, +6.240065E+01, +1.357635E-08
1680643234.0595086, 0, -0.1515674, 0.002479402, 0.1515877, 179.0628, 0, 0, 0, 63.2, +6.319898E+01, +1.734929E-08
1680643240.2515988, 0, -0.154492, 0.002844817, 0.1541464, 179.0784, 0, 0, 0, 64.0, +6.400269E+01, +1.468149E-08
1680643246.4691281, 0, -0.1570511, 0.003210233, 0.1567113, 179.0955, 0, 0, 0, 64.8, +6.480139E+01, +1.605793E-08
1680643252.6580577, 0, -0.1596101, 0.002844817, 0.1589114, 178.9789, 0, 0, 0, 65.60000000000001, +6.560066E+01, +1.684916E-08
1680643258.8878398, 0, -0.1618036, 0.003210233, 0.1614631, 178.9927, 0, 0, 0, 66.4, +6.640029E+01, +1.665485E-08
1680643265.1029446, 0, -0.1643626, 0.002844817, 0.1640217, 179.0062, 0, 0, 0, 67.2, +6.719937E+01, +2.000158E-08
1680643271.3009782, 0, -0.1665561, 0.002479402, 0.1665945, 178.7674, 0, 0, 0, 68.0, +6.799963E+01, +2.060111E-08
1680643277.481189, 0, -0.1687496, 0.003210233, 0.1684146, 178.9054, 0, 0, 0, 68.8, +6.879991E+01, +2.071789E-08
1680643283.6475675, 0, -0.1702119, 0.003575649, 0.1706077, 178.7991, 0, 0, 0, 69.60000000000001, +6.960122E+01, +1.746860E-08
1680643289.8407035, 0, -0.172771, 0.003575649, 0.1724425, 178.8118, 0, 0, 0, 70.4, +7.040083E+01, +2.183100E-08
1680643296.0402238, 0, -0.1745989, 0.003575649, 0.1746355, 178.8268, 0, 0, 0, 71.2, +7.120135E+01, +2.198174E-08
1680643302.2373717, 0, -0.1767923, 0.003941064, 0.1764708, 178.8389, 0, 0, 0, 72.0, +7.200153E+01, +2.267736E-08
1680643308.4154754, 0, -0.1786202, 0.003941064, 0.1779327, 178.8485, 0, 0, 0, 72.8, +7.280225E+01, +2.146838E-08
1680643314.6324742, 0, -0.179717, 0.003575649, 0.1793947, 178.8602, 0, 0, 0, 73.60000000000001, +7.360227E+01, +2.050678E-08
1680643320.822377, 0, -0.1815449, 0.003941064, 0.1815801, 178.7539, 0, 0, 0, 74.4, +7.440204E+01, +2.336816E-08
1680643327.018438, 0, -0.1833728, 0.003575649, 0.1834233, 178.7688, 0, 0, 0, 75.2, +7.520262E+01, +2.275221E-08
1680643333.219745, 0, -0.1855662, 0.003941064, 0.1856162, 178.8917, 0, 0, 0, 76.0, +7.600648E+01, +2.249175E-08
1680643339.390365, 0, -0.1870286, 0.003941064, 0.1870701, 178.6809, 0, 0, 0, 76.80000000000001, +7.680637E+01, +2.479026E-08
1680643345.6115725, 0, -0.1884909, 0.003941064, 0.1881746, 178.9132, 0, 0, 0, 77.60000000000001, +7.760679E+01, +2.553065E-08
1680643351.8013253, 0, -0.1899532, 0.00430648, 0.1896365, 178.7012, 0, 0, 0, 78.4, +7.840849E+01, +2.048612E-08
1680643358.0086231, 0, -0.1914155, 0.00430648, 0.1910985, 178.8182, 0, 0, 0, 79.2, +7.920827E+01, +2.256222E-08
1680643364.2007911, 0, -0.1932434, 0.00430648, 0.1925689, 178.6124, 0, 0, 0, 80.0, +8.000820E+01, +2.571968E-08
1680643370.3935657, 0, -0.1925122, 0.003941064, 0.1918294, 178.7136, 0, 0, 0, 80.0, +8.000845E+01, +2.453951E-08
1680643376.5586207, 0, -0.1888565, 0.003941064, 0.1885401, 178.6937, 0, 0, 0, 79.2, +7.920817E+01, +2.327187E-08
1680643382.7522914, 0, -0.1855662, 0.003941064, 0.1856162, 178.6705, 0, 0, 0, 78.4, +7.840827E+01, +2.192895E-08
1680643388.9528234, 0, -0.1819105, 0.003941064, 0.1815877, 178.6438, 0, 0, 0, 77.6, +7.760706E+01, +2.473317E-08
1680643395.1279314, 0, -0.1786202, 0.003575649, 0.178656, 178.7334, 0, 0, 0, 76.8, +7.680648E+01, +2.427031E-08
1680643401.3013656, 0, -0.1756956, 0.003575649, 0.1753665, 178.7123, 0, 0, 0, 76.0, +7.600612E+01, +2.380800E-08
1680643407.472036, 0, -0.1720398, 0.003575649, 0.1724425, 178.8093, 0, 0, 0, 75.2, +7.520242E+01, +2.457424E-08
1680643413.6648638, 0, -0.168384, 0.003210233, 0.168408, 178.9078, 0, 0, 0, 74.4, +7.440327E+01, +1.937587E-08
1680643419.863717, 0, -0.1650938, 0.003210233, 0.1651183, 178.886, 0, 0, 0, 73.6, +7.360288E+01, +1.920933E-08
1680643426.0421612, 0, -0.1610724, 0.002844817, 0.1614631, 178.9904, 0, 0, 0, 72.8, +7.280310E+01, +1.887065E-08
1680643432.2541177, 0, -0.1570511, 0.002479402, 0.1574494, 178.9646, 0, 0, 0, 72.0, +7.200283E+01, +1.868789E-08
1680643438.433559, 0, -0.1526641, 0.002113987, 0.1526788, 178.8011, 0, 0, 0, 71.2, +7.120196E+01, +1.967733E-08
1680643444.6267292, 0, -0.1490083, 0.002479402, 0.1493945, 178.9089, 0, 0, 0, 70.4, +7.040175E+01, +1.854727E-08
1680643450.813659, 0, -0.1464493, 0.002479402, 0.1464769, 179.03, 0, 0, 0, 69.6, +6.960036E+01, +2.193418E-08
1680643456.9836268, 0, -0.1431591, 0.002479402, 0.1431747, 179.154, 0, 0, 0, 68.8, +6.880063E+01, +1.878734E-08
1680643463.1936142, 0, -0.1395033, 0.002113987, 0.1395193, 179.1341, 0, 0, 0, 68.0, +6.800034E+01, +1.813479E-08
1680643469.3718877, 0, -0.1365786, 0.001748571, 0.1362243, 179.2665, 0, 0, 0, 67.2, +6.720022E+01, +1.712650E-08
1680643475.5766623, 0, -0.1329228, 0.001748571, 0.13293, 179.2484, 0, 0, 0, 66.4, +6.639970E+01, +1.912071E-08
1680643481.7742853, 0, -0.1292671, 0.001383155, 0.12964, 179.3869, 0, 0, 0, 65.6, +6.560037E+01, +1.897696E-08
1680643487.955783, 0, -0.1263424, 0.001383155, 0.12635, 179.3728, 0, 0, 0, 64.8, +6.480135E+01, +1.760486E-08
1680643494.1284645, 0, -0.1226866, 0.001383155, 0.1226944, 179.1859, 0, 0, 0, 64.0, +6.400184E+01, +1.877890E-08
1680643500.3140407, 0, -0.1201276, 0.001383155, 0.11977, 179.3383, 0, 0, 0, 63.2, +6.319910E+01, +1.822844E-08
1680643506.5037563, 0, -0.1175685, 0.001383155, 0.1179359, 179.504, 0, 0, 0, 62.4, +6.239992E+01, +1.755751E-08
1680643512.7035923, 0, -0.115375, 0.00101774, 0.1153795, 179.493, 0, 0, 0, 61.599999999999994, +6.160095E+01, +1.619554E-08
1680643518.8972178, 0, -0.112816, 0.0006523243, 0.112455, 179.4831, 0, 0, 0, 60.8, +6.080117E+01, +1.742890E-08
1680643525.0861483, 0, -0.1098914, 0.00101774, 0.1098961, 179.4711, 0, 0, 0, 60.0, +6.000244E+01, +1.462841E-08
1680643531.289283, 0, -0.1080635, 0.00101774, 0.1077068, 179.2642, 0, 0, 0, 59.2, +5.920327E+01, +1.639608E-08
1680643537.4615574, 0, -0.1051388, 0.00101774, 0.1051437, 179.2463, 0, 0, 0, 58.4, +5.840442E+01, +1.520538E-08
1680643543.6497765, 0, -0.1022142, 0.00101774, 0.1029504, 179.6356, 0, 0, 0, 57.599999999999994, +5.760567E+01, +1.351830E-08
1680643549.8419094, 0, -0.09965514, 0.0006523243, 0.1003867, 179.6263, 0, 0, 0, 56.8, +5.680589E+01, +1.453890E-08
1680643556.028594, 0, -0.09819283, 0.0006523243, 0.09782942, 179.6179, 0, 0, 0, 56.0, +5.600650E+01, +1.457212E-08
1680643562.2062771, 0, -0.09563377, 0.0006523243, 0.09527043, 179.6092, 0, 0, 0, 55.2, +5.520765E+01, +1.264289E-08
1680643568.3796132, 0, -0.09307472, 0.00101774, 0.09344584, 179.5984, 0, 0, 0, 54.4, +5.440786E+01, +1.415160E-08
1680643574.5478094, 0, -0.09088124, 0.0006523243, 0.09124915, 179.8198, 0, 0, 0, 53.599999999999994, +5.360843E+01, +1.410273E-08
1680643580.722322, 0, -0.0897845, 0.0006523243, 0.08978687, 179.3479, 0, 0, 0, 52.8, +5.280892E+01, +1.169998E-08
1680643586.9220605, 0, -0.08795661, 0.0006523243, 0.08795903, 179.8131, 0, 0, 0, 52.0, +5.200871E+01, +1.204486E-08
1680643593.1239915, 0, -0.08649429, -7.850687e-05, 0.08649477, 180.052, 0, 0, 0, 51.2, +5.120475E+01, +1.193070E-08
1680643599.3097715, 0, -0.08503197, 0.0002869087, 0.08466891, 179.5585, 0, 0, 0, 50.4, +5.040470E+01, +1.090596E-08
1680643605.534638, 0, -0.08320408, 0.0006523243, 0.08320664, 180.0541, 0, 0, 0, 49.599999999999994, +4.960403E+01, +1.140387E-08
1680643611.7075338, 0, -0.08137618, 0.0006523243, 0.08137879, 179.7989, 0, 0, 0, 48.8, +4.880354E+01, +1.134596E-08
1680643617.8851752, 0, -0.07991386, 0.0002869087, 0.07991438, 179.7952, 0, 0, 0, 48.0, +4.800357E+01, +9.976644E-09
1680643624.1014853, 0, -0.07881712, -7.850687e-05, 0.07881717, 179.7914, 0, 0, 0, 47.199999999999996, +4.720273E+01, +1.154160E-08
1680643630.285662, 0, -0.0773548, 0.0002869087, 0.07735485, 179.7885, 0, 0, 0, 46.4, +4.640302E+01, +1.137175E-08
1680643636.5093079, 0, -0.07589249, 0.0002869087, 0.07589253, 180.0593, 0, 0, 0, 45.6, +4.560272E+01, +1.047883E-08
1680643642.716683, 0, -0.07443018, 0.0002869087, 0.07443303, 180.3401, 0, 0, 0, 44.8, +4.480223E+01, +1.017990E-08
1680643648.8723927, 0, -0.07296786, 0.0002869087, 0.07333399, 179.7758, 0, 0, 0, 44.0, +4.400187E+01, +1.023119E-08
1680643655.0814834, 0, -0.07150554, 0.0006523243, 0.07150612, 180.0623, 0, 0, 0, 43.199999999999996, +4.320188E+01, +8.474628E-09
1680643661.2835777, 0, -0.07077438, -7.850687e-05, 0.07041616, 179.7665, 0, 0, 0, 42.4, +4.240120E+01, +8.788457E-09
1680643667.4577274, 0, -0.06931207, -0.0004439224, 0.06967823, 179.7641, 0, 0, 0, 41.599999999999994, +4.160051E+01, +9.360780E-09
1680643673.6457362, 0, -0.06858091, -7.850687e-05, 0.06821538, 179.759, 0, 0, 0, 40.8, +4.080068E+01, +7.547781E-09
1680643679.8634872, 0, -0.06638743, 0.0002869087, 0.06711864, 180.0674, 0, 0, 0, 40.0, +4.000026E+01, +7.306804E-09
1680643686.02621, 0, -0.06602185, -0.0004439224, 0.0660219, 180.0681, 0, 0, 0, 39.199999999999996, +3.919706E+01, +8.498461E-09
1680643692.223817, 0, -0.06455953, -7.850687e-05, 0.06455959, 180.0697, 0, 0, 0, 38.4, +3.839759E+01, +8.457966E-09
1680643698.4062116, 0, -0.0634628, -7.850687e-05, 0.06382842, 180.0709, 0, 0, 0, 37.599999999999994, +3.759827E+01, +8.108141E-09
1680643704.5969937, 0, -0.06236606, 0.0002869087, 0.06273322, 180.0717, 0, 0, 0, 36.8, +3.679905E+01, +7.701358E-09
1680643710.770663, 0, -0.06126932, 0.0002869087, 0.06163557, 179.7301, 0, 0, 0, 36.0, +3.600003E+01, +5.859227E-09
1680643716.952924, 0, -0.06090375, 0.0002869087, 0.06053979, 179.7301, 0, 0, 0, 35.199999999999996, +3.520037E+01, +7.296957E-09
1680643723.1447434, 0, -0.06017259, -7.850687e-05, 0.05980706, 180.0748, 0, 0, 0, 34.4, +3.440141E+01, +5.551302E-09
1680643729.324241, 0, -0.05944143, -0.0004439224, 0.05907655, 179.72, 0, 0, 0, 33.599999999999994, +3.360185E+01, +6.489310E-09
1680643735.5511918, 0, -0.05871027, -0.0004439224, 0.05907655, 180.0766, 0, 0, 0, 32.8, +3.280289E+01, +6.502840E-09
1680643741.7397444, 0, -0.05797911, -7.850687e-05, 0.05761425, 180.0771, 0, 0, 0, 32.0, +3.200375E+01, +5.800506E-09
1680643747.936316, 0, -0.05688237, -7.850687e-05, 0.05724968, 180.0786, 0, 0, 0, 31.199999999999996, +3.120467E+01, +4.994022E-09
1680643754.1289523, 0, -0.0565168, -7.850687e-05, 0.05688243, 179.7091, 0, 0, 0, 30.4, +3.040534E+01, +4.357116E-09
1680643760.3405256, 0, -0.05578564, 0.0002869087, 0.05615127, 180.453, 0, 0, 0, 29.599999999999994, +2.960594E+01, +3.993912E-09
1680643766.502434, 0, -0.0546889, 0.0002869087, 0.05542011, 180.0812, 0, 0, 0, 28.799999999999997, +2.880613E+01, +5.279674E-09
1680643772.6828437, 0, -0.05432332, -0.0008093381, 0.05468965, 180.0828, 0, 0, 0, 28.0, +2.800732E+01, +3.848257E-09
1680643778.8938868, 0, -0.05395774, -7.850687e-05, 0.05432338, 180.4714, 0, 0, 0, 27.199999999999996, +2.720476E+01, +3.883195E-09
1680643785.0895364, 0, -0.05359216, 0.0002869087, 0.05359222, 180.4746, 0, 0, 0, 26.4, +2.640501E+01, +4.563814E-09
1680643791.2684393, 0, -0.05249543, 0.0002869087, 0.05286106, 179.689, 0, 0, 0, 25.599999999999994, +2.560492E+01, +2.911867E-09
1680643797.4679296, 0, -0.05212985, -7.850687e-05, 0.05176433, 180.0863, 0, 0, 0, 24.799999999999997, +2.480443E+01, +3.501861E-09
1680643803.6611211, 0, -0.05139869, 0.0002869087, 0.0514006, 180.0875, 0, 0, 0, 24.0, +2.400401E+01, +3.915555E-09
1680643809.8448138, 0, -0.05103311, -7.850687e-05, 0.05103504, 180.0888, 0, 0, 0, 23.199999999999996, +2.320355E+01, +3.505346E-09
1680643816.0433152, 0, -0.05030195, -7.850687e-05, 0.05030201, 180.502, 0, 0, 0, 22.4, +2.240301E+01, +2.878341E-09
1680643822.252351, 0, -0.05030195, 0.0002869087, 0.05030391, 180.0901, 0, 0, 0, 21.599999999999994, +2.160303E+01, +2.035154E-09
1680643828.4748764, 0, -0.04920521, -7.850687e-05, 0.04957085, 180.0908, 0, 0, 0, 20.799999999999997, +2.080043E+01, +2.629035E-09
1680643834.6627045, 0, -0.04883964, -0.0004439224, 0.04920722, 180.5169, 0, 0, 0, 20.0, +1.999985E+01, +2.353779E-09
1680643840.862006, 0, -0.04847405, -0.0004439224, 0.0488397, 180.5247, 0, 0, 0, 19.199999999999996, +1.920061E+01, +2.517611E-09
1680643847.0482917, 0, -0.04810848, -7.850687e-05, 0.04811052, 180.0935, 0, 0, 0, 18.4, +1.840050E+01, +1.406436E-09
1680643853.2278364, 0, -0.0477429, -7.850687e-05, 0.04737739, 180.5328, 0, 0, 0, 17.599999999999994, +1.759982E+01, +1.313538E-09
1680643859.4463472, 0, -0.04737732, 0.0002869087, 0.0473794, 180.5369, 0, 0, 0, 16.799999999999997, +1.680032E+01, +1.860164E-09
1680643865.6499176, 0, -0.04664616, -0.0004439224, 0.0470118, 180.5496, 0, 0, 0, 16.0, +1.600073E+01, +1.974669E-09
1680643871.8127987, 0, -0.04628058, -7.850687e-05, 0.04591507, 180.0972, 0, 0, 0, 15.200000000000003, +1.520034E+01, +6.201965E-10
1680643877.967179, 0, -0.045915, -7.850687e-05, 0.04591715, 179.642, 0, 0, 0, 14.399999999999991, +1.440009E+01, +1.534572E-09
1680643884.1745944, 0, -0.04554942, 0.0002869087, 0.04555159, 180.0988, 0, 0, 0, 13.599999999999994, +1.360099E+01, +1.519324E-09
1680643890.3753977, 0, -0.04481826, 0.0002869087, 0.04555159, 180.1004, 0, 0, 0, 12.799999999999997, +1.280072E+01, +1.775748E-10
1680643896.5740945, 0, -0.0440871, -0.0004439224, 0.0444549, 180.1012, 0, 0, 0, 12.0, +1.200009E+01, +2.723392E-10
1680643902.7739491, 0, -0.0440871, -7.850687e-05, 0.04408718, 180.5769, 0, 0, 0, 11.200000000000003, +1.120084E+01, +1.055850E-09
1680643908.9819283, 0, -0.04335595, -7.850687e-05, 0.04335602, 180.5866, 0, 0, 0, 10.399999999999991, +1.040076E+01, +1.018288E-09
1680643915.174269, 0, -0.04299037, -0.0004439224, 0.04335822, 179.6143, 0, 0, 0, 9.599999999999994, +9.600108E+00, +4.151677E-10
1680643921.367277, 0, -0.04262479, -0.0004439224, 0.04299266, 180.5916, 0, 0, 0, 8.799999999999997, +8.800222E+00, -3.493706E-10
1680643927.5455925, 0, -0.04225921, -7.850687e-05, 0.04225928, 180.1065, 0, 0, 0, 8.0, +8.000896E+00, -1.226749E-10
1680643933.7538872, 0, -0.04189363, 0.0002869087, 0.04189371, 180.1065, 0, 0, 0, 7.200000000000003, +7.200277E+00, -1.988123E-10
1680643939.928237, 0, -0.04152805, -0.0004439224, 0.04189598, 180.1074, 0, 0, 0, 6.3999999999999915, +6.399970E+00, -3.282661E-10
1680643946.130326, 0, -0.04116247, 0.0002869087, 0.04152904, 180.1083, 0, 0, 0, 5.599999999999994, +5.600788E+00, -6.808303E-10
1680643952.306884, 0, -0.04079689, -0.0008093381, 0.04116487, 181.1365, 0, 0, 0, 4.799999999999997, +4.800469E+00, -7.548472E-10
1680643958.5177577, 0, -0.04043131, -0.0004439224, 0.04079697, 180.1103, 0, 0, 0, 4.0, +3.999740E+00, -3.252871E-10
1680643964.7086723, 0, -0.04006574, -0.0004439224, 0.04006819, 180.1123, 0, 0, 0, 3.1999999999999886, +3.200552E+00, -6.859298E-10
1680643970.8811557, 0, -0.04006574, -0.0004439224, 0.04006581, 179.5897, 0, 0, 0, 2.3999999999999915, +2.400489E+00, -1.240886E-10
1680643977.0851238, 0, -0.03970016, -7.850687e-05, 0.03970841, 180.1133, 0, 0, 0, 1.5999999999999943, +1.600087E+00, -4.831662E-10
1680643983.2972465, 0, -0.038969, -0.0004439224, 0.03933708, 180.6466, 0, 0, 0, 0.7999999999999972, +8.000858E-01, -9.653357E-10
1680643989.4876165, 0, -0.038969, -0.0008093381, 0.03896908, 180.6466, 0, 0, 0, 0.0, +3.875584E-05, -4.638677E-11
1680643995.6799152, 0, -0.03933458, -7.850687e-05, 0.03897152, 180.6527, 0, 0, 0, 0.0, +4.067345E-05, -1.002578E-10
1680644001.8667405, 0, -0.03860342, -7.850687e-05, 0.03896908, 180.1165, 0, 0, 0, -0.8, -7.999501E-01, -9.798752E-10
1680644008.0764685, 0, -0.03823784, -7.850687e-05, 0.03860597, 180.6652, 0, 0, 0, -1.6, -1.599965E+00, -1.657922E-10
1680644014.2617545, 0, -0.03823784, -0.0004439224, 0.03824041, 180.1199, 0, 0, 0, -2.4000000000000004, -2.399221E+00, -2.746463E-10
1680644020.4339092, 0, -0.03750668, -0.0004439224, 0.03787486, 179.5659, 0, 0, 0, -3.2, -3.199061E+00, -1.323199E-09
1680644026.6030262, 0, -0.03750668, -0.0004439224, 0.03714376, 180.1211, 0, 0, 0, -4.0, -3.998789E+00, -4.831650E-10
1680644032.8094554, 0, -0.03640994, -0.0004439224, 0.03714221, 180.1211, 0, 0, 0, -4.800000000000001, -4.799286E+00, -1.597605E-09
1680644038.9965065, 0, -0.03677552, -7.850687e-05, 0.03714118, 180.1211, 0, 0, 0, -5.6000000000000005, -5.599282E+00, -1.689595E-09
1680644045.1656842, 0, -0.03640994, -7.850687e-05, 0.03641003, 180.1236, 0, 0, 0, -6.4, -6.398926E+00, -9.274665E-10
1680644051.3752475, 0, -0.03677552, 0.0002869087, 0.03641265, 180.7056, 0, 0, 0, -7.2, -7.199223E+00, -1.238629E-09
1680644057.5663762, 0, -0.03604437, -7.850687e-05, 0.03568155, 180.6985, 0, 0, 0, -8.0, -7.999850E+00, -1.255543E-09
1680644063.7525578, 0, -0.03604437, -0.0004439224, 0.03605345, 180.7129, 0, 0, 0, -8.8, -8.799306E+00, -2.170198E-09
1680644069.9380918, 0, -0.03567879, -0.0004439224, 0.03458214, 180.7202, 0, 0, 0, -9.600000000000001, -9.598987E+00, -1.943149E-09
1680644076.142499, 0, -0.03531321, -0.0004439224, 0.03458214, 180.1261, 0, 0, 0, -10.4, -1.039974E+01, -1.510208E-09
1680644082.3589597, 0, -0.03494763, -0.0004439224, 0.03495045, 180.7202, 0, 0, 0, -11.200000000000001, -1.119966E+01, -2.475250E-09
1680644088.5553226, 0, -0.03458205, -0.0008093381, 0.03458214, 180.7355, 0, 0, 0, -12.0, -1.199919E+01, -1.954509E-09
1680644094.7311223, 0, -0.03458205, -0.0004439224, 0.0345849, 180.7433, 0, 0, 0, -12.8, -1.279969E+01, -2.397800E-09
1680644100.931538, 0, -0.03421647, -7.850687e-05, 0.03421935, 180.1315, 0, 0, 0, -13.600000000000001, -1.359970E+01, -2.829582E-09
1680644107.132748, 0, -0.03385089, -0.0004439224, 0.0338538, 180.1344, 0, 0, 0, -14.4, -1.439904E+01, -3.104088E-09
1680644113.3470082, 0, -0.03385089, -0.0004439224, 0.03348825, 181.355, 0, 0, 0, -15.200000000000001, -1.519910E+01, -3.392733E-09
1680644119.5212781, 0, -0.03385089, -0.0004439224, 0.0338538, 180.7596, 0, 0, 0, -16.0, -1.599958E+01, -3.563789E-09
1680644125.7333302, 0, -0.03311973, -0.0004439224, 0.03348825, 180.7596, 0, 0, 0, -16.8, -1.679909E+01, -3.694250E-09
1680644131.9100127, 0, -0.03311973, -0.0008093381, 0.03312271, 180.7765, 0, 0, 0, -17.6, -1.759878E+01, -3.495981E-09
1680644138.0892427, 0, -0.03275415, -7.850687e-05, 0.03275425, 180.7679, 0, 0, 0, -18.400000000000002, -1.839908E+01, -3.488458E-09
1680644144.2999904, 0, -0.03275415, -7.850687e-05, 0.03312271, 179.4924, 0, 0, 0, -19.200000000000003, -1.919924E+01, -3.584891E-09
1680644150.4716625, 0, -0.03275415, 0.0002869087, 0.03238867, 180.1373, 0, 0, 0, -20.0, -1.999870E+01, -3.531070E-09
1680644156.6585426, 0, -0.03238858, -7.850687e-05, 0.03202607, 180.7853, 0, 0, 0, -20.8, -2.079924E+01, -3.742870E-09
1680644162.8330548, 0, -0.03238858, -0.0004439224, 0.03166053, 180.7853, 0, 0, 0, -21.6, -2.158904E+01, -4.377870E-09
1680644169.03179, 0, -0.03202299, -0.0004439224, 0.03202309, 180.7853, 0, 0, 0, -22.400000000000002, -2.238903E+01, -4.805664E-09
1680644175.2244408, 0, -0.03165742, -0.0004439224, 0.03202607, 180.8034, 0, 0, 0, -23.200000000000003, -2.318975E+01, -4.703624E-09
1680644181.41909, 0, -0.03165742, 0.0002869087, 0.03202309, 181.4478, 0, 0, 0, -24.0, -2.399013E+01, -4.637482E-09
1680644187.647841, 0, -0.03129184, -0.0004439224, 0.03166053, 181.4645, 0, 0, 0, -24.8, -2.479057E+01, -4.841964E-09
1680644193.8541257, 0, -0.03129184, -7.850687e-05, 0.03129498, 180.8128, 0, 0, 0, -25.6, -2.559073E+01, -5.758332E-09
1680644200.0228038, 0, -0.03129184, -0.0008093381, 0.03129193, 180.1421, 0, 0, 0, -26.400000000000002, -2.639463E+01, -5.410718E-09
1680644206.2132573, 0, -0.03129184, -0.0004439224, 0.03129193, 180.8224, 0, 0, 0, -27.200000000000003, -2.719382E+01, -5.816596E-09
1680644212.4039667, 0, -0.03092625, -0.0008093381, 0.03129498, 180.8224, 0, 0, 0, -28.0, -2.799320E+01, -6.181580E-09
1680644218.6149988, 0, -0.03056068, -0.0004439224, 0.03092635, 179.4747, 0, 0, 0, -28.8, -2.879257E+01, -6.358437E-09
1680644224.7990837, 0, -0.03092625, 0.0002869087, 0.03092635, 180.8322, 0, 0, 0, -29.6, -2.959195E+01, -5.822301E-09
1680644231.021578, 0, -0.03092625, -7.850687e-05, 0.03056078, 180.8322, 0, 0, 0, -30.400000000000002, -3.039161E+01, -6.266649E-09
1680644237.212379, 0, -0.03056068, -7.850687e-05, 0.0305639, 180.8322, 0, 0, 0, -31.200000000000003, -3.119096E+01, -6.359253E-09
1680644243.3784847, 0, -0.03092625, -0.0004439224, 0.0305639, 180.8224, 0, 0, 0, -32.0, -3.199024E+01, -6.590538E-09
1680644249.555423, 0, -0.03056068, -0.0008093381, 0.03056078, 180.8322, 0, 0, 0, -32.800000000000004, -3.278935E+01, -7.058818E-09
1680644255.7311034, 0, -0.0301951, -7.850687e-05, 0.0305639, 181.517, 0, 0, 0, -33.6, -3.358812E+01, -6.692879E-09
1680644261.942282, 0, -0.0301951, -7.850687e-05, 0.03019836, 181.517, 0, 0, 0, -34.4, -3.438758E+01, -6.905790E-09
1680644268.1359804, 0, -0.0301951, -0.0008093381, 0.03019836, 180.1508, 0, 0, 0, -35.2, -3.518681E+01, -7.046653E-09
1680644274.3041706, 0, -0.02982952, -7.850687e-05, 0.0298405, 180.8526, 0, 0, 0, -36.0, -3.598614E+01, -7.465912E-09
1680644280.4961078, 0, -0.02946394, -0.0008093381, 0.02983282, 180.8526, 0, 0, 0, -36.800000000000004, -3.678551E+01, -7.735820E-09
1680644286.675691, 0, -0.02946394, -7.850687e-05, 0.02946404, 180.8632, 0, 0, 0, -37.6, -3.758806E+01, -7.652315E-09
1680644292.863571, 0, -0.02946394, -0.0004439224, 0.02946728, 180.1527, 0, 0, 0, -38.400000000000006, -3.838726E+01, -8.063294E-09
1680644299.0419898, 0, -0.02946394, -7.850687e-05, 0.02946534, 180.8632, 0, 0, 0, -39.2, -3.918656E+01, -7.925764E-09
1680644305.2383637, 0, -0.02946394, -0.0004439224, 0.02946728, 180.8741, 0, 0, 0, -40.0, -3.998619E+01, -8.716315E-09
1680644311.4160347, 0, -0.02946394, -0.0004439224, 0.02910174, 180.8741, 0, 0, 0, -40.800000000000004, -4.078663E+01, -8.785286E-09
1680644317.6130686, 0, -0.02909836, -7.850687e-05, 0.02873621, 180.8632, 0, 0, 0, -41.6, -4.158718E+01, -8.124385E-09
1680644323.7860363, 0, -0.02873278, 0.0002869087, 0.02873621, 180.1566, 0, 0, 0, -42.400000000000006, -4.238748E+01, -8.802343E-09
1680644329.9641323, 0, -0.02909836, -0.0004439224, 0.02910961, 180.1546, 0, 0, 0, -43.2, -4.318791E+01, -8.640527E-09
1680644336.1760144, 0, -0.02909836, -0.0004439224, 0.02873621, 181.6135, 0, 0, 0, -44.0, -4.398835E+01, -8.829510E-09
1680644342.3443823, 0, -0.0283672, -7.850687e-05, 0.02836865, 180.8852, 0, 0, 0, -44.800000000000004, -4.478862E+01, -9.202052E-09
1680644348.5507536, 0, -0.02909836, -7.850687e-05, 0.02873621, 180.1566, 0, 0, 0, -45.6, -4.558907E+01, -8.967693E-09
1680644354.7557087, 0, -0.0283672, -0.0004439224, 0.02873621, 180.8852, 0, 0, 0, -46.400000000000006, -4.638954E+01, -8.781888E-09
1680644360.9110267, 0, -0.0283672, 0.0002869087, 0.02836731, 180.8966, 0, 0, 0, -47.2, -4.718917E+01, -9.285623E-09
1680644367.099448, 0, -0.02873278, -0.0004439224, 0.02800514, 180.9083, 0, 0, 0, -48.0, -4.799286E+01, -9.580783E-09
1680644373.2780688, 0, -0.0283672, -0.0004439224, 0.02836731, 180.8966, 0, 0, 0, -48.800000000000004, -4.879340E+01, -9.012071E-09
1680644379.4948921, 0, -0.02800162, -7.850687e-05, 0.02837067, 180.1586, 0, 0, 0, -49.6, -4.959372E+01, -9.324196E-09
1680644385.7191575, 0, -0.02800162, -0.0008093381, 0.02800514, 180.1607, 0, 0, 0, -50.400000000000006, -5.039410E+01, -9.534379E-09
1680644391.921887, 0, -0.02800162, -7.850687e-05, 0.02800514, 180.8966, 0, 0, 0, -51.2, -5.119443E+01, -9.191909E-09
1680644398.0836654, 0, -0.02800162, -0.0004439224, 0.02763961, 181.6556, 0, 0, 0, -52.0, -5.199480E+01, -9.524681E-09
1680644404.2655506, 0, -0.0283672, -0.0004439224, 0.02764789, 181.6556, 0, 0, 0, -52.800000000000004, -5.279491E+01, -1.008218E-08
1680644410.4874537, 0, -0.02800162, -0.0004439224, 0.02800173, 180.9083, 0, 0, 0, -53.6, -5.359519E+01, -9.614451E-09
1680644416.6802025, 0, -0.02763604, -0.0004439224, 0.02763615, 181.7, 0, 0, 0, -54.400000000000006, -5.439441E+01, -1.001139E-08
1680644422.8886552, 0, -0.02763604, -0.0004439224, 0.02763961, 180.9326, 0, 0, 0, -55.2, -5.519377E+01, -9.746730E-09
1680644429.081438, 0, -0.02763604, -0.0008093381, 0.02727058, 180.9326, 0, 0, 0, -56.0, -5.599301E+01, -9.761220E-09
1680644435.277749, 0, -0.02727046, -0.0008093381, 0.02727408, 180.9326, 0, 0, 0, -56.800000000000004, -5.679231E+01, -1.000509E-08
1680644441.4673433, 0, -0.02727046, -7.850687e-05, 0.02728247, 180.9326, 0, 0, 0, -57.6, -5.759156E+01, -1.015645E-08
1680644447.6355314, 0, -0.02727046, -0.0004439224, 0.026905, 180.1672, 0, 0, 0, -58.400000000000006, -5.839423E+01, -1.021708E-08
1680644453.8065126, 0, -0.02727046, -0.0004439224, 0.02727408, 180.1672, 0, 0, 0, -59.2, -5.919344E+01, -1.010647E-08
1680644460.002271, 0, -0.02727046, -0.0004439224, 0.02690855, 181.7, 0, 0, 0, -60.0, -5.999196E+01, -1.049968E-08
1680644466.1996331, 0, -0.02690488, -0.0008093381, 0.02691706, 180.1672, 0, 0, 0, -60.800000000000004, -6.079132E+01, -1.067249E-08
1680644472.3995922, 0, -0.02690488, -0.0008093381, 0.02653942, 180.1672, 0, 0, 0, -61.6, -6.159031E+01, -1.092413E-08
1680644478.575738, 0, -0.02690488, -0.0004439224, 0.02727058, 180.9583, 0, 0, 0, -62.400000000000006, -6.238987E+01, -1.104455E-08
1680644484.7700436, 0, -0.02690488, -0.0008093381, 0.02690855, 180.9453, 0, 0, 0, -63.2, -6.318895E+01, -1.127977E-08
1680644490.9537902, 0, -0.02690488, -0.0004439224, 0.02654302, 180.1695, 0, 0, 0, -64.0, -6.398866E+01, -1.064477E-08
1680644497.1485379, 0, -0.02690488, -7.850687e-05, 0.02654302, 180.9583, 0, 0, 0, -64.8, -6.478770E+01, -1.123196E-08
1680644503.346577, 0, -0.02653931, -7.850687e-05, 0.02654302, 179.3806, 0, 0, 0, -65.60000000000001, -6.558708E+01, -1.127810E-08
1680644509.545913, 0, -0.02653931, -0.0004439224, 0.02654302, 180.9583, 0, 0, 0, -66.4, -6.638624E+01, -1.109528E-08
1680644515.7512033, 0, -0.02617373, -0.0004439224, 0.02654302, 180.9717, 0, 0, 0, -67.2, -6.718626E+01, -1.148355E-08
1680644521.9369714, 0, -0.02617373, -0.0004439224, 0.02653942, 181.7467, 0, 0, 0, -68.0, -6.798675E+01, -1.154009E-08
1680644528.126784, 0, -0.02617373, -0.0004439224, 0.02617384, 180.9855, 0, 0, 0, -68.8, -6.879031E+01, -1.162556E-08
1680644534.3170524, 0, -0.02617373, -0.0004439224, 0.02618624, 181.7467, 0, 0, 0, -69.60000000000001, -6.959050E+01, -1.205522E-08
1680644540.5394084, 0, -0.02617373, -7.850687e-05, 0.02617749, 180.9855, 0, 0, 0, -70.4, -7.039097E+01, -1.255875E-08
1680644546.700397, 0, -0.02580815, -7.850687e-05, 0.02617749, 180.1719, 0, 0, 0, -71.2, -7.119135E+01, -1.279750E-08
1680644552.869589, 0, -0.02580815, -7.850687e-05, 0.02580827, 180.9855, 0, 0, 0, -72.0, -7.199192E+01, -1.249059E-08
1680644559.0390828, 0, -0.02580815, -0.0004439224, 0.02580827, 180.9855, 0, 0, 0, -72.8, -7.279222E+01, -1.272178E-08
1680644565.224032, 0, -0.02617373, -0.0008093381, 0.02581196, 181.7962, 0, 0, 0, -73.60000000000001, -7.359185E+01, -1.305464E-08
1680644571.4201329, 0, -0.02544257, -0.0004439224, 0.02580974, 180.1743, 0, 0, 0, -74.4, -7.439214E+01, -1.332022E-08
1680644577.5817165, 0, -0.02580815, -0.0004439224, 0.02544644, 180.9996, 0, 0, 0, -75.2, -7.519250E+01, -1.350919E-08
1680644583.7643464, 0, -0.02580815, -7.850687e-05, 0.02580827, 180.9855, 0, 0, 0, -76.0, -7.599288E+01, -1.369863E-08
1680644589.942001, 0, -0.02544257, -0.0004439224, 0.02544644, 181.7962, 0, 0, 0, -76.80000000000001, -7.679333E+01, -1.410167E-08
1680644596.123053, 0, -0.02544257, -0.0004439224, 0.02581196, 180.9996, 0, 0, 0, -77.60000000000001, -7.759361E+01, -1.448706E-08
1680644602.3128936, 0, -0.02544257, -7.850687e-05, 0.02507711, 180.9996, 0, 0, 0, -78.4, -7.839398E+01, -1.458662E-08
1680644608.4968128, 0, -0.02544257, -0.0004439224, 0.02545544, 180.9996, 0, 0, 0, -79.2, -7.919781E+01, -1.434634E-08
1680644614.6779342, 0, -0.02507699, -7.850687e-05, 0.02581196, 180.9996, 0, 0, 0, -80.0, -7.999804E+01, -1.512231E-08
1680644620.8606324, 0, -0.02507699, -0.0004439224, 0.02544644, 180.1794, 0, 0, 0, -80.0, -7.999795E+01, -1.513482E-08
1680644627.0335305, 0, -0.02544257, 0.0002869087, 0.02581196, 180.9996, 0, 0, 0, -79.2, -7.919775E+01, -1.418281E-08
1680644633.2014468, 0, -0.02544257, -0.0004439224, 0.02581196, 180.9996, 0, 0, 0, -78.4, -7.839415E+01, -1.381247E-08
1680644639.4240808, 0, -0.02544257, -0.0008093381, 0.02544419, 180.1743, 0, 0, 0, -77.6, -7.759370E+01, -1.404695E-08
1680644645.5984507, 0, -0.02544257, -0.0004439224, 0.02580827, 179.3631, 0, 0, 0, -76.8, -7.679339E+01, -1.371376E-08
1680644651.7843423, 0, -0.02544257, -0.0004439224, 0.02545544, 180.1743, 0, 0, 0, -76.0, -7.599275E+01, -1.361744E-08
1680644657.9797158, 0, -0.02580815, -0.0004439224, 0.02617749, 180.1743, 0, 0, 0, -75.2, -7.519270E+01, -1.263554E-08
1680644664.1589093, 0, -0.02617373, -0.0004439224, 0.02581196, 180.1719, 0, 0, 0, -74.4, -7.439235E+01, -1.238814E-08
1680644670.373564, 0, -0.02617373, 0.0002869087, 0.02581196, 180.1743, 0, 0, 0, -73.6, -7.359188E+01, -1.253891E-08
1680644676.5657246, 0, -0.02580815, -0.0008093381, 0.02581196, 179.3719, 0, 0, 0, -72.8, -7.279230E+01, -1.206793E-08
1680644682.7389002, 0, -0.02617373, -0.0008093381, 0.02581196, 181.7711, 0, 0, 0, -72.0, -7.199181E+01, -1.194939E-08
1680644688.9330363, 0, -0.02617373, -0.0004439224, 0.02580827, 180.9717, 0, 0, 0, -71.2, -7.119145E+01, -1.192143E-08
1680644695.116376, 0, -0.02653931, -0.0004439224, 0.02618624, 180.1719, 0, 0, 0, -70.4, -7.039113E+01, -1.118646E-08
1680644701.3141994, 0, -0.02653931, -0.0004439224, 0.02617384, 180.1695, 0, 0, 0, -69.6, -6.959036E+01, -1.141451E-08
1680644707.4866922, 0, -0.02617373, -0.0004439224, 0.02654302, 181.7467, 0, 0, 0, -68.8, -6.879020E+01, -1.090494E-08
1680644713.675651, 0, -0.02690488, -0.0004439224, 0.02653942, 180.9583, 0, 0, 0, -68.0, -6.798650E+01, -1.063881E-08
1680644719.879704, 0, -0.02690488, -0.0008093381, 0.02617749, 180.9583, 0, 0, 0, -67.2, -6.718615E+01, -9.909846E-09
1680644726.0699084, 0, -0.02653931, -7.850687e-05, 0.02690855, 180.1695, 0, 0, 0, -66.4, -6.638630E+01, -9.666244E-09
1680644732.2660146, 0, -0.02690488, -7.850687e-05, 0.02654302, 180.9583, 0, 0, 0, -65.6, -6.558699E+01, -1.008525E-08
1680644738.4542933, 0, -0.02690488, -0.0004439224, 0.02727058, 180.9453, 0, 0, 0, -64.8, -6.478767E+01, -9.452322E-09
1680644744.6609812, 0, -0.02727046, -0.0004439224, 0.02690855, 181.7467, 0, 0, 0, -64.0, -6.398846E+01, -9.646295E-09
1680644750.855856, 0, -0.02727046, -0.0004439224, 0.02690855, 180.9326, 0, 0, 0, -63.2, -6.318904E+01, -8.920319E-09
1680644757.0715399, 0, -0.02690488, -7.850687e-05, 0.02690855, 180.9453, 0, 0, 0, -62.4, -6.238976E+01, -9.159288E-09
1680644763.2630777, 0, -0.02727046, -0.0004439224, 0.02727408, 180.9326, 0, 0, 0, -61.599999999999994, -6.159042E+01, -8.948192E-09
1680644769.4553323, 0, -0.02727046, -0.0008093381, 0.02727408, 180.9203, 0, 0, 0, -60.8, -6.079106E+01, -8.682973E-09
1680644775.6640146, 0, -0.02727046, -0.0004439224, 0.02727408, 180.9203, 0, 0, 0, -60.0, -5.999174E+01, -8.205858E-09
1680644781.8383136, 0, -0.02763604, -0.0004439224, 0.02764789, 180.1607, 0, 0, 0, -59.2, -5.919341E+01, -7.840422E-09
1680644788.0419428, 0, -0.02763604, -0.0004439224, 0.02727408, 180.9203, 0, 0, 0, -58.4, -5.839413E+01, -7.728589E-09
1680644794.256548, 0, -0.02763604, -0.0004439224, 0.02800514, 180.1628, 0, 0, 0, -57.599999999999994, -5.759162E+01, -7.117677E-09
1680644800.4348755, 0, -0.02763604, -0.0004439224, 0.02837067, 180.9203, 0, 0, 0, -56.8, -5.679227E+01, -7.655278E-09
1680644806.6376965, 0, -0.02763604, -0.0004439224, 0.02801332, 181.6775, 0, 0, 0, -56.0, -5.599300E+01, -7.237587E-09
1680644812.8335178, 0, -0.02800162, -0.0004439224, 0.02800173, 180.9083, 0, 0, 0, -55.2, -5.519370E+01, -6.882804E-09
1680644819.0427825, 0, -0.0283672, -0.0004439224, 0.02837067, 180.1607, 0, 0, 0, -54.4, -5.439445E+01, -6.311320E-09
1680644825.2041974, 0, -0.0283672, -0.0004439224, 0.02800514, 180.9083, 0, 0, 0, -53.599999999999994, -5.359518E+01, -6.061602E-09
1680644831.4192116, 0, -0.0283672, 0.0002869087, 0.02836731, 180.8852, 0, 0, 0, -52.8, -5.279517E+01, -6.094572E-09
1680644837.5732253, 0, -0.0283672, -0.0004439224, 0.02836731, 180.8852, 0, 0, 0, -52.0, -5.199491E+01, -5.799062E-09
1680644843.773524, 0, -0.0283672, -0.0004439224, 0.02836731, 180.8852, 0, 0, 0, -51.2, -5.119442E+01, -6.121080E-09
1680644849.9794018, 0, -0.02873278, -7.850687e-05, 0.02873289, 180.8852, 0, 0, 0, -50.4, -5.039400E+01, -6.078670E-09
1680644856.1811128, 0, -0.02909836, -7.850687e-05, 0.02910174, 180.1546, 0, 0, 0, -49.599999999999994, -4.959362E+01, -5.461547E-09
1680644862.3963625, 0, -0.02873278, -0.0004439224, 0.02874418, 180.8741, 0, 0, 0, -48.8, -4.879324E+01, -5.738727E-09
1680644868.5944817, 0, -0.02909836, -0.0008093381, 0.02910174, 180.8852, 0, 0, 0, -48.0, -4.799308E+01, -4.786867E-09
1680644874.8015888, 0, -0.02946394, -7.850687e-05, 0.02946404, 180.1527, 0, 0, 0, -47.199999999999996, -4.718941E+01, -4.749705E-09
1680644881.015036, 0, -0.02909836, 0.0002869087, 0.02946404, 180.8741, 0, 0, 0, -46.4, -4.638962E+01, -4.437785E-09
1680644887.2007027, 0, -0.02909836, -0.0004439224, 0.02910174, 180.1527, 0, 0, 0, -45.6, -4.558915E+01, -4.759096E-09
1680644893.4279351, 0, -0.02946394, -0.0004439224, 0.02946404, 180.8632, 0, 0, 0, -44.8, -4.478883E+01, -4.248353E-09
1680644899.61957, 0, -0.02946394, -7.850687e-05, 0.03019836, 180.8526, 0, 0, 0, -44.0, -4.398854E+01, -3.928454E-09
1680644905.7965333, 0, -0.02982952, -7.850687e-05, 0.02983282, 180.1508, 0, 0, 0, -43.199999999999996, -4.318798E+01, -4.167875E-09
1680644911.9897861, 0, -0.0301951, -0.0004439224, 0.02946728, 180.8423, 0, 0, 0, -42.4, -4.238752E+01, -4.425972E-09
1680644918.179441, 0, -0.02982952, -0.0008093381, 0.03056078, 180.149, 0, 0, 0, -41.599999999999994, -4.158710E+01, -4.196904E-09
1680644924.3915153, 0, -0.02982952, -0.0008093381, 0.0305639, 180.8423, 0, 0, 0, -40.8, -4.078677E+01, -3.554891E-09
1680644930.5807173, 0, -0.03056068, -0.0004439224, 0.02982962, 180.1472, 0, 0, 0, -40.0, -3.998617E+01, -3.954206E-09
1680644936.7793722, 0, -0.03056068, -7.850687e-05, 0.0301952, 180.1472, 0, 0, 0, -39.199999999999996, -3.918678E+01, -2.630647E-09
