t,i,x,y,r,theta,xK,tc,therm,dc,trueGateDC,trueGateI
1681165848.4656937, 0, 0.01088033, -0.0004699014, 0.01089047, 356.7152, 0, 0, 0, 0.0, +4.965649E-05, -5.075027E-09
1681165854.641037, 0, 0.0107341, -0.0004699014, 0.01074438, 356.7152, 0, 0, 0, 0.5, +5.000418E-01, +3.557434E-10
1681165860.8296466, 0, 0.0107341, -0.0004699014, 0.01089047, 356.7592, 0, 0, 0, 1.0, +1.000068E+00, +2.992081E-09
1681165867.022277, 0, 0.0107341, -0.0006160677, 0.01088515, 357.527, 0, 0, 0, 1.5, +1.499993E+00, +7.472209E-09
1681165873.2340403, 0, 0.01088033, -0.0006160677, 0.01103657, 356.7152, 0, 0, 0, 2.0, +1.999994E+00, +9.871512E-09
1681165879.4353335, 0, 0.01102656, -0.0004699014, 0.01103657, 357.4934, 0, 0, 0, 2.5, +2.500737E+00, +1.211274E-08
1681165885.648774, 0, 0.01088033, -0.0004699014, 0.01103132, 356.7592, 0, 0, 0, 3.0, +3.000486E+00, +1.516539E-08
1681165891.8341806, 0, 0.01088033, -0.0006160677, 0.01089047, 357.527, 0, 0, 0, 3.5, +3.500132E+00, +1.701846E-08
1681165898.0228179, 0, 0.0111728, -0.0006160677, 0.01118977, 357.5917, 0, 0, 0, 4.0, +3.999777E+00, +1.944321E-08
1681165904.2010736, 0, 0.01102656, -0.0004699014, 0.01103657, 357.5917, 0, 0, 0, 4.5, +4.500045E+00, +2.205789E-08
1681165910.3707047, 0, 0.01102656, -0.0003237352, 0.01118977, 357.6228, 0, 0, 0, 5.0, +5.000668E+00, +2.367616E-08
1681165916.5677354, 0, 0.0111728, -0.0003237352, 0.01117748, 357.5598, 0, 0, 0, 5.5, +5.500640E+00, +2.637711E-08
1681165922.7435858, 0, 0.01102656, -0.0003237352, 0.01133578, 357.5598, 0, 0, 0, 6.0, +6.000283E+00, +2.727138E-08
1681165928.9565024, 0, 0.0111728, -0.0004699014, 0.01103657, 357.5598, 0, 0, 0, 6.5, +6.499892E+00, +2.906152E-08
1681165935.1526325, 0, 0.01102656, -0.0006160677, 0.01149057, 357.5917, 0, 0, 0, 7.0, +7.000053E+00, +3.017966E-08
1681165941.3454387, 0, 0.0111728, -0.0006160677, 0.0114818, 356.8846, 0, 0, 0, 7.5, +7.500496E+00, +3.296513E-08
1681165947.5499978, 0, 0.0111728, -0.0004699014, 0.01132878, 356.8439, 0, 0, 0, 8.0, +8.000903E+00, +3.401818E-08
1681165953.769053, 0, 0.01131903, -0.0006160677, 0.01118267, 357.6228, 0, 0, 0, 8.5, +8.500617E+00, +3.532570E-08
1681165959.9563417, 0, 0.01131903, -0.0003237352, 0.01132366, 357.653, 0, 0, 0, 9.0, +9.000115E+00, +3.738138E-08
1681165966.1517956, 0, 0.01131903, -0.0006160677, 0.01132878, 357.653, 0, 0, 0, 9.5, +9.499928E+00, +3.917916E-08
1681165972.34502, 0, 0.01146526, -0.0004699014, 0.01162099, 356.9243, 0, 0, 0, 10.0, +1.000059E+01, +4.126828E-08
1681165978.5207615, 0, 0.01146526, -0.0006160677, 0.01132878, 357.6228, 0, 0, 0, 10.5, +1.050098E+01, +4.243184E-08
1681165984.7026353, 0, 0.01146526, -0.0003237352, 0.01133578, 357.653, 0, 0, 0, 11.0, +1.100098E+01, +4.385305E-08
1681165990.9083886, 0, 0.01161149, -0.0006160677, 0.01147489, 357.6826, 0, 0, 0, 11.5, +1.150045E+01, +4.597433E-08
1681165997.09643, 0, 0.01161149, -0.0004699014, 0.01147489, 357.653, 0, 0, 0, 12.0, +1.199998E+01, +4.823641E-08
1681166003.2762697, 0, 0.01146526, -0.0004699014, 0.01147489, 356.9629, 0, 0, 0, 12.5, +1.250020E+01, +5.022058E-08
1681166009.4447603, 0, 0.01161149, -0.0004699014, 0.01162099, 357.6826, 0, 0, 0, 13.0, +1.300094E+01, +5.083881E-08
1681166015.630063, 0, 0.01161149, -0.0006160677, 0.01162782, 357.6826, 0, 0, 0, 13.5, +1.350101E+01, +5.367560E-08
1681166021.8155162, 0, 0.01175772, -0.0003237352, 0.01162099, 357.6826, 0, 0, 0, 14.0, +1.400071E+01, +5.424362E-08
1681166028.0143368, 0, 0.01175772, -0.0004699014, 0.01176711, 357.7114, 0, 0, 0, 14.5, +1.450009E+01, +5.670183E-08
1681166034.1864343, 0, 0.01175772, -0.0004699014, 0.01191322, 357.7114, 0, 0, 0, 15.0, +1.499995E+01, +5.849916E-08
1681166040.3687482, 0, 0.01175772, -0.0003237352, 0.01190835, 357.7114, 0, 0, 0, 15.5, +1.550058E+01, +5.974375E-08
1681166046.57956, 0, 0.01205019, -0.0004699014, 0.01191322, 357.0374, 0, 0, 0, 16.0, +1.600076E+01, +6.230557E-08
1681166052.7829714, 0, 0.01190395, -0.0004699014, 0.01191322, 357.0733, 0, 0, 0, 16.5, +1.650060E+01, +6.317923E-08
1681166058.9752305, 0, 0.01190395, -0.0003237352, 0.01206592, 357.7669, 0, 0, 0, 17.0, +1.699995E+01, +6.573784E-08
1681166065.203597, 0, 0.01205019, -0.0006160677, 0.01220547, 358.4422, 0, 0, 0, 17.5, +1.749951E+01, +6.755502E-08
1681166071.4146094, 0, 0.01205019, -0.0004699014, 0.01205934, 357.7669, 0, 0, 0, 18.0, +1.800028E+01, +6.877760E-08
1681166077.5917783, 0, 0.01219642, -0.0003237352, 0.01220547, 357.1425, 0, 0, 0, 18.5, +1.850055E+01, +7.074035E-08
1681166083.78623, 0, 0.01234265, -0.0006160677, 0.01235801, 357.7936, 0, 0, 0, 19.0, +1.900072E+01, +7.168322E-08
1681166089.979373, 0, 0.01234265, -0.0004699014, 0.01220071, 357.1083, 0, 0, 0, 19.5, +1.950028E+01, +7.326147E-08
1681166096.2014437, 0, 0.01234265, -0.0004699014, 0.01222021, 357.8197, 0, 0, 0, 20.0, +1.999979E+01, +7.590261E-08
1681166102.40347, 0, 0.01234265, -0.0006160677, 0.01250407, 357.1759, 0, 0, 0, 20.5, +2.050043E+01, +7.682395E-08
1681166108.597985, 0, 0.01234265, -0.0006160677, 0.01250407, 358.5151, 0, 0, 0, 21.0, +2.100062E+01, +7.949816E-08
1681166114.789127, 0, 0.01234265, -0.0004699014, 0.01265012, 357.1759, 0, 0, 0, 21.5, +2.150398E+01, +8.159088E-08
1681166120.981206, 0, 0.01263511, -0.0006160677, 0.01265012, 357.8452, 0, 0, 0, 22.0, +2.200503E+01, +8.233120E-08
1681166127.1753025, 0, 0.01278134, -0.0004699014, 0.01265012, 357.2086, 0, 0, 0, 22.5, +2.250240E+01, +8.399285E-08
1681166133.3708084, 0, 0.01263511, -0.0006160677, 0.01264385, 357.8701, 0, 0, 0, 23.0, +2.300309E+01, +8.589973E-08
1681166139.560107, 0, 0.01278134, -0.0004699014, 0.01278998, 357.2086, 0, 0, 0, 23.5, +2.350379E+01, +8.757900E-08
1681166145.7546198, 0, 0.01278134, -0.0003237352, 0.01279618, 357.2404, 0, 0, 0, 24.0, +2.400433E+01, +8.919525E-08
1681166151.937064, 0, 0.01278134, -0.0004699014, 0.01278998, 357.8945, 0, 0, 0, 24.5, +2.450493E+01, +9.119108E-08
1681166158.1107998, 0, 0.01292758, -0.0006160677, 0.01293611, 357.9183, 0, 0, 0, 25.0, +2.500555E+01, +9.389272E-08
1681166164.287464, 0, 0.01292758, -0.0003237352, 0.01308225, 358.5655, 0, 0, 0, 25.5, +2.550605E+01, +9.565125E-08
1681166170.4835556, 0, 0.01307381, -0.0004699014, 0.01308225, 358.5815, 0, 0, 0, 26.0, +2.600702E+01, +9.694643E-08
1681166176.665414, 0, 0.01307381, -0.0006160677, 0.01308225, 357.9643, 0, 0, 0, 26.5, +2.650721E+01, +9.952048E-08
1681166182.8775427, 0, 0.01322004, -0.0003237352, 0.013224, 357.9643, 0, 0, 0, 27.0, +2.700735E+01, +1.006704E-07
1681166189.0700266, 0, 0.01322004, -0.0004699014, 0.01337453, 357.9643, 0, 0, 0, 27.5, +2.750714E+01, +1.031813E-07
1681166195.2715003, 0, 0.01322004, -0.0006160677, 0.01337453, 357.3319, 0, 0, 0, 28.0, +2.800711E+01, +1.074941E-07
1681166201.4724221, 0, 0.01336627, -0.0006160677, 0.01337453, 357.361, 0, 0, 0, 28.5, +2.850379E+01, +1.070046E-07
1681166207.6463149, 0, 0.01336627, -0.0004699014, 0.01351638, 357.3896, 0, 0, 0, 29.0, +2.900422E+01, +1.074810E-07
1681166213.8333683, 0, 0.0135125, -0.0006160677, 0.01352067, 358.0083, 0, 0, 0, 29.5, +2.950406E+01, +1.101395E-07
1681166220.0097435, 0, 0.0135125, -0.0006160677, 0.01367262, 357.361, 0, 0, 0, 30.0, +3.000429E+01, +1.115370E-07
1681166226.1933112, 0, 0.01365873, -0.0006160677, 0.01366681, 358.0296, 0, 0, 0, 30.5, +3.050393E+01, +1.139380E-07
1681166232.3776104, 0, 0.01365873, -0.0004699014, 0.0138187, 357.4448, 0, 0, 0, 31.0, +3.100422E+01, +1.155639E-07
1681166238.586692, 0, 0.01365873, -0.0006160677, 0.01366681, 358.0296, 0, 0, 0, 31.5, +3.150380E+01, +1.186465E-07
1681166244.7712104, 0, 0.0139512, -0.0004699014, 0.01382599, 358.0296, 0, 0, 0, 32.0, +3.200423E+01, +1.193367E-07
1681166250.9812524, 0, 0.01409743, -0.0003237352, 0.0138187, 357.4715, 0, 0, 0, 32.5, +3.250381E+01, +1.223692E-07
1681166257.1928458, 0, 0.0139512, -0.0004699014, 0.01410526, 358.6707, 0, 0, 0, 33.0, +3.300283E+01, +1.246595E-07
1681166263.3714764, 0, 0.0139512, -0.0004699014, 0.01425141, 357.4715, 0, 0, 0, 33.5, +3.350343E+01, +1.255508E-07
1681166269.5823689, 0, 0.01409743, -0.0004699014, 0.01424734, 358.6845, 0, 0, 0, 34.0, +3.400303E+01, +1.290691E-07
1681166275.7533948, 0, 0.01424366, -0.0003237352, 0.01424477, 358.1105, 0, 0, 0, 34.5, +3.450008E+01, +1.302576E-07
1681166281.9651265, 0, 0.01424366, -0.0006160677, 0.01439756, 358.1297, 0, 0, 0, 35.0, +3.499968E+01, +1.333372E-07
1681166288.1839323, 0, 0.01438989, -0.0006160677, 0.01425698, 358.1297, 0, 0, 0, 35.5, +3.549982E+01, +1.350091E-07
1681166294.3881056, 0, 0.01453612, -0.0004699014, 0.01454918, 358.7242, 0, 0, 0, 36.0, +3.599957E+01, +1.382025E-07
1681166300.5918193, 0, 0.01453612, -0.0004699014, 0.01454372, 357.5732, 0, 0, 0, 36.5, +3.649974E+01, +1.400490E-07
1681166306.760519, 0, 0.01468236, -0.0006160677, 0.01468987, 358.1669, 0, 0, 0, 37.0, +3.699967E+01, +1.425990E-07
1681166312.9657423, 0, 0.01468236, -0.0006160677, 0.01483603, 357.5973, 0, 0, 0, 37.5, +3.749949E+01, +1.448062E-07
1681166319.1531315, 0, 0.01482859, -0.0006160677, 0.01468987, 358.7369, 0, 0, 0, 38.0, +3.799976E+01, +1.458980E-07
1681166325.3627558, 0, 0.01482859, -0.0003237352, 0.01483603, 358.185, 0, 0, 0, 38.5, +3.849988E+01, +1.481414E-07
1681166331.5423126, 0, 0.01497482, -0.0006160677, 0.01498219, 358.185, 0, 0, 0, 39.0, +3.899938E+01, +1.511107E-07
1681166337.7492106, 0, 0.01512105, -0.0004699014, 0.01498749, 358.2027, 0, 0, 0, 39.5, +3.949954E+01, +1.537792E-07
1681166343.953433, 0, 0.01526728, -0.0004699014, 0.01498219, 357.6669, 0, 0, 0, 40.0, +3.999993E+01, +1.552057E-07
1681166350.1282563, 0, 0.01512105, -0.0007622339, 0.01512835, 357.6669, 0, 0, 0, 40.5, +4.049754E+01, +1.574390E-07
1681166356.3299701, 0, 0.01497482, -0.0004699014, 0.01512452, 358.2201, 0, 0, 0, 41.0, +4.099776E+01, +1.606210E-07
1681166362.5291054, 0, 0.01526728, -0.0004699014, 0.01527451, 358.2371, 0, 0, 0, 41.5, +4.149850E+01, +1.634939E-07
1681166368.7451372, 0, 0.01526728, -0.0004699014, 0.01527071, 358.7852, 0, 0, 0, 42.0, +4.199926E+01, +1.655843E-07
1681166374.9401217, 0, 0.01512105, -0.0004699014, 0.0152863, 358.2371, 0, 0, 0, 42.5, +4.250008E+01, +1.671586E-07
1681166381.134396, 0, 0.01526728, -0.0006160677, 0.01527451, 358.2371, 0, 0, 0, 43.0, +4.300085E+01, +1.691311E-07
1681166387.3280606, 0, 0.01541351, -0.0004699014, 0.01542068, 358.8192, 0, 0, 0, 43.5, +4.350140E+01, +1.720447E-07
1681166393.5229545, 0, 0.01541351, -0.0004699014, 0.01556684, 358.2538, 0, 0, 0, 44.0, +4.400198E+01, +1.752325E-07
1681166399.7196717, 0, 0.01555975, -0.0006160677, 0.01556684, 358.2702, 0, 0, 0, 44.5, +4.450287E+01, +1.775540E-07
1681166405.9030457, 0, 0.01555975, -0.0003237352, 0.01570931, 358.8081, 0, 0, 0, 45.0, +4.500337E+01, +1.795951E-07
1681166412.0896435, 0, 0.01570598, -0.0006160677, 0.01585917, 358.2863, 0, 0, 0, 45.5, +4.550430E+01, +1.817128E-07
1681166418.2821903, 0, 0.01585221, -0.0006160677, 0.01586417, 358.3021, 0, 0, 0, 46.0, +4.600443E+01, +1.855816E-07
1681166424.4935427, 0, 0.01585221, -0.0004699014, 0.01571806, 358.3021, 0, 0, 0, 46.5, +4.650113E+01, +1.884714E-07
1681166430.7290397, 0, 0.01585221, -0.0004699014, 0.01600534, 357.7947, 0, 0, 0, 47.0, +4.700238E+01, +1.895664E-07
1681166436.9471314, 0, 0.01585221, -0.0006160677, 0.01615642, 357.7947, 0, 0, 0, 47.5, +4.750242E+01, +1.938443E-07
1681166443.1274998, 0, 0.01599844, -0.0004699014, 0.0160103, 358.3176, 0, 0, 0, 48.0, +4.800357E+01, +1.946782E-07
1681166449.3295639, 0, 0.0162909, -0.0004699014, 0.01615151, 358.3176, 0, 0, 0, 48.5, +4.850396E+01, +1.983416E-07
1681166455.51799, 0, 0.01614467, -0.0006160677, 0.0160103, 358.3328, 0, 0, 0, 49.0, +4.900470E+01, +2.010208E-07
1681166461.7202377, 0, 0.0162909, -0.0004699014, 0.01615642, 358.3478, 0, 0, 0, 49.5, +4.950527E+01, +2.038249E-07
1681166467.9055688, 0, 0.01643714, -0.0004699014, 0.01629768, 358.3625, 0, 0, 0, 50.0, +5.000613E+01, +2.058085E-07
1681166474.094797, 0, 0.01614467, -0.0004699014, 0.01630255, 357.8343, 0, 0, 0, 50.0, +5.000570E+01, +2.068698E-07
1681166480.2867246, 0, 0.01614467, -0.0006160677, 0.01629768, 358.3328, 0, 0, 0, 49.5, +4.950549E+01, +2.020703E-07
1681166486.4922836, 0, 0.01614467, -0.0006160677, 0.01615151, 358.3328, 0, 0, 0, 49.0, +4.900444E+01, +2.001383E-07
1681166492.681281, 0, 0.01599844, -0.0006160677, 0.01600534, 358.3176, 0, 0, 0, 48.5, +4.850375E+01, +1.967852E-07
1681166498.9130993, 0, 0.01599844, -0.0004699014, 0.01586417, 357.7947, 0, 0, 0, 48.0, +4.800345E+01, +1.927093E-07
1681166505.0954134, 0, 0.01599844, -0.0006160677, 0.01586417, 358.3176, 0, 0, 0, 47.5, +4.750237E+01, +1.900680E-07
1681166511.284498, 0, 0.01570598, -0.0004699014, 0.01586417, 358.3021, 0, 0, 0, 47.0, +4.700217E+01, +1.857495E-07
1681166517.4728878, 0, 0.01570598, -0.0004699014, 0.01556684, 358.2863, 0, 0, 0, 46.5, +4.650141E+01, +1.821151E-07
1681166523.6649163, 0, 0.01570598, -0.0004699014, 0.015713, 358.8081, 0, 0, 0, 46.0, +4.600468E+01, +1.794370E-07
1681166529.870421, 0, 0.01555975, -0.0006160677, 0.01556684, 358.8081, 0, 0, 0, 45.5, +4.550388E+01, +1.773392E-07
1681166536.0335522, 0, 0.01555975, -0.0004699014, 0.01542068, 358.2538, 0, 0, 0, 45.0, +4.500356E+01, +1.728216E-07
1681166542.2372427, 0, 0.01526728, -0.0004699014, 0.01542068, 358.7968, 0, 0, 0, 44.5, +4.450299E+01, +1.698242E-07
1681166548.427044, 0, 0.01526728, -0.0004699014, 0.01527071, 358.2371, 0, 0, 0, 44.0, +4.400208E+01, +1.672521E-07
1681166554.5943031, 0, 0.01512105, -0.0004699014, 0.01542068, 358.2201, 0, 0, 0, 43.5, +4.350113E+01, +1.650502E-07
1681166560.778994, 0, 0.01512105, -0.0004699014, 0.01527451, 358.2027, 0, 0, 0, 43.0, +4.300079E+01, +1.606159E-07
1681166566.9893003, 0, 0.01512105, -0.0004699014, 0.01512835, 357.6669, 0, 0, 0, 42.5, +4.249981E+01, +1.584907E-07
1681166573.1638339, 0, 0.01497482, -0.0003237352, 0.01512835, 358.2027, 0, 0, 0, 42.0, +4.199927E+01, +1.550854E-07
1681166579.3709145, 0, 0.01482859, -0.0004699014, 0.01483603, 357.6442, 0, 0, 0, 41.5, +4.149844E+01, +1.525444E-07
1681166585.5492854, 0, 0.01482859, -0.0004699014, 0.01483603, 358.1669, 0, 0, 0, 41.0, +4.099764E+01, +1.497824E-07
1681166591.7547758, 0, 0.01468236, -0.0006160677, 0.01483603, 358.185, 0, 0, 0, 40.5, +4.049713E+01, +1.470503E-07
1681166597.9468765, 0, 0.01468236, -0.0004699014, 0.0145561, 358.1669, 0, 0, 0, 40.0, +4.000004E+01, +1.430601E-07
1681166604.1273375, 0, 0.01468236, -0.0006160677, 0.01454918, 358.7242, 0, 0, 0, 39.5, +3.949986E+01, +1.401218E-07
1681166610.3038661, 0, 0.01453612, -0.0004699014, 0.01439756, 358.1297, 0, 0, 0, 39.0, +3.899949E+01, +1.382297E-07
1681166616.4838047, 0, 0.01438989, -0.0004699014, 0.01424734, 358.1297, 0, 0, 0, 38.5, +3.849957E+01, +1.356754E-07
1681166622.6990485, 0, 0.01438989, -0.0004699014, 0.01425141, 358.1105, 0, 0, 0, 38.0, +3.799962E+01, +1.320577E-07
1681166628.894474, 0, 0.01409743, -0.000177569, 0.01425141, 358.1105, 0, 0, 0, 37.5, +3.749977E+01, +1.290168E-07
1681166635.0946004, 0, 0.01409743, -0.0004699014, 0.01425141, 357.4977, 0, 0, 0, 37.0, +3.699960E+01, +1.270446E-07
1681166641.277435, 0, 0.0139512, -0.0004699014, 0.01395495, 358.0909, 0, 0, 0, 36.5, +3.649971E+01, +1.233323E-07
1681166647.4623086, 0, 0.0139512, -0.0006160677, 0.01381296, 358.0709, 0, 0, 0, 36.0, +3.599981E+01, +1.206719E-07
1681166653.687954, 0, 0.01380496, -0.0006160677, 0.01395911, 358.0296, 0, 0, 0, 35.5, +3.549979E+01, +1.176874E-07
1681166659.8781226, 0, 0.01380496, -0.0004699014, 0.0138187, 358.6422, 0, 0, 0, 35.0, +3.499966E+01, +1.154187E-07
1681166666.0573056, 0, 0.0135125, -0.0006160677, 0.01366681, 358.0296, 0, 0, 0, 34.5, +3.449999E+01, +1.120624E-07
1681166672.2539957, 0, 0.0135125, -0.0006160677, 0.01352654, 358.0083, 0, 0, 0, 34.0, +3.400295E+01, +1.106189E-07
1681166678.4325385, 0, 0.01365873, -0.0006160677, 0.01367262, 357.3896, 0, 0, 0, 33.5, +3.350340E+01, +1.065350E-07
1681166684.6240754, 0, 0.0135125, -0.0004699014, 0.01338046, 357.3896, 0, 0, 0, 33.0, +3.300288E+01, +1.046536E-07
1681166690.8124402, 0, 0.01336627, -0.0003237352, 0.01353398, 358.6276, 0, 0, 0, 32.5, +3.250404E+01, +1.013520E-07
1681166697.00694, 0, 0.01322004, -0.0006160677, 0.01337453, 358.6125, 0, 0, 0, 32.0, +3.200380E+01, +1.001380E-07
1681166703.1901796, 0, 0.01322004, -0.0004699014, 0.01323439, 358.6125, 0, 0, 0, 31.5, +3.150384E+01, +9.714891E-08
1681166709.3957546, 0, 0.01307381, -0.0004699014, 0.01323439, 357.9643, 0, 0, 0, 31.0, +3.100409E+01, +9.467729E-08
1681166715.5796833, 0, 0.01307381, -0.0004699014, 0.01308225, 357.9416, 0, 0, 0, 30.5, +3.050378E+01, +9.270678E-08
1681166721.7530248, 0, 0.01292758, -0.0006160677, 0.01308225, 357.9183, 0, 0, 0, 30.0, +3.000390E+01, +8.983631E-08
1681166727.962189, 0, 0.01292758, -0.0006160677, 0.01293611, 358.5655, 0, 0, 0, 29.5, +2.950413E+01, +8.644447E-08
1681166734.182944, 0, 0.01278134, -0.0006160677, 0.01294225, 357.9183, 0, 0, 0, 29.0, +2.900379E+01, +8.547239E-08
1681166740.3854856, 0, 0.01278134, -0.0004699014, 0.01278998, 357.8945, 0, 0, 0, 28.5, +2.850398E+01, +8.296401E-08
1681166746.5686228, 0, 0.01278134, -0.0003237352, 0.01293611, 357.2404, 0, 0, 0, 28.0, +2.800743E+01, +7.934623E-08
1681166752.767185, 0, 0.01278134, -0.0006160677, 0.01264385, 358.5491, 0, 0, 0, 27.5, +2.750705E+01, +7.823888E-08
1681166758.9575524, 0, 0.01263511, -0.0006160677, 0.01265012, 357.2404, 0, 0, 0, 27.0, +2.700736E+01, +7.567836E-08
1681166765.1442297, 0, 0.01263511, -0.0004699014, 0.01250407, 357.1759, 0, 0, 0, 26.5, +2.650718E+01, +7.375812E-08
1681166771.333513, 0, 0.01248888, -0.0004699014, 0.01249772, 357.1759, 0, 0, 0, 26.0, +2.600696E+01, +7.025941E-08
1681166777.5238786, 0, 0.01248888, -0.0004699014, 0.01249772, 357.2086, 0, 0, 0, 25.5, +2.550617E+01, +6.804069E-08
1681166783.7073166, 0, 0.01248888, -0.0004699014, 0.01250407, 357.8452, 0, 0, 0, 25.0, +2.500560E+01, +6.588728E-08
1681166789.9278622, 0, 0.01248888, -0.0004699014, 0.01235801, 357.1759, 0, 0, 0, 24.5, +2.450483E+01, +6.392619E-08
1681166796.1287394, 0, 0.01219642, -0.0004699014, 0.01235801, 357.1425, 0, 0, 0, 24.0, +2.400413E+01, +6.264643E-08
1681166802.3246841, 0, 0.01219642, -0.0006160677, 0.01234689, 357.1083, 0, 0, 0, 23.5, +2.350369E+01, +5.956765E-08
1681166808.539429, 0, 0.01219642, -0.0006160677, 0.01220547, 357.1083, 0, 0, 0, 23.0, +2.300258E+01, +5.858535E-08
1681166814.7017446, 0, 0.01219642, -0.0003237352, 0.01220547, 357.7936, 0, 0, 0, 22.5, +2.250200E+01, +5.639178E-08
1681166820.9006405, 0, 0.01205019, -0.0004699014, 0.01206592, 358.4611, 0, 0, 0, 22.0, +2.200495E+01, +5.336211E-08
1681166827.0762095, 0, 0.01205019, -0.0004699014, 0.01220547, 357.0733, 0, 0, 0, 21.5, +2.150410E+01, +5.186806E-08
1681166833.2783673, 0, 0.01205019, -0.0004699014, 0.01205934, 358.4611, 0, 0, 0, 21.0, +2.100066E+01, +5.042949E-08
1681166839.473074, 0, 0.01205019, -0.0004699014, 0.01176711, 357.7669, 0, 0, 0, 20.5, +2.050024E+01, +4.893666E-08
1681166845.675569, 0, 0.01175772, -0.0003237352, 0.01190528, 357.0374, 0, 0, 0, 20.0, +1.999982E+01, +4.640428E-08
1681166851.9176216, 0, 0.01190395, -0.0004699014, 0.01191322, 358.4228, 0, 0, 0, 19.5, +1.950013E+01, +4.490620E-08
1681166858.1003864, 0, 0.01190395, -0.0006160677, 0.01176218, 357.0374, 0, 0, 0, 19.0, +1.900072E+01, +4.226783E-08
1681166864.3213637, 0, 0.01175772, -0.0004699014, 0.01191322, 357.7114, 0, 0, 0, 18.5, +1.850063E+01, +4.078387E-08
1681166870.5344822, 0, 0.01175772, -0.0003237352, 0.01176711, 357.6826, 0, 0, 0, 18.0, +1.800024E+01, +3.978599E-08
1681166876.7366872, 0, 0.01175772, -0.0006160677, 0.01177385, 357.0006, 0, 0, 0, 17.5, +1.749967E+01, +3.693473E-08
1681166882.9220636, 0, 0.01175772, -0.0006160677, 0.01162099, 357.7114, 0, 0, 0, 17.0, +1.700007E+01, +3.540081E-08
1681166889.1209984, 0, 0.01161149, -0.0003237352, 0.01162099, 357.7114, 0, 0, 0, 16.5, +1.650060E+01, +3.399172E-08
1681166895.363039, 0, 0.01161149, -0.0006160677, 0.01177385, 357.0006, 0, 0, 0, 16.0, +1.600085E+01, +3.256827E-08
1681166901.5787826, 0, 0.01161149, -0.0003237352, 0.01147489, 357.6826, 0, 0, 0, 15.5, +1.550051E+01, +3.148408E-08
1681166907.7871025, 0, 0.01146526, -0.0006160677, 0.0114818, 356.9629, 0, 0, 0, 15.0, +1.500001E+01, +2.954364E-08
1681166914.0029063, 0, 0.01161149, -0.0004699014, 0.01147489, 356.9243, 0, 0, 0, 14.5, +1.450011E+01, +2.836950E-08
1681166920.174747, 0, 0.01131903, -0.0004699014, 0.01146983, 356.1964, 0, 0, 0, 14.0, +1.400057E+01, +2.736341E-08
1681166926.3501868, 0, 0.01131903, -0.0006160677, 0.01147489, 357.653, 0, 0, 0, 13.5, +1.350099E+01, +2.609805E-08
1681166932.5363986, 0, 0.01131903, -0.0004699014, 0.01133578, 357.653, 0, 0, 0, 13.0, +1.300082E+01, +2.442601E-08
1681166938.714283, 0, 0.01146526, -0.0007622339, 0.01134466, 357.5917, 0, 0, 0, 12.5, +1.250026E+01, +2.282517E-08
1681166944.9123425, 0, 0.01131903, -0.0006160677, 0.01132878, 357.5917, 0, 0, 0, 12.0, +1.200009E+01, +2.089435E-08
1681166951.1098862, 0, 0.0111728, -0.0006160677, 0.01117748, 359.1012, 0, 0, 0, 11.5, +1.150040E+01, +2.044709E-08
1681166957.3066177, 0, 0.0111728, -0.0004699014, 0.01132878, 358.3403, 0, 0, 0, 11.0, +1.100090E+01, +1.905056E-08
1681166963.5030396, 0, 0.0111728, -0.0006160677, 0.01118977, 357.653, 0, 0, 0, 10.5, +1.050092E+01, +1.801887E-08
1681166969.7084944, 0, 0.0111728, -0.0004699014, 0.01132878, 357.5917, 0, 0, 0, 10.0, +1.000059E+01, +1.701417E-08
1681166975.8960752, 0, 0.0111728, -0.0004699014, 0.01118977, 357.5917, 0, 0, 0, 9.5, +9.499936E+00, +1.533357E-08
1681166982.099673, 0, 0.0111728, -0.0004699014, 0.01103132, 357.5598, 0, 0, 0, 9.0, +9.000114E+00, +1.421982E-08
1681166988.314931, 0, 0.0111728, -0.0004699014, 0.01104376, 356.7592, 0, 0, 0, 8.5, +8.500639E+00, +1.277231E-08
1681166994.516355, 0, 0.01088033, -0.0004699014, 0.01103657, 357.5598, 0, 0, 0, 8.0, +8.000865E+00, +1.257027E-08
1681167000.705499, 0, 0.0111728, -0.0006160677, 0.01104376, 356.8439, 0, 0, 0, 7.5, +7.500582E+00, +1.101950E-08
1681167006.8783937, 0, 0.01088033, -0.0004699014, 0.01103657, 356.8022, 0, 0, 0, 7.0, +7.000027E+00, +9.899093E-09
1681167013.056216, 0, 0.01102656, -0.0004699014, 0.01104376, 357.527, 0, 0, 0, 6.5, +6.499930E+00, +9.027080E-09
1681167019.2315187, 0, 0.0107341, -0.0003237352, 0.01103657, 357.527, 0, 0, 0, 6.0, +6.000295E+00, +8.082067E-09
1681167025.4243422, 0, 0.01088033, -0.0004699014, 0.01089047, 357.527, 0, 0, 0, 5.5, +5.500698E+00, +7.673980E-09
1681167031.622906, 0, 0.01088033, -0.0004699014, 0.01088515, 357.527, 0, 0, 0, 5.0, +5.000602E+00, +6.991951E-09
1681167037.8207397, 0, 0.0107341, -0.0004699014, 0.01103132, 357.4934, 0, 0, 0, 4.5, +4.500131E+00, +5.400603E-09
1681167044.0005684, 0, 0.01088033, -0.0004699014, 0.01089047, 357.4934, 0, 0, 0, 4.0, +3.999634E+00, +5.820600E-09
1681167050.179694, 0, 0.01088033, -0.0004699014, 0.01089776, 356.7152, 0, 0, 0, 3.5, +3.500078E+00, +4.106924E-09
1681167056.3617835, 0, 0.0107341, -0.0004699014, 0.01073898, 357.4934, 0, 0, 0, 3.0, +3.000447E+00, +4.120807E-09
1681167062.5660956, 0, 0.01088033, -0.0004699014, 0.01089776, 357.527, 0, 0, 0, 2.5, +2.500633E+00, +3.055986E-09
1681167068.762845, 0, 0.01088033, -0.0004699014, 0.01074438, 357.4934, 0, 0, 0, 2.0, +1.999995E+00, +2.198922E-09
1681167074.96368, 0, 0.01058787, -0.0006160677, 0.01074438, 358.2487, 0, 0, 0, 1.5, +1.499994E+00, +2.024892E-09
1681167081.158025, 0, 0.01044164, -0.0006160677, 0.01059829, 357.4934, 0, 0, 0, 1.0, +1.000067E+00, +2.484520E-12
1681167087.3406332, 0, 0.01058787, -0.0004699014, 0.01074438, 356.6699, 0, 0, 0, 0.5, +5.000582E-01, -1.157946E-09
1681167093.5564432, 0, 0.01044164, -0.0003237352, 0.01059829, 356.6699, 0, 0, 0, 0.0, +4.733574E-05, -2.535884E-09
1681167099.7418408, 0, 0.0107341, -0.0004699014, 0.01075176, 357.4588, 0, 0, 0, 0.0, +5.157480E-05, -3.007045E-09
1681167105.945547, 0, 0.01058787, -0.0004699014, 0.01074438, 357.4934, 0, 0, 0, -0.5, -4.999338E-01, -4.705529E-09
1681167112.154194, 0, 0.01088033, -0.0006160677, 0.01074438, 357.4588, 0, 0, 0, -1.0, -9.999335E-01, -7.715609E-09
1681167118.3467705, 0, 0.0107341, -0.000177569, 0.01060578, 356.7152, 0, 0, 0, -1.5, -1.499920E+00, -1.043300E-08
1681167124.561867, 0, 0.01058787, -0.0006160677, 0.01059829, 357.4233, 0, 0, 0, -2.0, -1.999864E+00, -1.435016E-08
1681167130.7367296, 0, 0.01058787, -0.0004699014, 0.01059282, 358.2487, 0, 0, 0, -2.5, -2.499364E+00, -1.824275E-08
1681167136.9283462, 0, 0.01058787, -0.0003237352, 0.01059829, 357.4934, 0, 0, 0, -3.0, -2.999156E+00, -2.252701E-08
1681167143.114719, 0, 0.0107341, -0.0004699014, 0.01073898, 357.3491, 0, 0, 0, -3.5, -3.498671E+00, -2.726754E-08
1681167149.3136759, 0, 0.01058787, -0.0004699014, 0.01045979, 356.6699, 0, 0, 0, -4.0, -3.998813E+00, -3.084987E-08
1681167155.519157, 0, 0.01044164, -0.0003237352, 0.01044315, 357.4233, 0, 0, 0, -4.5, -4.499031E+00, -3.649088E-08
1681167161.7145653, 0, 0.01044164, -0.0004699014, 0.01030612, 358.2242, 0, 0, 0, -5.0, -4.999268E+00, -4.149107E-08
1681167167.9001226, 0, 0.01029541, -0.0004699014, 0.01031382, 357.3867, 0, 0, 0, -5.5, -5.499417E+00, -4.598179E-08
1681167174.1116672, 0, 0.01058787, -0.0004699014, 0.01045221, 357.4233, 0, 0, 0, -6.0, -5.999356E+00, -5.048856E-08
1681167180.28597, 0, 0.01044164, -0.0004699014, 0.01045979, 357.4233, 0, 0, 0, -6.5, -6.498842E+00, -5.636134E-08
1681167186.478738, 0, 0.01044164, -0.0004699014, 0.01030612, 357.3867, 0, 0, 0, -7.0, -6.998882E+00, -6.185814E-08
1681167192.6585586, 0, 0.01029541, -0.0004699014, 0.01045221, 356.5756, 0, 0, 0, -7.5, -7.499569E+00, -6.639371E-08
1681167198.8548303, 0, 0.01014917, -0.0004699014, 0.01031382, 357.3867, 0, 0, 0, -8.0, -7.999828E+00, -7.220335E-08
1681167205.0295386, 0, 0.01014917, -0.0004699014, 0.01045979, 357.3491, 0, 0, 0, -8.5, -8.499592E+00, -7.668583E-08
1681167211.2515218, 0, 0.01014917, -0.0006160677, 0.01030612, 356.5756, 0, 0, 0, -9.0, -8.998999E+00, -8.287454E-08
1681167217.420459, 0, 0.01014917, -0.0003237352, 0.01030612, 357.3491, 0, 0, 0, -9.5, -9.499186E+00, -8.803828E-08
1681167223.606095, 0, 0.01014917, -0.0006160677, 0.01016785, 356.5756, 0, 0, 0, -10.0, -9.999522E+00, -9.366632E-08
1681167229.8187, 0, 0.01000294, -0.0006160677, 0.01030612, 357.3491, 0, 0, 0, -10.5, -1.049980E+01, -9.884648E-08
1681167236.0133522, 0, 0.01014917, -0.0006160677, 0.01016785, 358.1463, 0, 0, 0, -11.0, -1.099985E+01, -1.031096E-07
1681167242.2052171, 0, 0.01029541, -0.0004699014, 0.01001397, 356.5263, 0, 0, 0, -11.5, -1.149955E+01, -1.091818E-07
1681167248.384764, 0, 0.01000294, -0.0004699014, 0.01001397, 357.3104, 0, 0, 0, -12.0, -1.199918E+01, -1.138099E-07
1681167254.5761046, 0, 0.01000294, -0.0006160677, 0.01016005, 357.3491, 0, 0, 0, -12.5, -1.249436E+01, -6.422242E-07
1681167260.7855408, 0, 0.00985671, -0.0006160677, 0.01016005, 357.3104, 0, 0, 0, -13.0, -1.299961E+01, -1.595164E-07
1681167266.9543045, 0, 0.01000294, -0.0006160677, 0.009875945, 357.3491, 0, 0, 0, -13.5, -1.348944E+01, -8.690276E-07
1681167273.1764982, 0, 0.01000294, -0.0004699014, 0.01015433, 356.4757, 0, 0, 0, -14.0, -1.397817E+01, -9.370623E-07
1681167279.4150517, 0, 0.00985671, -0.0006160677, 0.01001397, 357.3104, 0, 0, 0, -14.5, -1.449931E+01, -1.507270E-06
1681167285.6099458, 0, 0.01000294, -0.0003237352, 0.0100219, 357.3104, 0, 0, 0, -15.0, -1.499864E+01, -2.510134E-06
1681167291.8095233, 0, 0.01000294, -0.0006160677, 0.01016005, 357.2706, 0, 0, 0, -15.5, -1.549937E+01, -1.438361E-06
1681167297.988107, 0, 0.01000294, -0.0004699014, 0.009867905, 356.3698, 0, 0, 0, -16.0, -1.599962E+01, -1.393189E-06
1681167304.1434493, 0, 0.00985671, -0.0004699014, 0.009730002, 355.578, 0, 0, 0, -16.5, -1.649957E+01, -6.274413E-06
1681167310.3506815, 0, 0.01000294, -0.0006160677, 0.009875945, 357.2296, 0, 0, 0, -17.0, -1.699856E+01, -2.984177E-06
1681167316.574502, 0, 0.009710479, -0.0003237352, 0.01000818, 356.4235, 0, 0, 0, -17.5, -1.749821E+01, -3.140899E-06
1681167322.7601867, 0, 0.00985671, -0.0003237352, 0.009867905, 358.0905, 0, 0, 0, -18.0, -1.799907E+01, -2.939942E-06
1681167328.9479954, 0, 0.009710479, -0.0006160677, 0.009715874, 356.4235, 0, 0, 0, -18.5, -1.849530E+01, -8.795954E-06
1681167335.132776, 0, 0.01000294, -0.0004699014, 0.01016005, 358.173, 0, 0, 0, -19.0, -1.085066E+01, -9.999432E-06
1681167341.3463268, 0, 0.01029541, -0.0003237352, 0.01045979, 355.8249, 0, 0, 0, -19.5, -9.815502E+00, -9.999361E-06
1681167347.5152657, 0, 0.01058787, -0.0004699014, 0.01059829, 358.2242, 0, 0, 0, -20.0, -6.090587E+00, -9.999490E-06
1681167353.7019908, 0, 0.01058787, -0.0004699014, 0.01059829, 357.4233, 0, 0, 0, -20.5, -5.947262E+00, -9.999557E-06
1681167359.908676, 0, 0.01088033, -0.0004699014, 0.01088515, 357.4934, 0, 0, 0, -21.0, -1.289017E+00, -9.999525E-06
1681167366.098324, 0, 0.0107341, -0.0004699014, 0.01075176, 357.4588, 0, 0, 0, -21.5, -1.283844E+00, -9.999598E-06
1681167372.3004835, 0, 0.0107341, -0.0004699014, 0.01089047, 356.6699, 0, 0, 0, -22.0, -1.285286E+00, -9.999600E-06
1681167378.5058613, 0, 0.0107341, -0.0003237352, 0.01060578, 357.4934, 0, 0, 0, -22.5, -1.285832E+00, -9.999602E-06
1681167384.7183588, 0, 0.0107341, -0.0004699014, 0.01089047, 358.2725, 0, 0, 0, -23.0, -1.289819E+00, -9.999595E-06
1681167390.9268074, 0, 0.0107341, -0.0004699014, 0.01074438, 357.4588, 0, 0, 0, -23.5, -1.290375E+00, -9.999602E-06
1681167397.1162379, 0, 0.01058787, -0.0004699014, 0.01059829, 357.4934, 0, 0, 0, -24.0, -1.290465E+00, -9.999597E-06
1681167403.3112469, 0, 0.0107341, -0.0004699014, 0.01059829, 357.4934, 0, 0, 0, -24.5, -1.290869E+00, -9.999597E-06
1681167409.5026324, 0, 0.01058787, -0.0006160677, 0.01074438, 358.2725, 0, 0, 0, -25.0, -1.292272E+00, -9.999600E-06
1681167415.6964176, 0, 0.0107341, -0.0004699014, 0.01074438, 357.527, 0, 0, 0, -25.5, -1.292202E+00, -9.999598E-06
1681167421.8674064, 0, 0.0107341, -0.0004699014, 0.01059829, 355.8823, 0, 0, 0, -26.0, -1.293262E+00, -9.999598E-06
1681167428.062972, 0, 0.01088033, -0.0006160677, 0.01075176, 358.2725, 0, 0, 0, -26.5, -1.294118E+00, -9.999600E-06
1681167434.2709415, 0, 0.01058787, -0.0004699014, 0.01089047, 356.7152, 0, 0, 0, -27.0, -1.293776E+00, -9.999595E-06
1681167440.4442236, 0, 0.01044164, -0.0004699014, 0.01059829, 357.527, 0, 0, 0, -27.5, -1.295038E+00, -9.999597E-06
1681167446.6385405, 0, 0.01088033, -0.0004699014, 0.01089776, 357.4934, 0, 0, 0, -28.0, -1.293988E+00, -9.999594E-06
1681167452.8316064, 0, 0.0107341, -0.0004699014, 0.01088515, 356.7152, 0, 0, 0, -28.5, -1.296734E+00, -9.999599E-06
1681167459.0513613, 0, 0.0107341, -0.0006160677, 0.01089776, 359.0392, 0, 0, 0, -29.0, -1.296421E+00, -9.999600E-06
1681167465.2119844, 0, 0.0107341, -0.0004699014, 0.01074438, 357.4588, 0, 0, 0, -29.5, -1.296977E+00, -9.999600E-06
1681167471.4481235, 0, 0.0107341, -0.0006160677, 0.01074438, 357.4934, 0, 0, 0, -30.0, -1.292444E+00, -9.999597E-06
1681167477.6535473, 0, 0.0107341, -0.0004699014, 0.01089776, 358.2957, 0, 0, 0, -30.5, -1.292333E+00, -9.999601E-06
1681167483.8304873, 0, 0.01058787, -0.0003237352, 0.01075176, 357.4588, 0, 0, 0, -31.0, -1.294118E+00, -9.999597E-06
1681167490.0435836, 0, 0.0107341, -0.0004699014, 0.01059282, 357.4934, 0, 0, 0, -31.5, -1.293342E+00, -9.999595E-06
1681167496.2260263, 0, 0.01058787, -0.000177569, 0.01074438, 357.4934, 0, 0, 0, -32.0, -1.294291E+00, -9.999594E-06
1681167502.4103627, 0, 0.01044164, -0.0003237352, 0.01074438, 357.4588, 0, 0, 0, -32.5, -1.295260E+00, -9.999595E-06
1681167508.624917, 0, 0.01088033, -0.0004699014, 0.01074438, 357.4588, 0, 0, 0, -33.0, -1.294746E+00, -9.999600E-06
1681167514.8090122, 0, 0.0107341, -0.0004699014, 0.01059829, 357.4934, 0, 0, 0, -33.5, -1.298258E+00, -9.999589E-06
1681167520.9916158, 0, 0.01058787, -0.0004699014, 0.01075176, 357.4588, 0, 0, 0, -34.0, -1.300439E+00, -9.999596E-06
1681167527.187144, 0, 0.01058787, -0.0003237352, 0.01074438, 357.4588, 0, 0, 0, -34.5, -1.299590E+00, -9.999589E-06
1681167533.3775141, 0, 0.01058787, -0.0004699014, 0.01073898, 356.7152, 0, 0, 0, -35.0, -1.297904E+00, -9.999586E-06
1681167539.5874095, 0, 0.0107341, -0.0004699014, 0.01074438, 357.4588, 0, 0, 0, -35.5, -1.299107E+00, -9.999594E-06
1681167545.7979546, 0, 0.0107341, -0.000177569, 0.01059829, 357.4588, 0, 0, 0, -36.0, -1.297925E+00, -9.999593E-06
1681167552.0084417, 0, 0.01058787, -0.0004699014, 0.01089047, 357.4588, 0, 0, 0, -36.5, -1.305082E+00, -9.999590E-06
