t,i,x,y,r,theta,xK,tc,therm,dc, trueGateDC, trueGateI
1680567386.8014603, 0, -0.01813098, 0.0006523243, 0.02507863, 178.7157, 0, 0, 0, -100.0, -9.999277E+01, -3.360669E-07
1680567394.0490727, 0, -0.01813098, -7.850687e-05, 0.02507863, 179.4351, 0, 0, 0, -99.33333333333333, -9.932901E+01, -2.033820E-06
1680567401.1359112, 0, -0.01813098, -7.850687e-05, 0.02032461, 178.2255, 0, 0, 0, -98.66666666666667, -9.865882E+01, -1.182106E-07
1680567408.1541905, 0, -0.01813098, -7.850687e-05, 0.02032648, 180.2137, 0, 0, 0, -98.0, -9.799374E+01, -1.093759E-07
1680567415.179513, 0, -0.01813098, -7.850687e-05, 0.01996094, 179.2055, 0, 0, 0, -97.33333333333333, -9.732793E+01, -1.361020E-07
1680567422.21804, 0, -0.01849656, -7.850687e-05, 0.01996954, 180.2137, 0, 0, 0, -96.66666666666667, -9.665659E+01, -9.236879E-08
1680567429.2581596, 0, -0.01813098, -7.850687e-05, 0.02032648, 179.2193, 0, 0, 0, -96.0, -9.599023E+01, -9.368627E-08
1680567436.3100193, 0, -0.01849656, -7.850687e-05, 0.02032648, 180.2174, 0, 0, 0, -95.33333333333333, -9.532509E+01, -9.115159E-08
1680567443.3237386, 0, -0.01849656, 0.0006523243, 0.02033493, 179.2326, 0, 0, 0, -94.66666666666667, -9.465328E+01, -8.918473E-08
1680567450.3487139, 0, -0.01849656, 0.0006523243, 0.02032461, 179.2326, 0, 0, 0, -94.0, -9.398801E+01, -8.716351E-08
1680567457.3568697, 0, -0.01849656, -7.850687e-05, 0.02033493, 179.2326, 0, 0, 0, -93.33333333333333, -9.332337E+01, -8.646245E-08
1680567464.3901434, 0, -0.01849656, 0.0002869087, 0.02032648, 178.2557, 0, 0, 0, -92.66666666666667, -9.265546E+01, -1.078200E-07
1680567471.4093418, 0, -0.01849656, 0.0002869087, 0.02033493, 179.2455, 0, 0, 0, -92.0, -9.199121E+01, -8.445183E-08
1680567478.417553, 0, -0.01886214, -7.850687e-05, 0.02070032, 180.21, 0, 0, 0, -91.33333333333333, -9.132626E+01, -8.506400E-08
1680567485.441386, 0, -0.01886214, 0.0002869087, 0.02069203, 180.21, 0, 0, 0, -90.66666666666667, -9.065574E+01, -8.270663E-08
1680567492.4734666, 0, -0.01849656, 0.0002869087, 0.02070032, 178.2557, 0, 0, 0, -90.0, -8.999055E+01, -8.411374E-08
1680567499.5011566, 0, -0.01849656, -7.850687e-05, 0.02105757, 180.2065, 0, 0, 0, -89.33333333333333, -8.932672E+01, -8.078139E-08
1680567506.5568705, 0, -0.01886214, 0.0002869087, 0.02069203, 179.2326, 0, 0, 0, -88.66666666666667, -8.865520E+01, -8.965666E-08
1680567513.6078515, 0, -0.01886214, -7.850687e-05, 0.02069019, 180.21, 0, 0, 0, -88.0, -8.799061E+01, -8.130782E-08
1680567520.654435, 0, -0.01886214, 0.0002869087, 0.02069203, 180.2065, 0, 0, 0, -87.33333333333333, -8.732701E+01, -7.681612E-08
1680567527.6636415, 0, -0.01886214, 0.0002869087, 0.0206948, 180.2065, 0, 0, 0, -86.66666666666667, -8.665928E+01, -7.888099E-08
1680567534.7103136, 0, -0.01886214, 0.0006523243, 0.02069019, 179.2326, 0, 0, 0, -86.0, -8.599491E+01, -7.797067E-08
1680567541.727566, 0, -0.01886214, -7.850687e-05, 0.02032648, 179.2326, 0, 0, 0, -85.33333333333333, -8.533055E+01, -7.700700E-08
1680567548.7504852, 0, -0.01922772, 0.0002869087, 0.02069203, 179.2579, 0, 0, 0, -84.66666666666667, -8.466029E+01, -7.354730E-08
1680567555.7997036, 0, -0.01922772, 0.00101774, 0.02105757, 180.2065, 0, 0, 0, -84.0, -8.399584E+01, -7.907767E-08
1680567562.8161414, 0, -0.01922772, 0.0006523243, 0.02069203, 179.2579, 0, 0, 0, -83.33333333333334, -8.333105E+01, -7.503338E-08
1680567569.8496587, 0, -0.01922772, 0.0002869087, 0.02105576, 180.21, 0, 0, 0, -82.66666666666667, -8.265945E+01, -7.520806E-08
1680567576.8825326, 0, -0.01922772, -7.850687e-05, 0.02069203, 179.2579, 0, 0, 0, -82.0, -8.199533E+01, -7.489560E-08
1680567583.885718, 0, -0.01922772, 0.0002869087, 0.02178867, 179.293, 0, 0, 0, -81.33333333333334, -8.133109E+01, -7.407120E-08
1680567590.9039931, 0, -0.01886214, 0.0006523243, 0.02105757, 177.3695, 0, 0, 0, -80.66666666666667, -8.066309E+01, -1.153225E-07
1680567597.9287388, 0, -0.01922772, 0.0006523243, 0.02105757, 178.3406, 0, 0, 0, -80.0, -7.999807E+01, -8.486234E-08
1680567604.9478214, 0, -0.01922772, 0.0006523243, 0.02069203, 180.2031, 0, 0, 0, -79.33333333333334, -7.933352E+01, -6.747455E-08
1680567611.9822173, 0, -0.0195933, -7.850687e-05, 0.02142134, 178.3671, 0, 0, 0, -78.66666666666667, -7.866071E+01, -6.688818E-08
1680567618.9986784, 0, -0.01922772, 0.0002869087, 0.02105757, 179.27, 0, 0, 0, -78.0, -7.799554E+01, -6.554315E-08
1680567626.0533934, 0, -0.01995888, -7.850687e-05, 0.02105757, 179.2579, 0, 0, 0, -77.33333333333334, -7.733033E+01, -6.608465E-08
1680567633.0680232, 0, -0.0195933, 0.0006523243, 0.02142134, 178.3133, 0, 0, 0, -76.66666666666667, -7.665837E+01, -6.399150E-08
1680567640.1044166, 0, -0.0195933, 0.0002869087, 0.02105757, 179.27, 0, 0, 0, -76.0, -7.599270E+01, -1.832569E-07
1680567647.1151395, 0, -0.0195933, 0.0002869087, 0.02105757, 180.1998, 0, 0, 0, -75.33333333333334, -7.532745E+01, -6.507592E-08
1680567654.1255379, 0, -0.0195933, 0.0006523243, 0.02178867, 180.1966, 0, 0, 0, -74.66666666666667, -7.465987E+01, -6.056070E-08
1680567661.1787653, 0, -0.0195933, 0.0002869087, 0.02178867, 178.3928, 0, 0, 0, -74.0, -7.399416E+01, -8.084432E-08
1680567668.205589, 0, -0.01995888, -7.850687e-05, 0.02142134, 179.293, 0, 0, 0, -73.33333333333334, -7.332597E+01, -3.976302E-07
1680567675.2224128, 0, -0.02032446, 0.0002869087, 0.02142134, 179.2816, 0, 0, 0, -72.66666666666667, -7.265772E+01, -5.696996E-08
1680567682.2439702, 0, -0.02032446, 0.0002869087, 0.02398197, 178.5521, 0, 0, 0, -72.0, -7.199227E+01, -8.669264E-08
1680567689.2588925, 0, -0.01995888, 0.0006523243, 0.02216196, 179.3145, 0, 0, 0, -71.33333333333334, -7.132723E+01, -2.096646E-07
1680567696.3023794, 0, -0.02032446, -7.850687e-05, 0.02288531, 179.3145, 0, 0, 0, -70.66666666666667, -7.065472E+01, -5.627819E-08
1680567703.3149366, 0, -0.0195933, -7.850687e-05, 0.02251807, 180.1905, 0, 0, 0, -70.0, -6.998928E+01, -6.528045E-08
1680567710.3376732, 0, -0.01995888, 0.0002869087, 0.02215249, 179.27, 0, 0, 0, -69.33333333333334, -6.932403E+01, -1.886871E-07
1680567717.341706, 0, -0.01995888, -7.850687e-05, 0.02252738, 179.3039, 0, 0, 0, -68.66666666666667, -6.865598E+01, -5.230393E-08
1680567724.3606846, 0, -0.01995888, 0.0006523243, 0.02178867, 180.1935, 0, 0, 0, -68.0, -6.798685E+01, -6.430738E-08
1680567731.391424, 0, -0.02032446, -7.850687e-05, 0.02727197, 178.6994, 0, 0, 0, -67.33333333333334, -6.732180E+01, -5.618218E-08
1680567738.4129412, 0, -0.01995888, 0.0002869087, 0.02178692, 179.293, 0, 0, 0, -66.66666666666667, -6.665269E+01, -5.077359E-08
1680567745.4438794, 0, -0.02069004, 0.0002869087, 0.02361642, 179.3248, 0, 0, 0, -66.0, -6.598871E+01, -2.413678E-07
1680567752.4643276, 0, -0.02069004, 0.0002869087, 0.02289281, 178.4177, 0, 0, 0, -65.33333333333334, -6.532448E+01, -1.059902E-07
1680567759.505627, 0, -0.02032446, -0.0004439224, 0.02215421, 180.1935, 0, 0, 0, -64.66666666666667, -6.465363E+01, -4.684171E-08
1680567766.4908428, 0, -0.02032446, 0.0002869087, 0.02252738, 178.3928, 0, 0, 0, -64.0, -6.398934E+01, -7.304401E-08
1680567773.4914036, 0, -0.01995888, -7.850687e-05, 0.02251807, 179.3039, 0, 0, 0, -63.333333333333336, -6.332467E+01, -6.897431E-08
1680567780.527215, 0, -0.02105562, 0.00101774, 0.02507711, 177.8039, 0, 0, 0, -62.66666666666667, -6.265372E+01, -2.564693E-07
1680567787.590817, 0, -0.02105562, 0.0002869087, 0.02471308, 177.7732, 0, 0, 0, -62.0, -6.198956E+01, -3.434438E-07
1680567794.6367424, 0, -0.02069004, 0.0002869087, 0.02251807, 179.3145, 0, 0, 0, -61.333333333333336, -6.132411E+01, -4.985834E-08
1680567801.6852918, 0, -0.02069004, 0.0002869087, 0.02507711, 179.3719, 0, 0, 0, -60.66666666666667, -6.065636E+01, -4.371699E-08
1680567808.716302, 0, -0.02069004, 0.0002869087, 0.02252738, 180.1905, 0, 0, 0, -60.0, -5.999206E+01, -4.446612E-08
1680567815.7328036, 0, -0.02105562, -7.850687e-05, 0.0261753, 179.4129, 0, 0, 0, -59.333333333333336, -5.932903E+01, -4.138292E-08
1680567822.7694666, 0, -0.02069004, 0.0002869087, 0.02288531, 179.3039, 0, 0, 0, -58.66666666666667, -5.865806E+01, -1.851508E-07
1680567829.7984023, 0, -0.02105562, 0.0002869087, 0.02580974, 179.3972, 0, 0, 0, -58.0, -5.799407E+01, -1.428014E-07
1680567836.7952015, 0, -0.02178678, -7.850687e-05, 0.02544419, 180.1672, 0, 0, 0, -57.333333333333336, -5.732838E+01, -4.458323E-08
1680567843.7959888, 0, -0.0214212, -7.850687e-05, 0.02509763, 179.3806, 0, 0, 0, -56.66666666666667, -5.665734E+01, -4.030139E-08
1680567850.8114452, 0, -0.0214212, 0.0002869087, 0.02508547, 178.5919, 0, 0, 0, -56.0, -5.599433E+01, -4.081542E-07
1680567857.823164, 0, -0.02178678, -7.850687e-05, 0.02544419, 179.389, 0, 0, 0, -55.333333333333336, -5.532956E+01, -2.352940E-07
1680567864.839706, 0, -0.0214212, 0.0002869087, 0.02580974, 180.1695, 0, 0, 0, -54.66666666666667, -5.466205E+01, -1.950955E-07
1680567871.8867378, 0, -0.0214212, 0.0002869087, 0.02398197, 179.3539, 0, 0, 0, -54.0, -5.399743E+01, -7.030099E-08
1680567878.9061465, 0, -0.0214212, 0.0002869087, 0.02288531, 179.3248, 0, 0, 0, -53.333333333333336, -5.333241E+01, -4.958888E-08
1680567885.924035, 0, -0.0214212, -0.0004439224, 0.02507863, 180.1719, 0, 0, 0, -52.66666666666667, -5.266078E+01, -1.638382E-07
1680567892.9507582, 0, -0.02178678, 0.0006523243, 0.02361642, 178.4879, 0, 0, 0, -52.0, -5.199560E+01, -3.352811E-08
1680567899.9616473, 0, -0.0214212, 0.0002869087, 0.02288531, 179.3248, 0, 0, 0, -51.333333333333336, -5.132915E+01, -4.411060E-08
1680567906.9872081, 0, -0.0214212, 0.0006523243, 0.02507863, 179.3631, 0, 0, 0, -50.66666666666667, -5.065797E+01, -4.994224E-08
1680567914.0474215, 0, -0.02178678, 0.0002869087, 0.0236148, 179.3348, 0, 0, 0, -50.0, -4.999218E+01, -4.201663E-08
1680567921.078939, 0, -0.02178678, 0.0006523243, 0.02398197, 180.1794, 0, 0, 0, -49.333333333333336, -4.932694E+01, -3.083860E-08
1680567928.0739036, 0, -0.02178678, -7.850687e-05, 0.02398912, 179.3348, 0, 0, 0, -48.66666666666667, -4.865843E+01, -4.400667E-08
1680567935.103921, 0, -0.02215235, -7.850687e-05, 0.02398912, 178.4652, 0, 0, 0, -48.0, -4.799353E+01, -2.897751E-08
1680567942.1541605, 0, -0.02178678, 0.0002869087, 0.02690641, 178.6994, 0, 0, 0, -47.333333333333336, -4.732477E+01, -3.215188E-08
1680567949.1749961, 0, -0.02251793, 0.0002869087, 0.02654085, 178.6478, 0, 0, 0, -46.66666666666667, -4.665710E+01, -2.694262E-07
1680567956.171879, 0, -0.02215235, 0.0006523243, 0.02508547, 178.5521, 0, 0, 0, -46.0, -4.599125E+01, -9.874369E-08
1680567963.2068355, 0, -0.02215235, 0.0002869087, 0.02507711, 180.1719, 0, 0, 0, -45.333333333333336, -4.532588E+01, -1.438072E-07
1680567970.2023404, 0, -0.02251793, -7.850687e-05, 0.02544269, 180.1695, 0, 0, 0, -44.66666666666667, -4.465381E+01, -8.950067E-08
1680567977.2286623, 0, -0.02251793, 0.0002869087, 0.0261753, 180.1672, 0, 0, 0, -44.0, -4.398817E+01, -9.622268E-08
1680567984.2691786, 0, -0.02288351, -7.850687e-05, 0.02545093, 180.1719, 0, 0, 0, -43.333333333333336, -4.332315E+01, -1.423829E-07
1680567991.2843819, 0, -0.02288351, -7.850687e-05, 0.0261753, 178.6297, 0, 0, 0, -42.66666666666667, -4.265501E+01, -6.540120E-08
1680567998.316443, 0, -0.02288351, 0.0002869087, 0.02544419, 179.389, 0, 0, 0, -42.0, -4.198635E+01, -1.622172E-07
1680568005.3351111, 0, -0.02324909, 0.0002869087, 0.02544419, 179.3806, 0, 0, 0, -41.333333333333336, -4.132092E+01, -6.640023E-08
1680568012.388389, 0, -0.02288351, -7.850687e-05, 0.02618185, 179.389, 0, 0, 0, -40.66666666666667, -4.065235E+01, -6.483868E-08
1680568019.4024966, 0, -0.02288351, 0.0002869087, 0.02580974, 179.3806, 0, 0, 0, -40.0, -3.998701E+01, -8.080750E-08
1680568026.40335, 0, -0.02324909, -7.850687e-05, 0.02544419, 180.1695, 0, 0, 0, -39.333333333333336, -3.932127E+01, -4.614269E-08
1680568033.4597223, 0, -0.02324909, 0.0002869087, 0.0261753, 179.389, 0, 0, 0, -38.66666666666667, -3.865139E+01, -5.276848E-08
1680568040.4648967, 0, -0.02324909, -7.850687e-05, 0.02618185, 180.9583, 0, 0, 0, -38.0, -3.798600E+01, -1.322985E-07
1680568047.5081851, 0, -0.02324909, -7.850687e-05, 0.02580974, 179.3806, 0, 0, 0, -37.333333333333336, -3.732218E+01, -3.409433E-08
1680568054.5297942, 0, -0.02361467, 0.0002869087, 0.02618185, 180.165, 0, 0, 0, -36.66666666666667, -3.665088E+01, -4.975331E-08
1680568061.5375726, 0, -0.02361467, 0.0002869087, 0.02654732, 179.4052, 0, 0, 0, -36.0, -3.598680E+01, -7.091577E-08
1680568068.5714037, 0, -0.02361467, 0.0002869087, 0.02690641, 180.1628, 0, 0, 0, -35.33333333333334, -3.532246E+01, -5.608634E-08
1680568075.611737, 0, -0.02361467, -7.850687e-05, 0.02617384, 179.389, 0, 0, 0, -34.66666666666667, -3.465402E+01, -8.602868E-08
1680568082.6452084, 0, -0.02398025, 0.0002869087, 0.02763615, 177.9453, 0, 0, 0, -34.0, -3.398923E+01, -1.112836E-07
1680568089.656309, 0, -0.02398025, 0.0006523243, 0.02763753, 180.1566, 0, 0, 0, -33.33333333333334, -3.332540E+01, -1.109047E-07
1680568096.658179, 0, -0.02398025, 0.0002869087, 0.026905, 179.4129, 0, 0, 0, -32.66666666666667, -3.265469E+01, -8.051952E-08
1680568103.6857295, 0, -0.02434583, 0.0002869087, 0.02727826, 179.4205, 0, 0, 0, -32.0, -3.198975E+01, -7.616074E-08
1680568110.7063422, 0, -0.02434583, 0.0002869087, 0.02727058, 180.1607, 0, 0, 0, -31.333333333333343, -3.132642E+01, -6.229651E-08
1680568117.7366023, 0, -0.02471141, 0.0002869087, 0.02654085, 178.6655, 0, 0, 0, -30.66666666666667, -3.065495E+01, -4.645788E-08
1680568124.7849238, 0, -0.02434583, 0.0006523243, 0.02727058, 179.4129, 0, 0, 0, -30.0, -2.999092E+01, -4.435050E-08
1680568131.8106735, 0, -0.02471141, 0.0002869087, 0.02727197, 179.3972, 0, 0, 0, -29.333333333333343, -2.932616E+01, -3.748898E-08
1680568138.887582, 0, -0.02471141, 0.0002869087, 0.02653942, 180.1628, 0, 0, 0, -28.66666666666667, -2.865747E+01, -3.410382E-08
1680568145.9351492, 0, -0.02471141, 0.0002869087, 0.02691279, 179.4129, 0, 0, 0, -28.0, -2.799312E+01, -2.832060E-08
1680568152.9249744, 0, -0.02507699, 0.0002869087, 0.026905, 180.1628, 0, 0, 0, -27.333333333333343, -2.732943E+01, -2.494257E-08
1680568159.9444141, 0, -0.02544257, 0.0002869087, 0.02691279, 179.4129, 0, 0, 0, -26.66666666666667, -2.665817E+01, -2.542987E-08
1680568167.0043912, 0, -0.02507699, 0.0002869087, 0.02691279, 178.6297, 0, 0, 0, -26.0, -2.599302E+01, -8.811804E-09
1680568174.0414236, 0, -0.02507699, 0.0002869087, 0.026905, 180.1607, 0, 0, 0, -25.333333333333343, -2.532689E+01, -1.735159E-08
1680568181.049512, 0, -0.02544257, 0.0002869087, 0.02690641, 180.1607, 0, 0, 0, -24.66666666666667, -2.465613E+01, -1.390494E-08
1680568188.0839489, 0, -0.02544257, 0.0002869087, 0.02690641, 179.4052, 0, 0, 0, -24.0, -2.399085E+01, -9.317181E-09
1680568195.1098368, 0, -0.02580815, 0.0002869087, 0.02727197, 179.4052, 0, 0, 0, -23.333333333333343, -2.332522E+01, -7.550470E-09
1680568202.1393418, 0, -0.02544257, 0.0006523243, 0.02727197, 179.4052, 0, 0, 0, -22.66666666666667, -2.265563E+01, -1.024742E-08
1680568209.1761038, 0, -0.02580815, 0.0006523243, 0.02690641, 179.4129, 0, 0, 0, -22.0, -2.199115E+01, -6.386784E-09
1680568216.2286184, 0, -0.02617373, 0.0006523243, 0.02727058, 179.4205, 0, 0, 0, -21.333333333333343, -2.132569E+01, -7.253047E-09
1680568223.2388382, 0, -0.02617373, 0.0002869087, 0.02763615, 180.1586, 0, 0, 0, -20.66666666666667, -2.066556E+01, -6.859191E-09
1680568230.2728434, 0, -0.02617373, -7.850687e-05, 0.02800173, 179.4205, 0, 0, 0, -20.0, -1.999890E+01, -5.348901E-09
1680568237.3021214, 0, -0.02653931, -7.850687e-05, 0.02800309, 179.4279, 0, 0, 0, -19.333333333333343, -1.933306E+01, -3.869058E-09
1680568244.3533235, 0, -0.02653931, 0.0002869087, 0.02836731, 178.6994, 0, 0, 0, -18.66666666666667, -1.866622E+01, -3.457584E-09
1680568251.3640325, 0, -0.02653931, -7.850687e-05, 0.02836865, 178.6994, 0, 0, 0, -18.0, -1.799932E+01, -3.294609E-09
1680568258.405487, 0, -0.02690488, -7.850687e-05, 0.0283747, 178.7157, 0, 0, 0, -17.333333333333343, -1.733237E+01, -4.053993E-09
1680568265.421689, 0, -0.02690488, 0.0002869087, 0.02836731, 179.4351, 0, 0, 0, -16.66666666666667, -1.666547E+01, -7.028674E-09
1680568272.452546, 0, -0.02690488, 0.00101774, 0.02873421, 178.7157, 0, 0, 0, -16.0, -1.599934E+01, -7.068761E-09
1680568279.470738, 0, -0.02727046, 0.0006523243, 0.02873421, 180.1527, 0, 0, 0, -15.333333333333343, -1.533325E+01, -1.850411E-09
1680568286.4710736, 0, -0.02763604, 0.0006523243, 0.02909846, 178.7472, 0, 0, 0, -14.666666666666671, -1.466549E+01, -4.083428E-09
1680568293.4947085, 0, -0.02763604, 0.0002869087, 0.02946404, 180.1527, 0, 0, 0, -14.0, -1.399933E+01, -6.090770E-09
1680568300.519465, 0, -0.02800162, 0.0002869087, 0.02909846, 179.4556, 0, 0, 0, -13.333333333333343, -1.333362E+01, -4.100039E-09
1680568307.523669, 0, -0.02800162, 0.0006523243, 0.02946534, 179.4489, 0, 0, 0, -12.666666666666671, -1.266642E+01, -7.629576E-10
1680568314.5571527, 0, -0.02800162, 0.0002869087, 0.0298309, 179.4556, 0, 0, 0, -12.0, -1.199943E+01, -1.124146E-09
1680568321.5896316, 0, -0.0283672, 0.0002869087, 0.03019646, 179.4621, 0, 0, 0, -11.333333333333343, -1.133358E+01, -3.741522E-10
1680568328.58849, 0, -0.02873278, 0.0002869087, 0.0298309, 179.4621, 0, 0, 0, -10.666666666666671, -1.066617E+01, -4.983372E-09
1680568335.6349733, 0, -0.0283672, -7.850687e-05, 0.03020214, 178.7916, 0, 0, 0, -10.0, -9.999909E+00, -3.334594E-10
1680568342.6712236, 0, -0.02909836, 0.0002869087, 0.0301952, 179.4684, 0, 0, 0, -9.333333333333343, -9.332349E+00, -3.535435E-09
1680568349.694244, 0, -0.02873278, 0.0006523243, 0.03020214, 179.4621, 0, 0, 0, -8.666666666666671, -8.665665E+00, -3.635756E-09
1680568356.7182784, 0, -0.02946394, 0.0002869087, 0.03056764, 179.4807, 0, 0, 0, -8.0, -8.000059E+00, +1.905427E-10
1680568363.7344203, 0, -0.02909836, -7.850687e-05, 0.03056202, 179.4807, 0, 0, 0, -7.333333333333343, -7.333049E+00, -1.438230E-09
1680568370.7776108, 0, -0.02946394, 0.0002869087, 0.03092759, 179.4807, 0, 0, 0, -6.666666666666671, -6.664942E+00, -4.368431E-09
1680568377.8081448, 0, -0.02982952, 0.0002869087, 0.03166414, 178.8195, 0, 0, 0, -6.0, -5.998973E+00, -3.894553E-09
1680568384.840404, 0, -0.02982952, 0.0002869087, 0.03165872, 179.4747, 0, 0, 0, -5.333333333333343, -5.333601E+00, +9.944290E-10
1680568391.857753, 0, -0.0301951, 0.0002869087, 0.03129193, 179.4807, 0, 0, 0, -4.666666666666671, -4.665751E+00, -6.870746E-10
1680568398.9074097, 0, -0.0301951, 0.0002869087, 0.03130838, 179.4747, 0, 0, 0, -4.0, -3.998354E+00, -3.657563E-09
1680568405.9249856, 0, -0.0301951, -7.850687e-05, 0.03092759, 179.4747, 0, 0, 0, -3.333333333333343, -3.332783E+00, +1.391484E-10
1680568412.95558, 0, -0.03092625, -7.850687e-05, 0.03129863, 178.8195, 0, 0, 0, -2.6666666666666714, -2.665532E+00, -3.396192E-09
1680568419.9918146, 0, -0.03092625, -7.850687e-05, 0.03129193, 179.4807, 0, 0, 0, -2.0, -1.999849E+00, -1.925587E-09
1680568427.0544782, 0, -0.03092625, -7.850687e-05, 0.03166414, 179.4747, 0, 0, 0, -1.3333333333333428, -1.333319E+00, -1.178319E-09
1680568434.0863686, 0, -0.03129184, 0.0006523243, 0.03166414, 179.4807, 0, 0, 0, -0.6666666666666714, -6.664839E-01, -2.295862E-09
1680568441.1239789, 0, -0.03129184, 0.0002869087, 0.03165872, 179.4747, 0, 0, 0, 0.0, +6.510364E-05, +3.020578E-09
1680568448.135079, 0, -0.03165742, 0.0002869087, 0.03166414, 179.4747, 0, 0, 0, 0.6666666666666572, +6.666141E-01, +1.728345E-09
1680568455.149838, 0, -0.03129184, -7.850687e-05, 0.03129315, 178.8057, 0, 0, 0, 1.3333333333333286, +1.333425E+00, +2.229267E-09
1680568462.1804798, 0, -0.03165742, 0.0002869087, 0.03166414, 178.8195, 0, 0, 0, 2.0, +1.999963E+00, +4.416521E-09
1680568469.207985, 0, -0.03238858, 0.0002869087, 0.03129193, 179.4747, 0, 0, 0, 2.666666666666657, +2.667138E+00, +2.927436E-09
1680568476.2227223, 0, -0.03275415, 0.0002869087, 0.03092759, 179.4747, 0, 0, 0, 3.3333333333333286, +3.333464E+00, +3.600010E-09
1680568483.2730367, 0, -0.03238858, 0.0002869087, 0.03129863, 179.4747, 0, 0, 0, 4.0, +3.999328E+00, +5.370498E-09
1680568490.2911627, 0, -0.03238858, 0.0006523243, 0.03165751, 178.8057, 0, 0, 0, 4.666666666666657, +4.667081E+00, -6.340098E-11
1680568497.3060005, 0, -0.03275415, 0.0002869087, 0.03129315, 178.8057, 0, 0, 0, 5.333333333333329, +5.334042E+00, +4.834645E-09
1680568504.29977, 0, -0.03348531, 0.0006523243, 0.03129863, 179.4747, 0, 0, 0, 6.0, +6.000152E+00, +5.405839E-09
1680568511.344967, 0, -0.03348531, 0.0002869087, 0.03166414, 178.1151, 0, 0, 0, 6.666666666666657, +6.666315E+00, +4.911331E-09
1680568518.387442, 0, -0.03348531, 0.0002869087, 0.03165872, 179.4684, 0, 0, 0, 7.333333333333329, +7.334336E+00, +2.698483E-09
1680568525.3971395, 0, -0.03421647, 0.0002869087, 0.03165872, 179.4747, 0, 0, 0, 8.0, +8.000827E+00, +5.342377E-09
1680568532.4390378, 0, -0.03458205, 0.0006523243, 0.03202428, 179.4747, 0, 0, 0, 8.666666666666657, +8.666975E+00, +6.866550E-09
1680568539.4856946, 0, -0.03494763, 0.00101774, 0.03166414, 178.8057, 0, 0, 0, 9.333333333333329, +9.332970E+00, +8.814650E-09
1680568546.480272, 0, -0.03567879, 0.0002869087, 0.03202964, 178.8195, 0, 0, 0, 10.0, +1.000096E+01, +5.285025E-09
1680568553.5398061, 0, -0.03531321, 0.0006523243, 0.03239514, 178.7916, 0, 0, 0, 10.666666666666657, +1.066765E+01, +7.975473E-09
1680568560.572375, 0, -0.03531321, 0.0002869087, 0.03275541, 179.4807, 0, 0, 0, 11.333333333333329, +1.133389E+01, +9.616715E-09
1680568567.6001904, 0, -0.03604437, 0.0006523243, 0.03275541, 178.833, 0, 0, 0, 12.0, +1.200017E+01, +8.171456E-09
1680568574.6286137, 0, -0.03604437, 0.0002869087, 0.03275425, 179.4866, 0, 0, 0, 12.666666666666657, +1.266700E+01, +7.772467E-09
1680568581.642776, 0, -0.03677552, 0.0002869087, 0.03349166, 178.833, 0, 0, 0, 13.333333333333329, +1.333460E+01, +8.008640E-09
1680568588.6605444, 0, -0.03677552, 0.00101774, 0.03312097, 180.1421, 0, 0, 0, 14.0, +1.400058E+01, +1.081687E-08
1680568595.669893, 0, -0.03787226, 0.0002869087, 0.03385211, 179.4866, 0, 0, 0, 14.666666666666657, +1.466605E+01, +1.380605E-08
1680568602.6991916, 0, -0.03860342, -7.850687e-05, 0.03348654, 179.4866, 0, 0, 0, 15.333333333333329, +1.533349E+01, +1.436452E-08
1680568609.7035007, 0, -0.038969, 0.0002869087, 0.03385717, 178.833, 0, 0, 0, 16.0, +1.600124E+01, +7.503023E-09
1680568616.7435267, 0, -0.038969, 0.0002869087, 0.03385211, 178.859, 0, 0, 0, 16.666666666666657, +1.666649E+01, +1.454454E-08
1680568623.7627752, 0, -0.03970016, 0.0002869087, 0.03422268, 179.4981, 0, 0, 0, 17.33333333333333, +1.733351E+01, +8.904010E-09
1680568630.7800105, 0, -0.04043131, 0.0006523243, 0.03458214, 178.8716, 0, 0, 0, 18.0, +1.800005E+01, +1.511818E-08
1680568637.8043282, 0, -0.04043131, 0.0002869087, 0.0349488, 178.859, 0, 0, 0, 18.666666666666657, +1.866780E+01, +8.861146E-09
1680568644.834836, 0, -0.04116247, 0.0006523243, 0.03458324, 179.5091, 0, 0, 0, 19.33333333333333, +1.933377E+01, +1.361849E-08
1680568651.8619006, 0, -0.04152805, 0.00101774, 0.03567994, 180.1358, 0, 0, 0, 20.0, +2.000041E+01, +9.611871E-09
1680568658.8766046, 0, -0.04152805, -7.850687e-05, 0.03604551, 179.5091, 0, 0, 0, 20.666666666666657, +2.066626E+01, +1.763292E-08
1680568665.8921628, 0, -0.04079689, 0.0006523243, 0.0349488, 179.4981, 0, 0, 0, 21.33333333333333, +2.133690E+01, +1.056160E-08
1680568672.919538, 0, -0.04116247, -7.850687e-05, 0.0349488, 179.5091, 0, 0, 0, 22.0, +2.200511E+01, +1.360243E-08
1680568679.9679627, 0, -0.04189363, 0.0002869087, 0.03494772, 179.5036, 0, 0, 0, 22.666666666666657, +2.267005E+01, +1.485448E-08
1680568687.0207012, 0, -0.04189363, 0.0002869087, 0.03421656, 178.8716, 0, 0, 0, 23.33333333333333, +2.333834E+01, +1.657009E-08
1680568694.0335307, 0, -0.04262479, 0.0002869087, 0.03494772, 179.5036, 0, 0, 0, 24.0, +2.400347E+01, +1.901526E-08
1680568701.0528219, 0, -0.04299037, 0.0002869087, 0.03568475, 179.5036, 0, 0, 0, 24.666666666666657, +2.466931E+01, +1.745682E-08
1680568708.0900302, 0, -0.04372153, 0.0002869087, 0.03568475, 179.5144, 0, 0, 0, 25.33333333333333, +2.534145E+01, +1.675920E-08
1680568715.1075327, 0, -0.0440871, 0.0006523243, 0.03531437, 178.896, 0, 0, 0, 26.0, +2.600557E+01, +2.042524E-08
1680568722.1237166, 0, -0.04445269, 0.0002869087, 0.03604551, 178.9078, 0, 0, 0, 26.666666666666657, +2.667095E+01, +1.932778E-08
1680568729.1825159, 0, -0.04481826, 0.0002869087, 0.03678131, 178.9078, 0, 0, 0, 27.33333333333333, +2.733891E+01, +2.079526E-08
1680568736.2221272, 0, -0.04554942, 0.0002869087, 0.03677664, 179.5196, 0, 0, 0, 28.0, +2.800730E+01, +1.745865E-08
1680568743.2789493, 0, -0.04628058, 0.0002869087, 0.03751235, 179.5246, 0, 0, 0, 28.666666666666657, +2.867149E+01, +2.125366E-08
1680568750.3256016, 0, -0.04701174, 0.00101774, 0.03641107, 179.5196, 0, 0, 0, 29.333333333333314, +2.933862E+01, +2.219659E-08
1680568757.3454409, 0, -0.0477429, 0.0002869087, 0.03787788, 179.5345, 0, 0, 0, 30.0, +3.000503E+01, +1.597607E-08
1680568764.3833258, 0, -0.04847405, 0.00101774, 0.03787335, 179.5345, 0, 0, 0, 30.666666666666657, +3.066945E+01, +1.692571E-08
1680568771.4190843, 0, -0.04883964, 0.0002869087, 0.03824341, 179.5439, 0, 0, 0, 31.333333333333314, +3.134052E+01, +1.723303E-08
1680568778.439599, 0, -0.04957079, 0.0006523243, 0.03896908, 179.5485, 0, 0, 0, 32.0, +3.200283E+01, +2.527619E-08
1680568785.460474, 0, -0.04993637, 0.0002869087, 0.03860893, 178.9525, 0, 0, 0, 32.66666666666666, +3.266939E+01, +1.783254E-08
1680568792.4844403, 0, -0.05066753, 0.00101774, 0.03970551, 179.5439, 0, 0, 0, 33.333333333333314, +3.333390E+01, +2.759709E-08
1680568799.4872708, 0, -0.05139869, 0.0002869087, 0.04043233, 179.5574, 0, 0, 0, 34.0, +3.400218E+01, +2.692087E-08
1680568806.498059, 0, -0.05212985, 0.0002869087, 0.04080211, 179.0036, 0, 0, 0, 34.66666666666666, +3.466642E+01, +2.809896E-08
1680568813.5356164, 0, -0.05249543, 0.0002869087, 0.04116764, 178.9938, 0, 0, 0, 35.333333333333314, +3.533640E+01, +1.969259E-08
1680568820.5768619, 0, -0.05322658, 0.0006523243, 0.04116347, 179.0036, 0, 0, 0, 36.0, +3.600043E+01, +2.122217E-08
1680568827.630654, 0, -0.05395774, 0.0006523243, 0.04189461, 179.0132, 0, 0, 0, 36.66666666666666, +3.666283E+01, +3.020201E-08
1680568834.645635, 0, -0.05395774, -7.850687e-05, 0.04152904, 179.5574, 0, 0, 0, 37.333333333333314, +3.733644E+01, +2.056126E-08
1680568841.6742084, 0, -0.05505448, 0.0002869087, 0.04189871, 179.5701, 0, 0, 0, 38.0, +3.799926E+01, +2.803968E-08
1680568848.725261, 0, -0.05578564, 0.0002869087, 0.04226425, 179.0226, 0, 0, 0, 38.66666666666666, +3.866565E+01, +2.090118E-08
1680568855.750791, 0, -0.05688237, 0.0002869087, 0.04299133, 179.5782, 0, 0, 0, 39.333333333333314, +3.933047E+01, +3.207144E-08
1680568862.7891603, 0, -0.05761353, 0.00101774, 0.0433569, 179.0586, 0, 0, 0, 40.0, +3.999843E+01, +3.238920E-08
1680568869.8464508, 0, -0.05834469, 0.00101774, 0.04372159, 179.0586, 0, 0, 0, 40.66666666666666, +4.066600E+01, +2.458209E-08
1680568876.8603153, 0, -0.05907585, 0.0006523243, 0.04445361, 179.0672, 0, 0, 0, 41.333333333333314, +4.133251E+01, +3.277163E-08
1680568883.903101, 0, -0.06017259, 0.0006523243, 0.04481918, 179.0756, 0, 0, 0, 42.0, +4.200084E+01, +2.179159E-08
1680568890.9537134, 0, -0.06090375, 0.0006523243, 0.04445361, 179.0586, 0, 0, 0, 42.66666666666666, +4.266453E+01, +2.705622E-08
1680568897.9692976, 0, -0.06053817, 0.0006523243, 0.04555409, 179.0839, 0, 0, 0, 43.333333333333314, +4.333583E+01, +3.030195E-08
1680568905.0130188, 0, -0.06163491, 0.001383155, 0.04518475, 179.597, 0, 0, 0, 44.0, +4.400233E+01, +2.890272E-08
1680568912.043683, 0, -0.0634628, 0.0002869087, 0.04701261, 179.6076, 0, 0, 0, 44.66666666666666, +4.466646E+01, +3.209411E-08
1680568919.0819318, 0, -0.06309722, 0.0006523243, 0.04628518, 179.6041, 0, 0, 0, 45.333333333333314, +4.533430E+01, +3.540280E-08
1680568926.107388, 0, -0.06382838, 0.0002869087, 0.04701627, 180.1083, 0, 0, 0, 46.0, +4.600537E+01, +2.595930E-08
1680568933.129666, 0, -0.06565627, 0.00101774, 0.04810933, 179.611, 0, 0, 0, 46.66666666666666, +4.667036E+01, +2.488550E-08
1680568940.1579878, 0, -0.06638743, 0.0006523243, 0.04774376, 180.1065, 0, 0, 0, 47.333333333333314, +4.733600E+01, +3.747007E-08
1680568947.1930184, 0, -0.06894649, 0.00101774, 0.04957508, 179.1452, 0, 0, 0, 48.0, +4.800498E+01, +2.465398E-08
1680568954.1785052, 0, -0.07004322, 0.001383155, 0.0499372, 178.6776, 0, 0, 0, 48.66666666666666, +4.866904E+01, +2.773936E-08
1680568961.179261, 0, -0.07004322, 0.00101774, 0.04920954, 179.624, 0, 0, 0, 49.333333333333314, +4.934197E+01, +2.630569E-08
1680568968.203631, 0, -0.07113996, 0.00101774, 0.04957162, 179.6271, 0, 0, 0, 50.0, +5.000450E+01, +3.761194E-08
1680568975.2514608, 0, -0.0722367, 0.00101774, 0.04994063, 179.6271, 0, 0, 0, 50.66666666666666, +5.067220E+01, +2.689839E-08
