t,i,x,y,r,theta,xK,tc,therm,dc, trueGateDC, trueGateI
1680569011.4021792, 0, -0.02982952, 0.0002869087, 0.0298309, 179.4489, 0, 0, 0, 0.0, +1.625498E-05, +1.211871E-09
1680569017.99298, 0, -0.02982952, 0.0002869087, 0.02982962, 180.1508, 0, 0, 0, 0.3333333333333333, +3.333914E-01, -2.008083E-09
1680569024.637634, 0, -0.02946394, 0.0002869087, 0.0298309, 179.4556, 0, 0, 0, 0.6666666666666666, +6.666176E-01, +1.587134E-09
1680569031.2401764, 0, -0.0301951, 0.0002869087, 0.02946534, 179.4489, 0, 0, 0, 1.0, +1.000086E+00, -1.176855E-09
1680569037.8668315, 0, -0.0301951, 0.0002869087, 0.0298309, 180.1508, 0, 0, 0, 1.3333333333333333, +1.333474E+00, -1.566216E-09
1680569044.4287941, 0, -0.0301951, -7.850687e-05, 0.03020214, 180.149, 0, 0, 0, 1.6666666666666665, +1.666670E+00, +1.818157E-09
1680569051.059838, 0, -0.0301951, 0.0002869087, 0.0298309, 180.1508, 0, 0, 0, 2.0, +1.999987E+00, +2.347501E-09
1680569057.6862667, 0, -0.0301951, -7.850687e-05, 0.02982962, 179.4421, 0, 0, 0, 2.333333333333333, +2.333580E+00, +4.945048E-09
1680569064.303639, 0, -0.0301951, 0.0006523243, 0.0298309, 179.4489, 0, 0, 0, 2.6666666666666665, +2.666855E+00, +5.485551E-09
1680569070.905113, 0, -0.03056068, 0.0002869087, 0.02983665, 180.149, 0, 0, 0, 3.0, +3.000185E+00, +4.811061E-09
1680569077.5227947, 0, -0.03092625, 0.0002869087, 0.0301952, 180.1508, 0, 0, 0, 3.333333333333333, +3.333452E+00, +4.083306E-09
1680569084.158203, 0, -0.03092625, 0.0002869087, 0.02982962, 178.7624, 0, 0, 0, 3.6666666666666665, +3.666683E+00, +1.800082E-09
1680569090.7674806, 0, -0.03092625, 0.0002869087, 0.0298309, 179.4489, 0, 0, 0, 4.0, +4.000128E+00, +8.311081E-10
1680569097.3933537, 0, -0.03092625, 0.0002869087, 0.02983665, 178.7472, 0, 0, 0, 4.333333333333333, +4.333333E+00, +7.159256E-09
1680569103.9846654, 0, -0.03092625, -7.850687e-05, 0.03019646, 179.4489, 0, 0, 0, 4.666666666666666, +4.666451E+00, +6.737243E-09
1680569110.5931654, 0, -0.03129184, 0.0006523243, 0.0298309, 178.7624, 0, 0, 0, 5.0, +5.000940E+00, +2.971000E-09
1680569117.192353, 0, -0.03129184, 0.00101774, 0.02982962, 179.4489, 0, 0, 0, 5.333333333333333, +5.334703E+00, +2.439940E-09
1680569123.8086848, 0, -0.03165742, 0.00101774, 0.03056078, 179.4489, 0, 0, 0, 5.666666666666666, +5.666768E+00, +8.755312E-09
1680569130.4122453, 0, -0.03165742, 0.0006523243, 0.03019646, 178.7624, 0, 0, 0, 6.0, +5.999868E+00, +9.199236E-09
1680569137.061919, 0, -0.03165742, 0.0006523243, 0.03056202, 179.4489, 0, 0, 0, 6.333333333333333, +6.333714E+00, +4.184276E-09
1680569143.7020586, 0, -0.03202299, 0.0002869087, 0.03019646, 179.4489, 0, 0, 0, 6.666666666666666, +6.665924E+00, +1.017907E-08
1680569150.3147714, 0, -0.03165742, -7.850687e-05, 0.03019646, 179.4489, 0, 0, 0, 7.0, +6.999780E+00, +9.002793E-09
1680569156.9096851, 0, -0.03202299, 0.00101774, 0.03020214, 179.4556, 0, 0, 0, 7.333333333333333, +7.334382E+00, +4.423529E-09
1680569163.506588, 0, -0.03165742, 0.0002869087, 0.03056078, 179.4556, 0, 0, 0, 7.666666666666666, +7.667125E+00, +6.623948E-09
1680569170.1369736, 0, -0.03202299, 0.0006523243, 0.03092635, 178.7624, 0, 0, 0, 8.0, +8.001244E+00, +6.059420E-09
1680569176.7386825, 0, -0.03238858, 0.0002869087, 0.03056202, 179.4489, 0, 0, 0, 8.333333333333332, +8.333993E+00, +9.527443E-09
1680569183.3693047, 0, -0.03202299, 0.0006523243, 0.03092759, 180.149, 0, 0, 0, 8.666666666666666, +8.667424E+00, +5.844754E-09
1680569189.972484, 0, -0.03238858, 0.0002869087, 0.03093313, 178.7624, 0, 0, 0, 9.0, +9.000379E+00, +6.900710E-09
1680569196.5990038, 0, -0.03275415, 0.0002869087, 0.03056078, 179.4556, 0, 0, 0, 9.333333333333332, +9.333106E+00, +1.107201E-08
1680569203.2197168, 0, -0.03238858, 0.0002869087, 0.03129315, 179.4621, 0, 0, 0, 9.666666666666666, +9.666449E+00, +1.223045E-08
1680569209.8227632, 0, -0.03275415, 0.0006523243, 0.030943, 179.4621, 0, 0, 0, 10.0, +1.000092E+01, +9.289954E-09
1680569216.4210775, 0, -0.03311973, 0.0006523243, 0.03129863, 179.4621, 0, 0, 0, 10.333333333333332, +1.033396E+01, +1.394757E-08
1680569223.0411334, 0, -0.03275415, -7.850687e-05, 0.030943, 179.4556, 0, 0, 0, 10.666666666666666, +1.066740E+01, +1.291358E-08
1680569229.6527076, 0, -0.03311973, 0.0002869087, 0.03165872, 179.4621, 0, 0, 0, 11.0, +1.100064E+01, +1.445027E-08
1680569236.2689424, 0, -0.03348531, 0.0006523243, 0.03165872, 179.4621, 0, 0, 0, 11.333333333333332, +1.133448E+01, +9.803998E-09
1680569242.8856082, 0, -0.03348531, 0.0006523243, 0.03202428, 179.4621, 0, 0, 0, 11.666666666666666, +1.166729E+01, +9.630178E-09
1680569249.5105035, 0, -0.03421647, 0.0006523243, 0.03165872, 179.4684, 0, 0, 0, 12.0, +1.199985E+01, +1.420278E-08
1680569256.1388397, 0, -0.03385089, 0.0002869087, 0.03202428, 180.1472, 0, 0, 0, 12.333333333333332, +1.233396E+01, +1.221701E-08
1680569262.7141912, 0, -0.03421647, 0.0002869087, 0.03166414, 180.1455, 0, 0, 0, 12.666666666666666, +1.266740E+01, +1.110543E-08
1680569269.325688, 0, -0.03421647, 0.0002869087, 0.03165872, 180.1455, 0, 0, 0, 13.0, +1.300127E+01, +1.146004E-08
1680569275.950845, 0, -0.03421647, -7.850687e-05, 0.03238984, 179.4747, 0, 0, 0, 13.333333333333332, +1.333497E+01, +1.098295E-08
1680569282.5541496, 0, -0.03458205, 0.0002869087, 0.03202428, 180.1455, 0, 0, 0, 13.666666666666666, +1.366793E+01, +1.147054E-08
1680569289.167777, 0, -0.03458205, 0.0002869087, 0.03238984, 178.8057, 0, 0, 0, 14.0, +1.400067E+01, +1.446279E-08
1680569295.7689152, 0, -0.03494763, 0.0006523243, 0.03238984, 178.8195, 0, 0, 0, 14.333333333333332, +1.433332E+01, +1.913196E-08
1680569302.4034526, 0, -0.03531321, 0.0002869087, 0.03276065, 178.8195, 0, 0, 0, 14.666666666666666, +1.466609E+01, +1.899777E-08
