DYT048
2022-3-6LOCK-IN PARAMETERS
ADDRESS: 10
TAU: 1
SENSITIVITY: 1e-3
FREQUENCY: 7.675
AMP: 1
COUPLING: AC
LP_FILTER: 24
SYNC_FILTER: none
NOTCH_FILTER: none
ADDRESS: 2
TIME	T_PPMS(K)	 H_PPMS(Oe)	VDP_config	LIA_X(V)	LIA_Y(V)	LIA_PHASE	LIA2_X(A)	LIA2_Y(A)	LIA2_PHASE
14:24:25	350.15	0.32	1	0.00165177	0.000131608	4.554	9.72072e-08	4.19098e-09	2.49
14:24:35	350.31	0.28	2	0.00497058	0.00037575	4.332	9.61013e-08	3.60889e-09	2.184
14:24:45	350.48	0.24	3	0.00332834	0.000244142	4.206	9.55192e-08	3.37606e-09	2.058
14:24:55	350.65	0.36	1	0.00167657	0.000131608	4.542	9.7149e-08	4.19098e-09	2.472
14:25:05	350.82	0.30	2	0.00503924	0.000381472	4.332	9.60431e-08	3.60889e-09	2.166
14:25:15	350.99	0.38	3	0.0033703	0.000247957	4.212	9.55192e-08	3.37606e-09	2.04
14:25:25	351.16	0.34	1	0.00169755	0.000133515	4.542	9.7149e-08	4.19098e-09	2.472
14:25:35	351.33	0.36	2	0.00509456	0.000383379	4.32	9.59849e-08	3.60889e-09	2.166
14:25:45	351.51	0.36	3	0.00340654	0.000249865	4.2	9.5461e-08	3.37606e-09	2.04
14:25:55	351.67	0.34	1	0.00171471	0.000133515	4.5	9.70908e-08	4.19098e-09	2.478
14:26:05	351.85	0.40	2	0.00513843	0.000385286	4.302	9.59849e-08	3.55068e-09	2.148
14:26:16	352.02	0.40	3	0.00343134	0.000249865	4.194	9.5461e-08	3.31785e-09	2.022
14:26:26	352.19	0.34	1	0.00172807	0.000135423	4.518	9.70908e-08	4.19098e-09	2.478
14:26:36	352.36	0.40	2	0.00517467	0.000389101	4.308	9.59849e-08	3.55068e-09	2.148
14:26:46	352.53	0.34	3	0.00345232	0.000251772	4.194	9.54028e-08	3.31785e-09	2.022
14:26:56	352.70	0.40	1	0.00173569	0.000135423	4.5	9.70908e-08	4.13277e-09	2.454
14:27:06	352.88	0.08	2	0.00519946	0.000391008	4.308	9.59849e-08	3.55068e-09	2.148
14:27:16	353.04	0.14	3	0.00346757	0.000251772	4.176	9.54028e-08	3.31785e-09	2.022
14:27:26	353.21	0.14	1	0.00174142	0.000135423	4.482	9.70908e-08	4.13277e-09	2.454
14:27:36	353.39	0.12	2	0.00521472	0.000391008	4.296	9.59267e-08	3.55068e-09	2.148
14:27:46	353.55	0.08	3	0.0034752	0.000251772	4.17	9.54028e-08	3.31785e-09	2.022
14:27:56	353.73	0.16	1	0.00174714	0.00013733	4.524	9.70908e-08	4.19098e-09	2.478
14:28:07	353.90	0.16	2	0.00522235	0.000392916	4.308	9.59267e-08	3.55068e-09	2.13
14:28:17	354.06	0.16	3	0.00347902	0.000251772	4.164	9.54028e-08	3.31785e-09	2.022
14:28:27	354.23	0.10	1	0.00174905	0.00013733	4.518	9.70908e-08	4.19098e-09	2.478
14:28:37	354.40	0.12	2	0.00522426	0.000392916	4.302	9.59267e-08	3.55068e-09	2.148
14:28:47	354.57	0.12	3	0.00347902	0.000251772	4.164	9.54028e-08	3.31785e-09	2.022
14:28:57	354.74	0.18	1	0.00174714	0.00013733	4.524	9.70908e-08	4.13277e-09	2.454
14:29:07	354.91	0.14	2	0.00521854	0.000391008	4.29	9.59849e-08	3.55068e-09	2.13
14:29:17	355.07	0.16	3	0.0034733	0.000251772	4.17	9.54028e-08	3.31785e-09	2.022
14:29:27	355.25	0.12	1	0.00174523	0.00013733	4.53	9.70908e-08	4.19098e-09	2.478
14:29:37	355.42	0.18	2	0.00521091	0.000391008	4.296	9.59267e-08	3.55068e-09	2.148
14:29:47	355.58	0.12	3	0.00346567	0.000251772	4.182	9.54028e-08	3.31785e-09	2.022
14:29:57	355.76	0.12	1	0.00174142	0.000135423	4.488	9.70908e-08	4.19098e-09	2.478
14:30:08	355.92	0.16	2	0.00519565	0.000389101	4.29	9.59849e-08	3.55068e-09	2.148
14:30:18	356.10	0.12	3	0.00345613	0.000251772	4.194	9.54028e-08	3.31785e-09	2.022
14:30:28	356.26	0.12	1	0.00173569	0.000135423	4.5	9.70908e-08	4.19098e-09	2.478
14:30:38	356.43	0.12	2	0.00517657	0.000389101	4.308	9.59849e-08	3.55068e-09	2.148
14:30:48	356.60	0.20	3	0.00344278	0.000249865	4.182	9.5461e-08	3.31785e-09	2.022
14:30:58	356.77	0.20	1	0.00172807	0.000135423	4.518	9.7149e-08	4.19098e-09	2.472
14:31:08	356.93	0.16	2	0.00515559	0.000387194	4.308	9.59849e-08	3.60889e-09	2.166
14:31:18	357.10	0.24	3	0.00342561	0.000249865	4.2	9.5461e-08	3.31785e-09	2.022
14:31:28	357.27	0.18	1	0.00172234	0.000135423	4.536	9.70908e-08	4.19098e-09	2.478
14:31:38	357.44	0.20	2	0.0051327	0.000385286	4.308	9.59849e-08	3.55068e-09	2.148
14:31:48	357.61	0.22	3	0.00340845	0.000249865	4.194	9.5461e-08	3.31785e-09	2.016
14:31:58	357.78	0.20	1	0.00171471	0.000133515	4.5	9.70908e-08	4.19098e-09	2.478
14:32:09	357.94	0.14	2	0.005106	0.000383379	4.314	9.59849e-08	3.55068e-09	2.148
14:32:19	358.12	0.20	3	0.00339128	0.000247957	4.188	9.5461e-08	3.31785e-09	2.016
14:32:29	358.28	0.22	1	0.00170518	0.000133515	4.524	9.7149e-08	4.19098e-09	2.472
14:32:39	358.45	0.22	2	0.00507548	0.000381472	4.32	9.60431e-08	3.60889e-09	2.166
14:32:49	358.62	0.16	3	0.0033703	0.000247957	4.212	9.55192e-08	3.37606e-09	2.058
14:32:59	358.79	0.20	1	0.00169564	0.000131608	4.494	9.7149e-08	4.19098e-09	2.472
14:33:09	358.95	0.22	2	0.00504497	0.000381472	4.326	9.60431e-08	3.60889e-09	2.166
14:33:19	359.13	0.18	3	0.00335123	0.00024605	4.212	9.55192e-08	3.37606e-09	2.04
14:33:29	359.29	0.20	1	0.0016861	0.000131608	4.518	9.7149e-08	4.19098e-09	2.472
14:33:39	359.47	0.24	2	0.00501636	0.000379564	4.332	9.60431e-08	3.60889e-09	2.166
14:33:49	359.64	0.24	3	0.00332834	0.000244142	4.206	9.55192e-08	3.37606e-09	2.058
14:34:00	359.80	0.26	1	0.00167657	0.000131608	4.548	9.7149e-08	4.19098e-09	2.472
14:34:10	359.97	0.24	2	0.00498202	0.00037575	4.326	9.61013e-08	3.60889e-09	2.184
14:34:20	360.14	0.24	3	0.00330545	0.000242234	4.212	9.55774e-08	3.37606e-09	2.058
14:34:30	360.30	0.28	1	0.00166512	0.000131608	4.518	9.7149e-08	4.19098e-09	2.496
14:34:40	360.47	0.22	2	0.0049496	0.000373842	4.332	9.60431e-08	3.60889e-09	2.184
14:34:50	360.64	0.22	3	0.00328447	0.000240327	4.206	9.55774e-08	3.37606e-09	2.058
14:35:00	360.81	0.28	1	0.00165368	0.000131608	4.548	9.72072e-08	4.19098e-09	2.472
14:35:10	360.98	0.28	2	0.00491527	0.000371935	4.344	9.61595e-08	3.60889e-09	2.184
14:35:20	361.15	0.22	3	0.00325967	0.000240327	4.236	9.55774e-08	3.43427e-09	2.076
14:35:30	361.31	0.24	1	0.00164414	0.000129701	4.518	9.72072e-08	4.19098e-09	2.49
14:35:40	361.48	0.28	2	0.00488093	0.000370027	4.356	9.61595e-08	3.60889e-09	2.184
14:35:51	361.65	0.24	3	0.00323488	0.00023842	4.242	9.56356e-08	3.37606e-09	2.052
14:36:01	361.82	0.28	1	0.0016327	0.000129701	4.548	9.72072e-08	4.19098e-09	2.49
14:36:11	361.99	0.26	2	0.0048447	0.00036812	4.344	9.61595e-08	3.6671e-09	2.202
14:36:21	362.16	0.26	3	0.00321199	0.000236512	4.242	9.56356e-08	3.43427e-09	2.076
14:36:31	362.32	0.24	1	0.00162125	0.000127793	4.524	9.72072e-08	4.19098e-09	2.49
14:36:41	362.50	0.28	2	0.00481036	0.000366213	4.356	9.61595e-08	3.6671e-09	2.202
14:36:51	362.66	0.26	3	0.00318719	0.000236512	4.248	9.56356e-08	3.43427e-09	2.076
14:37:01	362.83	0.30	1	0.00160981	0.000127793	4.56	9.72072e-08	4.19098e-09	2.49
14:37:11	363.00	0.28	2	0.00477412	0.000362398	4.35	9.62177e-08	3.6671e-09	2.202
14:37:21	363.17	0.28	3	0.0031624	0.000234605	4.248	9.56938e-08	3.49247e-09	2.094
14:37:31	363.34	0.24	1	0.00159837	0.000125886	4.524	9.72655e-08	4.24919e-09	2.508
14:37:41	363.51	0.32	2	0.00473979	0.000360491	4.362	9.62177e-08	3.72532e-09	2.22
14:37:52	363.67	0.24	3	0.0031376	0.000232697	4.254	9.56938e-08	3.49247e-09	2.094
14:38:02	363.84	0.24	1	0.00158692	0.000125886	4.56	9.72072e-08	4.24919e-09	2.514
14:38:12	364.01	0.26	2	0.00469974	0.000358583	4.38	9.62177e-08	3.6671e-09	2.202
14:38:22	364.17	0.28	3	0.00311281	0.00023079	4.254	9.57521e-08	3.49247e-09	2.094
14:38:32	364.35	0.34	1	0.00157548	0.000123979	4.536	9.72655e-08	4.24919e-09	2.508
14:38:42	364.51	0.30	2	0.0046654	0.000354769	4.368	9.62177e-08	3.72532e-09	2.22
14:38:52	364.68	0.28	3	0.00308801	0.000228883	4.26	9.57521e-08	3.49247e-09	2.094
14:39:02	364.85	0.32	1	0.00156403	0.000123979	4.566	9.72655e-08	4.24919e-09	2.508
14:39:12	365.02	0.34	2	0.00462726	0.000354769	4.386	9.62759e-08	3.72532e-09	2.22
14:39:22	365.19	0.28	3	0.00306322	0.000226975	4.266	9.57521e-08	3.49247e-09	2.112
14:39:32	365.36	0.24	1	0.00155259	0.000122071	4.542	9.73237e-08	4.24919e-09	2.526
14:39:43	365.52	0.32	2	0.00459102	0.000350954	4.38	9.62759e-08	3.72532e-09	2.22
14:39:53	365.70	0.32	3	0.00303651	0.000225068	4.266	9.58103e-08	3.49247e-09	2.112
14:40:03	365.86	0.30	1	0.00154115	0.000122071	4.572	9.73237e-08	4.24919e-09	2.508
14:40:13	366.03	0.30	2	0.00455478	0.000349047	4.392	9.62759e-08	3.72532e-09	2.238
14:40:23	366.20	0.32	3	0.00301172	0.000223161	4.272	9.58103e-08	3.55068e-09	2.13
14:40:33	366.37	0.32	1	0.0015297	0.000120163	4.548	9.73237e-08	4.24919e-09	2.526
14:40:43	366.53	0.34	2	0.00451663	0.000345232	4.386	9.63341e-08	3.72532e-09	2.238
14:40:53	366.70	0.28	3	0.00298502	0.000223161	4.278	9.58685e-08	3.49247e-09	2.112
14:41:03	366.87	0.30	1	0.00151826	0.000120163	4.584	9.73237e-08	4.24919e-09	2.526
14:41:13	367.04	0.26	2	0.00448039	0.000343325	4.404	9.63341e-08	3.78353e-09	2.256
14:41:23	367.21	0.34	3	0.00296022	0.000221253	4.278	9.58685e-08	3.55068e-09	2.13
14:41:34	367.37	0.36	1	0.00150491	0.000118256	4.554	9.73237e-08	4.24919e-09	2.526
14:41:44	367.54	0.32	2	0.00444224	0.000341417	4.398	9.63923e-08	3.72532e-09	2.238
14:41:54	367.72	0.34	3	0.00293542	0.000221253	4.32	9.59267e-08	3.55068e-09	2.148
14:42:04	367.88	0.34	1	0.00149346	0.000118256	4.59	9.73819e-08	4.24919e-09	2.526
14:42:14	368.05	0.32	2	0.00440601	0.00033951	4.41	9.63923e-08	3.78353e-09	2.256
14:42:24	368.22	0.34	3	0.00290872	0.000219346	4.326	9.59267e-08	3.55068e-09	2.148
14:42:34	368.39	0.30	1	0.00148202	0.000118256	4.56	9.73819e-08	4.3074e-09	2.55
14:42:44	368.56	0.40	2	0.00436977	0.000337603	4.428	9.63923e-08	3.78353e-09	2.274
14:42:54	368.73	0.34	3	0.00288393	0.000217439	4.326	9.59267e-08	3.55068e-09	2.148
14:43:04	368.89	0.38	1	0.00147057	0.000118256	4.596	9.73819e-08	4.3074e-09	2.55
14:43:14	369.06	0.40	2	0.00432971	0.000333788	4.422	9.64505e-08	3.78353e-09	2.274
14:43:24	369.23	0.36	3	0.00285722	0.000215531	4.338	9.59849e-08	3.60889e-09	2.166
14:43:34	369.39	0.34	1	0.00145913	0.000116349	4.566	9.73819e-08	4.3074e-09	2.55
14:43:45	369.57	0.36	2	0.00429156	0.000331881	4.44	9.64505e-08	3.78353e-09	2.274
14:43:55	369.74	0.34	3	0.00283052	0.000213624	4.344	9.59849e-08	3.60889e-09	2.166
14:44:05	369.90	0.42	1	0.00144769	0.000116349	4.602	9.73819e-08	4.3074e-09	2.544
14:44:15	370.08	0.32	2	0.00425532	0.000329973	4.434	9.65088e-08	3.78353e-09	2.274
14:44:25	370.24	0.22	3	0.00280572	0.000211717	4.344	9.60431e-08	3.60889e-09	2.184
14:44:35	370.40	0.16	1	0.00143624	0.000114441	4.578	9.73819e-08	4.3074e-09	2.544
14:44:45	370.58	0.26	2	0.00421718	0.000326158	4.428	9.65088e-08	3.78353e-09	2.274
14:44:55	370.75	0.26	3	0.00277902	0.000209809	4.356	9.60431e-08	3.60889e-09	2.184
14:45:05	370.92	0.24	1	0.0014248	0.000114441	4.614	9.74401e-08	4.3656e-09	2.562
14:45:15	371.09	0.20	2	0.00417903	0.000324251	4.446	9.65088e-08	3.84173e-09	2.292
14:45:26	371.25	0.26	3	0.00275232	0.000209809	4.362	9.60431e-08	3.60889e-09	2.184
14:45:36	371.42	0.28	1	0.00141145	0.000112534	4.584	9.74401e-08	4.3074e-09	2.544
14:45:46	371.59	0.26	2	0.00414279	0.000320436	4.44	9.65088e-08	3.84173e-09	2.292
14:45:56	371.75	0.30	3	0.00272562	0.000205995	4.332	9.61013e-08	3.6671e-09	2.202
14:46:06	371.93	0.28	1	0.0014	0.000112534	4.62	9.74401e-08	4.3074e-09	2.544
14:46:16	372.09	0.22	2	0.00410464	0.000318529	4.458	9.6567e-08	3.84173e-09	2.292
14:46:26	372.26	0.28	3	0.00269891	0.000204087	4.344	9.61595e-08	3.6671e-09	2.202
14:46:36	372.43	0.30	1	0.00138856	0.000110627	4.59	9.74401e-08	4.3656e-09	2.562
14:46:46	372.60	0.26	2	0.0040665	0.000316622	4.452	9.6567e-08	3.84173e-09	2.31
14:46:56	372.77	0.24	3	0.00267221	0.00020218	4.35	9.61595e-08	3.6671e-09	2.202
14:47:06	372.94	0.24	1	0.00137711	0.000110627	4.632	9.74983e-08	4.3656e-09	2.562
14:47:17	373.10	0.24	2	0.00402644	0.000314714	4.47	9.66252e-08	3.84173e-09	2.31
14:47:27	373.27	0.28	3	0.00264551	0.000200273	4.356	9.61595e-08	3.72532e-09	2.22
14:47:37	373.44	0.28	1	0.00136567	0.000108719	4.602	9.74401e-08	4.3656e-09	2.562
14:47:47	373.61	0.26	2	0.0039883	0.0003109	4.464	9.66252e-08	3.84173e-09	2.31
14:47:57	373.78	0.28	3	0.0026169	0.000198365	4.368	9.62177e-08	3.72532e-09	2.22
14:48:07	373.95	0.26	1	0.00135613	0.000108719	4.638	9.74983e-08	4.3656e-09	2.586
14:48:17	374.11	0.32	2	0.00394824	0.000308992	4.488	9.66252e-08	3.89994e-09	2.328
14:48:27	374.28	0.30	3	0.00259019	0.000196458	4.374	9.62177e-08	3.72532e-09	2.22
14:48:37	374.45	0.26	1	0.00134469	0.000106812	4.602	9.74983e-08	4.3656e-09	2.562
14:48:47	374.62	0.30	2	0.00391009	0.000305178	4.482	9.66834e-08	3.89994e-09	2.328
14:48:57	374.79	0.26	3	0.00256349	0.000196458	4.386	9.62177e-08	3.72532e-09	2.238
14:49:07	374.96	0.26	1	0.00133324	0.000106812	4.644	9.74983e-08	4.3656e-09	2.586
14:49:18	375.12	0.22	2	0.00387193	0.00030327	4.476	9.66834e-08	3.89994e-09	2.328
14:49:28	375.30	0.28	3	0.00253488	0.00019455	4.398	9.62759e-08	3.72532e-09	2.22
14:49:38	375.46	0.30	1	0.00131989	0.000104905	4.614	9.75565e-08	4.3656e-09	2.58
14:49:48	375.64	0.30	2	0.00383188	0.000301363	4.5	9.66834e-08	3.95815e-09	2.346
14:49:58	375.80	0.24	3	0.00250818	0.000192643	4.404	9.62759e-08	3.72532e-09	2.238
14:50:08	375.97	0.26	1	0.00130845	0.000104905	4.656	9.75565e-08	4.3656e-09	2.562
14:50:18	376.14	0.26	2	0.00379373	0.000297548	4.494	9.67416e-08	3.89994e-09	2.328
14:50:28	376.31	0.24	3	0.00248148	0.000190736	4.416	9.62759e-08	3.72532e-09	2.238
14:50:38	376.47	0.28	1	0.001297	0.000104905	4.62	9.75565e-08	4.3656e-09	2.58
14:50:48	376.64	0.26	2	0.00375368	0.000293734	4.494	9.67416e-08	3.95815e-09	2.364
14:50:58	376.81	0.32	3	0.00245287	0.000188828	4.428	9.63341e-08	3.78353e-09	2.256
14:51:08	376.98	0.26	1	0.00128556	0.000104905	4.662	9.75565e-08	4.3656e-09	2.58
14:51:19	377.15	0.26	2	0.00371362	0.000291826	4.512	9.67416e-08	3.95815e-09	2.346
14:51:29	377.32	0.28	3	0.00242426	0.000185014	4.404	9.63923e-08	3.78353e-09	2.256
14:51:39	377.48	0.28	1	0.00127412	0.000102997	4.632	9.75565e-08	4.42381e-09	2.598
14:51:49	377.65	0.30	2	0.00367357	0.000289919	4.512	9.67416e-08	3.95815e-09	2.364
14:51:59	377.82	0.28	3	0.00239755	0.000183106	4.41	9.63923e-08	3.78353e-09	2.256
14:52:09	377.99	0.28	1	0.00126267	0.000102997	4.674	9.76147e-08	4.3656e-09	2.58
14:52:19	378.16	0.30	2	0.00363351	0.000286104	4.506	9.6858e-08	3.95815e-09	2.364
14:52:29	378.33	0.28	3	0.00236703	0.000183106	4.428	9.63923e-08	3.78353e-09	2.274
14:52:39	378.49	0.26	1	0.00125123	0.00010109	4.644	9.76147e-08	4.42381e-09	2.598
14:52:49	378.66	0.26	2	0.00359346	0.000284197	4.53	9.6858e-08	3.95815e-09	2.364
14:52:59	378.83	0.26	3	0.00233842	0.000181199	4.44	9.64505e-08	3.78353e-09	2.274
14:53:09	378.99	0.28	1	0.00123978	0.00010109	4.686	9.76147e-08	4.42381e-09	2.598
14:53:20	379.17	0.22	2	0.00355341	0.000280382	4.53	9.6858e-08	4.01636e-09	2.382
14:53:30	379.34	0.28	3	0.00230981	0.000179292	4.452	9.64505e-08	3.84173e-09	2.292
14:53:40	379.51	0.28	1	0.00122643	9.91826e-05	4.656	9.76147e-08	4.42381e-09	2.598
14:53:50	379.68	0.24	2	0.00351335	0.000276567	4.524	9.69162e-08	4.01636e-09	2.382
14:54:00	379.84	0.30	3	0.00228311	0.000177384	4.464	9.65088e-08	3.84173e-09	2.292
14:54:10	380.01	0.32	1	0.00121499	9.91826e-05	4.698	9.76729e-08	4.42381e-09	2.616
14:54:20	380.18	0.26	2	0.00347139	0.000276567	4.554	9.69162e-08	4.01636e-09	2.4
14:54:30	380.34	0.34	3	0.00225259	0.00017357	4.44	9.65088e-08	3.84173e-09	2.292
14:54:40	380.52	0.30	1	0.00120354	9.72752e-05	4.662	9.76729e-08	4.42381e-09	2.598
14:54:50	380.69	0.30	2	0.00343134	0.000272753	4.554	9.69162e-08	4.01636e-09	2.382
14:55:00	380.85	0.28	3	0.00222398	0.000171662	4.452	9.65088e-08	3.84173e-09	2.31
14:55:11	381.02	0.28	1	0.0011921	9.72752e-05	4.71	9.76729e-08	4.42381e-09	2.616
14:55:21	381.19	0.30	2	0.00339128	0.000268938	4.554	9.69162e-08	4.01636e-09	2.4
14:55:31	381.35	0.30	3	0.00219347	0.000169755	4.47	9.6567e-08	3.84173e-09	2.31
14:55:41	381.53	0.26	1	0.00118066	9.53679e-05	4.674	9.76729e-08	4.42381e-09	2.616
14:55:51	381.70	0.28	2	0.00335123	0.000265123	4.548	9.69744e-08	4.07456e-09	2.418
14:56:01	381.86	0.30	3	0.00216486	0.000169755	4.488	9.6567e-08	3.84173e-09	2.31
14:56:11	382.03	0.24	1	0.00116921	9.53679e-05	4.722	9.76729e-08	4.42381e-09	2.616
14:56:21	382.20	0.30	2	0.00330926	0.000263216	4.578	9.69744e-08	4.01636e-09	2.4
14:56:31	382.36	0.32	3	0.00213434	0.00016594	4.464	9.66252e-08	3.89994e-09	2.328
14:56:41	382.54	0.30	1	0.00115777	9.34605e-05	4.686	9.76729e-08	4.42381e-09	2.616
14:56:51	382.70	0.28	2	0.0032673	0.000261309	4.578	9.69744e-08	4.07456e-09	2.418
14:57:01	382.87	0.28	3	0.00210573	0.000164033	4.476	9.66252e-08	3.89994e-09	2.328
14:57:12	383.04	0.30	1	0.00114632	9.34605e-05	4.734	9.77311e-08	4.48202e-09	2.634
14:57:22	383.21	0.24	2	0.00322534	0.000257494	4.578	9.70326e-08	4.07456e-09	2.418
14:57:32	383.37	0.32	3	0.00207521	0.000162126	4.5	9.66252e-08	3.89994e-09	2.328
14:57:42	383.55	0.28	1	0.00113488	9.15532e-05	4.698	9.77893e-08	4.42381e-09	2.616
14:57:52	383.71	0.32	2	0.00318338	0.000253679	4.578	9.70908e-08	4.13277e-09	2.436
14:58:02	383.88	0.34	3	0.0020466	0.000160218	4.518	9.66834e-08	3.95815e-09	2.346
14:58:12	384.05	0.26	1	0.00112153	9.15532e-05	4.662	9.77311e-08	4.48202e-09	2.634
14:58:22	384.22	0.28	2	0.00314142	0.000249865	4.578	9.70908e-08	4.13277e-09	2.436
14:58:32	384.39	0.30	3	0.00201608	0.000158311	4.488	9.67416e-08	3.95815e-09	2.346
14:58:42	384.56	0.34	1	0.00111008	9.15532e-05	4.716	9.77893e-08	4.48202e-09	2.634
14:58:52	384.72	0.28	2	0.00310136	0.000249865	4.608	9.70908e-08	4.13277e-09	2.436
14:59:02	384.90	0.32	3	0.00198556	0.000156404	4.506	9.67416e-08	3.95815e-09	2.346
14:59:13	385.06	0.34	1	0.00109864	8.96459e-05	4.674	9.77893e-08	4.48202e-09	2.634
14:59:23	385.23	0.34	2	0.0030594	0.00024605	4.608	9.70908e-08	4.13277e-09	2.454
14:59:33	385.40	0.34	3	0.00195505	0.000154496	4.53	9.67416e-08	3.95815e-09	2.364
14:59:43	385.57	0.32	1	0.0010872	8.96459e-05	4.728	9.77893e-08	4.48202e-09	2.634
14:59:53	385.73	0.28	2	0.00301744	0.000242234	4.608	9.7149e-08	4.13277e-09	2.454
15:00:03	385.91	0.30	3	0.00192452	0.000150681	4.506	9.67998e-08	4.01636e-09	2.382
15:00:13	386.07	0.30	1	0.00107575	8.77385e-05	4.692	9.77893e-08	4.48202e-09	2.634
15:00:23	386.24	0.34	2	0.00297548	0.00023842	4.608	9.7149e-08	4.13277e-09	2.454
15:00:33	386.41	0.32	3	0.001894	0.000148774	4.524	9.6858e-08	4.01636e-09	2.382
15:00:43	386.58	0.28	1	0.00106431	8.77385e-05	4.74	9.78475e-08	4.48202e-09	2.652
15:00:53	386.74	0.34	2	0.00293352	0.000236512	4.608	9.7149e-08	4.13277e-09	2.454
15:01:03	386.91	0.30	3	0.00186349	0.000146867	4.548	9.6858e-08	4.01636e-09	2.382
15:01:14	387.08	0.34	1	0.00105286	8.58312e-05	4.704	9.78475e-08	4.48202e-09	2.652
15:01:24	387.25	0.34	2	0.00289156	0.000232697	4.608	9.72072e-08	4.19098e-09	2.472
15:01:34	387.42	0.28	3	0.00183488	0.000144959	4.572	9.6858e-08	4.01636e-09	2.4
15:01:44	387.59	0.36	1	0.00104142	8.58312e-05	4.758	9.78475e-08	4.54023e-09	2.67
15:01:54	387.75	0.28	2	0.00284959	0.000228883	4.614	9.72072e-08	4.19098e-09	2.472
15:02:04	387.93	0.34	3	0.00180245	0.000143052	4.542	9.69162e-08	4.01636e-09	2.4
15:02:14	388.09	0.32	1	0.00102807	8.39238e-05	4.716	9.78475e-08	4.48202e-09	2.652
15:02:24	388.26	0.34	2	0.00280763	0.000226975	4.65	9.72072e-08	4.19098e-09	2.49
15:02:34	388.43	0.34	3	0.00177193	0.000141145	4.566	9.69162e-08	4.01636e-09	2.4
15:02:44	388.60	0.32	1	0.00101662	8.39238e-05	4.77	9.78475e-08	4.48202e-09	2.652
15:02:54	388.77	0.32	2	0.00276567	0.000223161	4.65	9.72655e-08	4.19098e-09	2.49
15:03:04	388.94	0.32	3	0.00174142	0.000139237	4.596	9.69744e-08	4.01636e-09	2.4
15:03:15	389.10	0.30	1	0.00100709	8.20165e-05	4.722	9.79057e-08	4.54023e-09	2.67
15:03:25	389.27	0.28	2	0.00272371	0.000221253	4.65	9.73237e-08	4.19098e-09	2.49
15:03:35	389.44	0.36	3	0.0017109	0.000135423	4.566	9.69744e-08	4.01636e-09	2.4
15:03:45	389.61	0.28	1	0.000995643	8.20165e-05	4.782	9.79057e-08	4.54023e-09	2.67
15:03:55	389.78	0.30	2	0.00268175	0.000217439	4.65	9.73237e-08	4.24919e-09	2.508
15:04:05	389.95	0.32	3	0.00168038	0.000133515	4.59	9.69744e-08	4.13277e-09	2.442
15:04:15	390.11	0.38	1	0.000984199	8.01091e-05	4.74	9.79057e-08	4.54023e-09	2.67
15:04:25	390.29	0.38	2	0.00263979	0.000213624	4.65	9.73819e-08	4.24919e-09	2.508
15:04:35	390.45	0.32	3	0.00164986	0.000131608	4.56	9.70326e-08	4.13277e-09	2.436
15:04:45	390.62	0.32	1	0.000974659	8.01091e-05	4.788	9.79057e-08	4.54023e-09	2.67
15:04:55	390.79	0.32	2	0.00259973	0.000209809	4.656	9.73237e-08	4.24919e-09	2.508
15:05:05	390.96	0.34	3	0.00161935	0.000129701	4.59	9.70326e-08	4.13277e-09	2.436
15:05:16	391.12	0.30	1	0.000963215	7.82018e-05	4.746	9.79057e-08	4.54023e-09	2.67
15:05:26	391.29	0.32	2	0.00255777	0.000207902	4.656	9.73819e-08	4.24919e-09	2.508
15:05:36	391.46	0.36	3	0.00158883	0.000127793	4.614	9.70908e-08	4.13277e-09	2.436
15:05:46	391.63	0.32	1	0.000949863	7.82018e-05	4.806	9.79057e-08	4.59843e-09	2.688
15:05:56	391.80	0.38	2	0.00251772	0.000204087	4.656	9.73819e-08	4.24919e-09	2.526
15:06:06	391.97	0.32	3	0.00155831	0.000123979	4.578	9.70908e-08	4.13277e-09	2.436
15:06:16	392.13	0.28	1	0.000940327	7.82018e-05	4.752	9.79639e-08	4.59843e-09	2.688
15:06:26	392.30	0.36	2	0.00247575	0.00020218	4.692	9.74401e-08	4.24919e-09	2.526
15:06:36	392.47	0.32	3	0.0015297	0.000122071	4.608	9.7149e-08	4.13277e-09	2.454
15:06:46	392.64	0.32	1	0.00093079	7.82018e-05	4.806	9.79639e-08	4.59843e-09	2.688
15:06:56	392.81	0.38	2	0.00243379	0.000198365	4.698	9.74401e-08	4.24919e-09	2.526
15:07:07	392.98	0.32	3	0.00149918	0.000120163	4.638	9.7149e-08	4.13277e-09	2.454
15:07:17	393.14	0.32	1	0.000919346	7.62944e-05	4.764	9.80222e-08	4.59843e-09	2.688
15:07:27	393.32	0.30	2	0.00239374	0.000196458	4.692	9.74401e-08	4.3074e-09	2.544
15:07:37	393.48	0.34	3	0.00146867	0.000118256	4.602	9.7149e-08	4.13277e-09	2.454
15:07:47	393.65	0.34	1	0.000909809	7.62944e-05	4.818	9.80222e-08	4.59843e-09	2.688
15:07:57	393.82	0.32	2	0.00235368	0.000192643	4.692	9.74983e-08	4.3074e-09	2.544
15:08:07	393.99	0.32	3	0.00143815	0.000116349	4.632	9.72072e-08	4.19098e-09	2.472
15:08:17	394.16	0.34	1	0.000898365	7.43871e-05	4.764	9.80222e-08	4.59843e-09	2.688
15:08:27	394.33	0.32	2	0.00231363	0.000188828	4.692	9.74983e-08	4.3074e-09	2.544
15:08:37	394.49	0.30	3	0.00140954	0.000114441	4.662	9.72072e-08	4.19098e-09	2.472
15:08:47	394.66	0.32	1	0.000886921	7.43871e-05	4.824	9.80222e-08	4.59843e-09	2.706
15:08:57	394.83	0.30	2	0.00227357	0.000185014	4.692	9.75565e-08	4.3656e-09	2.562
15:09:07	395.00	0.36	3	0.00138093	0.000110627	4.62	9.72072e-08	4.19098e-09	2.472
15:09:18	395.17	0.34	1	0.000877384	7.24797e-05	4.77	9.80222e-08	4.59843e-09	2.706
15:09:28	395.34	0.38	2	0.00223352	0.000183106	4.686	9.75565e-08	4.3656e-09	2.562
15:09:38	395.50	0.30	3	0.00135041	0.000108719	4.65	9.72655e-08	4.19098e-09	2.49
15:09:48	395.67	0.30	1	0.000867847	7.24797e-05	4.83	9.80222e-08	4.59843e-09	2.706
15:09:58	395.84	0.32	2	0.00219347	0.000181199	4.728	9.75565e-08	4.3656e-09	2.562
15:10:08	396.01	0.32	3	0.00131989	0.000106812	4.686	9.72655e-08	4.24919e-09	2.508
15:10:18	396.18	0.28	1	0.000856403	7.05724e-05	4.77	9.80222e-08	4.59843e-09	2.706
15:10:28	396.34	0.40	2	0.00215532	0.000177384	4.728	9.75565e-08	4.3656e-09	2.562
15:10:38	396.51	0.32	3	0.00129319	0.000104905	4.644	9.73237e-08	4.19098e-09	2.49
15:10:48	396.68	0.42	1	0.000846867	7.05724e-05	4.83	9.80804e-08	4.59843e-09	2.706
15:10:58	396.85	0.40	2	0.00211717	0.00017357	4.722	9.76147e-08	4.3656e-09	2.58
15:11:09	397.01	0.34	3	0.00126458	0.000102997	4.668	9.73237e-08	4.24919e-09	2.526
15:11:19	397.18	0.34	1	0.00083733	6.8665e-05	4.77	9.80804e-08	4.59843e-09	2.706
15:11:29	397.36	0.34	2	0.00207902	0.000169755	4.716	9.76147e-08	4.3656e-09	2.58
15:11:39	397.52	0.28	3	0.00123406	0.00010109	4.704	9.73819e-08	4.24919e-09	2.526
15:11:49	397.69	0.36	1	0.0008297	6.8665e-05	4.824	9.80804e-08	4.65664e-09	2.724
15:11:59	397.86	0.30	2	0.00204088	0.000167848	4.71	9.76147e-08	4.3656e-09	2.58
15:12:09	398.02	0.34	3	0.00120545	9.72752e-05	4.656	9.73819e-08	4.24919e-09	2.526
15:12:19	398.19	0.34	1	0.000818256	6.67577e-05	4.764	9.80804e-08	4.59843e-09	2.7
15:12:29	398.36	0.30	2	0.00200273	0.00016594	4.752	9.76147e-08	4.42381e-09	2.598
15:12:39	398.53	0.36	3	0.00117684	9.53679e-05	4.686	9.73819e-08	4.24919e-09	2.526
15:12:49	398.71	0.40	1	0.00080872	6.67577e-05	4.824	9.80804e-08	4.65664e-09	2.724
15:12:59	398.87	0.30	2	0.00196649	0.000162126	4.746	9.76729e-08	4.3656e-09	2.58
15:13:09	399.03	0.32	3	0.00115014	9.34605e-05	4.716	9.74401e-08	4.24919e-09	2.526
15:13:20	399.20	0.28	1	0.00080109	6.48503e-05	4.752	9.80804e-08	4.65664e-09	2.724
15:13:30	399.37	0.30	2	0.00192834	0.000158311	4.74	9.76729e-08	4.42381e-09	2.598
15:13:40	399.72	0.26	3	0.00112153	9.15532e-05	4.662	9.74401e-08	4.3074e-09	2.544
