DYT048
2022-3-6LOCK-IN PARAMETERS
ADDRESS: 10
TAU: 1
SENSITIVITY: 1e-3
FREQUENCY: 7.675
AMP: 1
COUPLING: AC
LP_FILTER: 24
SYNC_FILTER: none
NOTCH_FILTER: none
TIME	T_PPMS(K)	 H_PPMS(Oe)	VDP_config	LIA_X(V)	LIA_Y(V)	LIA_PHASE
18:51:32	400.00	89728.80	1	0.000408174	3.43325e-05	4.902	9.84878e-08	4.83126e-09	2.808
18:51:42	400.00	89429.18	2	0.00080109	6.67577e-05	4.872	9.8255e-08	4.71485e-09	2.754
18:51:52	400.00	89126.52	3	0.000392916	3.24252e-05	4.842	9.81386e-08	4.65664e-09	2.718
18:52:02	400.00	88823.61	1	0.000408174	3.43325e-05	4.902	9.84878e-08	4.77306e-09	2.79
18:52:12	400.00	88520.72	2	0.00080109	6.67577e-05	4.872	9.83132e-08	4.71485e-09	2.754
18:52:22	400.00	88217.41	3	0.000392916	3.24252e-05	4.842	9.81968e-08	4.65664e-09	2.742
18:52:33	400.00	87917.43	1	0.000408174	3.43325e-05	4.902	9.84878e-08	4.83126e-09	2.808
18:52:43	400.00	87611.48	2	0.00080109	6.67577e-05	4.872	9.8255e-08	4.71485e-09	2.754
18:52:53	400.00	87308.46	3	0.000392916	3.24252e-05	4.842	9.81386e-08	4.65664e-09	2.742
18:53:03	400.00	87008.60	1	0.000408174	3.43325e-05	4.902	9.84878e-08	4.83126e-09	2.808
18:53:13	400.00	86705.72	2	0.000802997	6.67577e-05	4.866	9.83132e-08	4.71485e-09	2.754
18:53:23	400.00	86402.73	3	0.000394823	3.24252e-05	4.824	9.81968e-08	4.65664e-09	2.742
18:53:33	400.00	86099.81	1	0.000408174	3.43325e-05	4.902	9.84878e-08	4.83126e-09	2.808
18:53:43	400.00	85796.78	2	0.000802997	6.67577e-05	4.866	9.8255e-08	4.71485e-09	2.754
18:53:53	400.00	85490.52	3	0.000394823	3.24252e-05	4.824	9.81386e-08	4.65664e-09	2.742
18:54:03	400.00	85187.53	1	0.000408174	3.43325e-05	4.902	9.84878e-08	4.83126e-09	2.808
18:54:14	400.00	84884.48	2	0.000802997	6.67577e-05	4.866	9.83132e-08	4.71485e-09	2.778
18:54:24	400.00	84584.68	3	0.000394823	3.24252e-05	4.824	9.81968e-08	4.65664e-09	2.742
18:54:34	400.00	84278.61	1	0.000408174	3.43325e-05	4.902	9.84878e-08	4.83126e-09	2.808
18:54:44	400.00	83978.85	2	0.000804905	6.67577e-05	4.854	9.83132e-08	4.71485e-09	2.754
18:54:54	400.00	83675.70	3	0.000394823	3.24252e-05	4.806	9.81968e-08	4.65664e-09	2.742
18:55:04	400.00	83372.77	1	0.000408174	3.43325e-05	4.902	9.84296e-08	4.83126e-09	2.808
18:55:14	400.00	83069.97	2	0.000804905	6.67577e-05	4.842	9.8255e-08	4.71485e-09	2.754
18:55:24	400.00	82766.91	3	0.00039673	3.24252e-05	4.782	9.81386e-08	4.65664e-09	2.718
18:55:34	400.00	82466.86	1	0.000408174	3.43325e-05	4.902	9.84878e-08	4.83126e-09	2.808
18:55:44	400.00	82164.02	2	0.000804905	6.67577e-05	4.842	9.83132e-08	4.71485e-09	2.754
18:55:54	400.00	81861.01	3	0.00039673	3.24252e-05	4.782	9.81386e-08	4.65664e-09	2.742
18:56:04	400.00	81558.10	1	0.000408174	3.43325e-05	4.902	9.84296e-08	4.83126e-09	2.808
18:56:15	400.00	81255.24	2	0.000806812	6.67577e-05	4.83	9.83132e-08	4.71485e-09	2.754
18:56:25	400.00	80951.98	3	0.000398638	3.24252e-05	4.764	9.81968e-08	4.65664e-09	2.742
18:56:35	400.00	80649.08	1	0.000408174	3.43325e-05	4.902	9.84878e-08	4.83126e-09	2.808
18:56:45	400.00	80349.23	2	0.000806812	6.8665e-05	4.95	9.8255e-08	4.71485e-09	2.754
18:56:55	400.00	80046.22	3	0.000398638	3.43325e-05	5.004	9.81386e-08	4.65664e-09	2.742
18:57:05	400.00	79743.38	1	0.000408174	3.43325e-05	4.902	9.84296e-08	4.83126e-09	2.808
18:57:15	400.00	79440.00	2	0.000806812	6.8665e-05	4.95	9.8255e-08	4.71485e-09	2.754
18:57:25	400.00	79136.93	3	0.000398638	3.43325e-05	5.004	9.81968e-08	4.65664e-09	2.742
18:57:35	400.00	78834.05	1	0.000408174	3.43325e-05	4.902	9.84878e-08	4.83126e-09	2.808
18:57:45	400.00	78530.98	2	0.00080872	6.8665e-05	4.938	9.83132e-08	4.71485e-09	2.754
18:57:55	400.00	78228.21	3	0.000400545	3.43325e-05	4.98	9.81968e-08	4.65664e-09	2.742
18:58:06	400.00	77925.30	1	0.000408174	3.43325e-05	4.902	9.84296e-08	4.83126e-09	2.808
18:58:16	400.00	77625.12	2	0.00080872	6.8665e-05	4.938	9.8255e-08	4.71485e-09	2.754
18:58:26	400.00	77322.27	3	0.000400545	3.43325e-05	4.98	9.81968e-08	4.65664e-09	2.742
18:58:36	400.00	77016.41	1	0.000408174	3.43325e-05	4.902	9.84878e-08	4.83126e-09	2.808
18:58:46	400.00	76713.31	2	0.000810627	6.8665e-05	4.932	9.8255e-08	4.71485e-09	2.754
18:58:56	400.00	76410.02	3	0.000402452	3.43325e-05	4.962	9.81386e-08	4.65664e-09	2.742
18:59:06	400.00	76110.09	1	0.000408174	3.43325e-05	4.902	9.84296e-08	4.83126e-09	2.808
18:59:16	400.00	75807.11	2	0.000810627	6.8665e-05	4.932	9.8255e-08	4.71485e-09	2.754
18:59:26	400.00	75504.05	3	0.000400545	3.43325e-05	4.98	9.81968e-08	4.65664e-09	2.718
18:59:36	400.00	75201.13	1	0.000408174	3.43325e-05	4.902	9.84878e-08	4.83126e-09	2.808
18:59:46	400.00	74898.23	2	0.000812534	6.8665e-05	4.92	9.8255e-08	4.71485e-09	2.754
18:59:57	400.00	74595.12	3	0.00040436	3.43325e-05	4.938	9.81968e-08	4.65664e-09	2.718
19:00:07	400.00	74292.41	1	0.000408174	3.43325e-05	4.902	9.84878e-08	4.83126e-09	2.808
19:00:17	400.00	73992.34	2	0.000812534	6.8665e-05	4.92	9.83132e-08	4.71485e-09	2.754
19:00:27	400.00	73685.96	3	0.00040436	3.43325e-05	4.938	9.81386e-08	4.65664e-09	2.718
19:00:37	400.00	73385.93	1	0.000408174	3.43325e-05	4.902	9.84296e-08	4.83126e-09	2.808
19:00:47	400.00	73079.86	2	0.000812534	6.8665e-05	4.92	9.8255e-08	4.65664e-09	2.736
19:00:57	400.00	72780.11	3	0.00040436	3.43325e-05	4.938	9.81968e-08	4.65664e-09	2.742
19:01:07	400.00	72477.06	1	0.000408174	3.43325e-05	4.902	9.84878e-08	4.83126e-09	2.826
19:01:17	400.00	72174.30	2	0.000814442	6.8665e-05	4.908	9.8255e-08	4.71485e-09	2.754
19:01:27	400.00	71871.16	3	0.00040436	3.43325e-05	4.938	9.81386e-08	4.65664e-09	2.742
19:01:37	400.00	71568.10	1	0.000408174	3.43325e-05	4.878	9.84878e-08	4.83126e-09	2.808
19:01:48	400.00	71265.36	2	0.000814442	6.8665e-05	4.908	9.83132e-08	4.71485e-09	2.754
19:01:58	400.00	70962.26	3	0.00040436	3.43325e-05	4.938	9.81386e-08	4.65664e-09	2.742
19:02:08	400.00	70659.24	1	0.000408174	3.43325e-05	4.878	9.84296e-08	4.83126e-09	2.808
19:02:18	400.00	70356.24	2	0.000816349	6.8665e-05	4.902	9.8255e-08	4.71485e-09	2.754
19:02:28	400.00	70053.28	3	0.000406267	3.43325e-05	4.92	9.81386e-08	4.65664e-09	2.718
19:02:38	400.00	69750.53	1	0.000408174	3.43325e-05	4.878	9.84878e-08	4.83126e-09	2.808
19:02:48	400.00	69447.47	2	0.000816349	6.8665e-05	4.902	9.8255e-08	4.71485e-09	2.754
19:02:58	400.00	69147.35	3	0.000406267	3.43325e-05	4.92	9.81386e-08	4.65664e-09	2.742
19:03:08	400.00	68844.42	1	0.000408174	3.43325e-05	4.878	9.84878e-08	4.77306e-09	2.79
19:03:18	400.00	68541.62	2	0.000818256	6.8665e-05	4.89	9.83132e-08	4.71485e-09	2.754
19:03:28	400.00	68238.60	3	0.000408174	3.43325e-05	4.902	9.81386e-08	4.65664e-09	2.742
19:03:38	400.00	67938.75	1	0.000408174	3.43325e-05	4.878	9.84296e-08	4.83126e-09	2.808
19:03:49	400.00	67632.41	2	0.000818256	6.8665e-05	4.89	9.8255e-08	4.71485e-09	2.754
19:03:59	400.00	67332.30	3	0.000408174	3.43325e-05	4.902	9.81386e-08	4.65664e-09	2.718
19:04:09	400.00	67029.50	1	0.000408174	3.43325e-05	4.878	9.84878e-08	4.83126e-09	2.808
19:04:19	400.00	66726.57	2	0.000818256	6.8665e-05	4.89	9.8255e-08	4.71485e-09	2.754
19:04:29	400.00	66423.52	3	0.000408174	3.43325e-05	4.902	9.81386e-08	4.65664e-09	2.718
19:04:39	400.00	66120.66	1	0.000408174	3.43325e-05	4.878	9.84296e-08	4.83126e-09	2.808
19:04:49	400.00	65820.50	2	0.000818256	6.8665e-05	4.89	9.8255e-08	4.71485e-09	2.754
19:04:59	400.00	65517.67	3	0.000408174	3.43325e-05	4.878	9.81386e-08	4.65664e-09	2.742
19:05:09	400.00	65214.73	1	0.000408174	3.43325e-05	4.878	9.84296e-08	4.83126e-09	2.808
19:05:19	400.00	64911.63	2	0.000818256	6.8665e-05	4.878	9.8255e-08	4.65664e-09	2.736
19:05:29	400.00	64611.43	3	0.000408174	3.43325e-05	4.878	9.81386e-08	4.65664e-09	2.742
19:05:39	400.00	64305.45	1	0.000408174	3.43325e-05	4.878	9.84296e-08	4.83126e-09	2.808
19:05:50	400.00	64002.54	2	0.000818256	6.8665e-05	4.878	9.8255e-08	4.71485e-09	2.754
19:06:00	400.00	63702.53	3	0.000408174	3.43325e-05	4.878	9.81386e-08	4.65664e-09	2.718
19:06:10	400.00	63399.62	1	0.000408174	3.43325e-05	4.878	9.84296e-08	4.83126e-09	2.808
19:06:20	400.00	63096.64	2	0.000820164	6.8665e-05	4.872	9.8255e-08	4.71485e-09	2.754
19:06:30	400.00	62793.60	3	0.000410082	3.43325e-05	4.86	9.81386e-08	4.65664e-09	2.718
19:06:40	400.00	62490.74	1	0.000410082	3.43325e-05	4.86	9.84878e-08	4.83126e-09	2.808
19:06:50	400.00	62190.74	2	0.000820164	6.8665e-05	4.872	9.8255e-08	4.71485e-09	2.754
19:07:00	400.00	61884.50	3	0.000410082	3.43325e-05	4.86	9.81386e-08	4.65664e-09	2.742
19:07:10	400.00	61581.45	1	0.000408174	3.43325e-05	4.878	9.84296e-08	4.83126e-09	2.808
19:07:20	400.00	61278.47	2	0.000822071	6.8665e-05	4.86	9.8255e-08	4.71485e-09	2.754
19:07:31	400.00	60975.61	3	0.000411989	3.43325e-05	4.842	9.81386e-08	4.65664e-09	2.718
19:07:41	400.00	60672.55	1	0.000408174	3.43325e-05	4.878	9.84296e-08	4.83126e-09	2.808
19:07:51	400.00	60372.73	2	0.000823978	6.8665e-05	4.848	9.8255e-08	4.71485e-09	2.754
19:08:01	400.00	60069.71	3	0.000413897	3.43325e-05	4.824	9.81386e-08	4.65664e-09	2.742
19:08:11	400.00	59766.64	1	0.000410082	3.43325e-05	4.86	9.84296e-08	4.77306e-09	2.79
19:08:21	400.00	59463.88	2	0.000823978	6.8665e-05	4.848	9.8255e-08	4.71485e-09	2.754
19:08:31	400.00	59160.84	3	0.000413897	3.43325e-05	4.824	9.81386e-08	4.65664e-09	2.742
19:08:41	400.00	58857.70	1	0.000410082	3.43325e-05	4.86	9.84296e-08	4.83126e-09	2.808
19:08:51	400.00	58557.88	2	0.000825886	6.8665e-05	4.842	9.8255e-08	4.71485e-09	2.754
19:09:01	400.00	58254.90	3	0.000415804	3.43325e-05	4.8	9.81386e-08	4.65664e-09	2.718
19:09:11	400.00	57951.98	1	0.000410082	3.43325e-05	4.86	9.84878e-08	4.83126e-09	2.808
19:09:21	400.00	57649.08	2	0.000825886	7.05724e-05	4.956	9.8255e-08	4.71485e-09	2.754
19:09:32	400.00	57345.95	3	0.000415804	3.43325e-05	4.8	9.81386e-08	4.65664e-09	2.742
19:09:42	400.00	57043.03	1	0.000410082	3.43325e-05	4.86	9.84878e-08	4.83126e-09	2.808
19:09:52	400.00	56740.18	2	0.000825886	7.05724e-05	4.956	9.8255e-08	4.71485e-09	2.754
19:10:02	400.00	56440.16	3	0.000415804	3.43325e-05	4.8	9.81386e-08	4.65664e-09	2.742
19:10:12	400.00	56134.24	1	0.000410082	3.43325e-05	4.86	9.84296e-08	4.83126e-09	2.808
19:10:22	400.00	55830.89	2	0.000827793	7.05724e-05	4.944	9.8255e-08	4.71485e-09	2.754
19:10:32	400.00	55530.84	3	0.000415804	3.43325e-05	4.8	9.81386e-08	4.65664e-09	2.718
19:10:42	400.00	55228.03	1	0.000411989	3.43325e-05	4.842	9.84296e-08	4.83126e-09	2.808
19:10:52	400.00	54925.06	2	0.000825886	6.8665e-05	4.842	9.8255e-08	4.71485e-09	2.754
19:11:02	400.00	54622.11	3	0.000413897	3.43325e-05	4.824	9.81386e-08	4.65664e-09	2.742
19:11:12	400.00	54319.13	1	0.000411989	3.43325e-05	4.842	9.84296e-08	4.83126e-09	2.808
19:11:22	400.00	54019.14	2	0.000827793	7.05724e-05	4.944	9.8255e-08	4.65664e-09	2.736
19:11:33	400.00	53716.23	3	0.000413897	3.43325e-05	4.824	9.81386e-08	4.65664e-09	2.742
19:11:43	400.00	53413.32	1	0.000411989	3.43325e-05	4.842	9.84296e-08	4.83126e-09	2.808
19:11:53	400.00	53110.33	2	0.0008297	7.05724e-05	4.938	9.8255e-08	4.65664e-09	2.736
19:12:03	400.00	52810.03	3	0.000415804	3.43325e-05	4.8	9.81386e-08	4.65664e-09	2.718
19:12:13	400.00	52507.05	1	0.000411989	3.43325e-05	4.842	9.84296e-08	4.83126e-09	2.808
19:12:23	400.00	52204.11	2	0.0008297	7.05724e-05	4.938	9.8255e-08	4.71485e-09	2.754
19:12:33	400.00	51901.18	3	0.000417711	3.43325e-05	4.782	9.81386e-08	4.65664e-09	2.742
19:12:43	400.00	51598.23	1	0.000411989	3.43325e-05	4.842	9.84296e-08	4.83126e-09	2.808
19:12:53	400.00	51295.23	2	0.000831608	7.05724e-05	4.926	9.8255e-08	4.71485e-09	2.754
19:13:03	400.00	50992.21	3	0.000417711	3.43325e-05	4.782	9.81386e-08	4.65664e-09	2.718
19:13:13	400.00	50692.36	1	0.000411989	3.43325e-05	4.842	9.84296e-08	4.83126e-09	2.808
19:13:23	400.00	50386.27	2	0.000831608	7.05724e-05	4.914	9.8255e-08	4.71485e-09	2.754
19:13:34	400.00	50086.02	3	0.000419619	3.43325e-05	4.764	9.81386e-08	4.65664e-09	2.718
19:13:44	400.00	49783.02	1	0.000411989	3.43325e-05	4.842	9.84878e-08	4.83126e-09	2.808
19:13:54	400.00	49480.03	2	0.000831608	7.05724e-05	4.914	9.8255e-08	4.71485e-09	2.754
19:14:04	400.00	49177.21	3	0.000417711	3.43325e-05	4.782	9.81386e-08	4.65664e-09	2.742
19:14:14	400.00	48873.99	1	0.000413897	3.43325e-05	4.824	9.84296e-08	4.83126e-09	2.808
19:14:24	400.00	48574.25	2	0.000833515	7.05724e-05	4.908	9.8255e-08	4.71485e-09	2.754
19:14:34	400.00	48271.23	3	0.000421526	3.62399e-05	4.968	9.81386e-08	4.65664e-09	2.742
19:14:44	400.00	47968.27	1	0.000411989	3.43325e-05	4.842	9.84296e-08	4.83126e-09	2.808
19:14:54	400.00	47665.50	2	0.000835422	7.05724e-05	4.896	9.8255e-08	4.71485e-09	2.754
19:15:04	399.99	47362.41	3	0.000421526	3.62399e-05	4.95	9.81386e-08	4.65664e-09	2.718
19:15:14	400.00	47059.33	1	0.000411989	3.43325e-05	4.842	9.84878e-08	4.77306e-09	2.79
19:15:24	400.00	46756.48	2	0.000835422	7.05724e-05	4.896	9.8255e-08	4.71485e-09	2.754
19:15:35	400.00	46453.47	3	0.000421526	3.62399e-05	4.95	9.81386e-08	4.65664e-09	2.742
19:15:45	400.00	46153.58	1	0.000413897	3.43325e-05	4.824	9.84296e-08	4.83126e-09	2.808
19:15:55	400.00	45850.62	2	0.00083733	7.05724e-05	4.884	9.8255e-08	4.65664e-09	2.736
19:16:05	400.00	45547.48	3	0.000423433	3.62399e-05	4.932	9.81386e-08	4.65664e-09	2.718
19:16:15	400.00	45244.61	1	0.000413897	3.43325e-05	4.824	9.84296e-08	4.83126e-09	2.808
19:16:25	400.00	44944.66	2	0.00083733	7.05724e-05	4.884	9.8255e-08	4.71485e-09	2.754
19:16:35	400.00	44638.71	3	0.000423433	3.62399e-05	4.932	9.81386e-08	4.65664e-09	2.742
19:16:45	400.00	44338.82	1	0.000413897	3.43325e-05	4.824	9.84296e-08	4.83126e-09	2.808
19:16:55	400.00	44035.48	2	0.000839237	7.05724e-05	4.878	9.8255e-08	4.71485e-09	2.754
19:17:05	400.00	43732.44	3	0.000425341	3.62399e-05	4.914	9.81386e-08	4.65664e-09	2.718
19:17:15	400.00	43429.59	1	0.000413897	3.43325e-05	4.824	9.84878e-08	4.83126e-09	2.808
19:17:25	400.00	43126.52	2	0.000841144	7.05724e-05	4.866	9.8255e-08	4.71485e-09	2.754
19:17:36	400.00	42823.76	3	0.000425341	3.62399e-05	4.914	9.81386e-08	4.65664e-09	2.724
19:17:46	399.99	42520.75	1	0.000413897	3.43325e-05	4.824	9.84296e-08	4.83126e-09	2.808
19:17:56	400.00	42217.66	2	0.000841144	7.05724e-05	4.866	9.8255e-08	4.65664e-09	2.736
19:18:06	400.00	41914.75	3	0.000425341	3.62399e-05	4.914	9.81386e-08	4.65664e-09	2.718
19:18:16	400.00	41614.89	1	0.000413897	3.43325e-05	4.824	9.84878e-08	4.83126e-09	2.808
19:18:26	400.00	41311.90	2	0.000843052	7.05724e-05	4.86	9.8255e-08	4.71485e-09	2.754
19:18:36	399.99	41008.51	3	0.000427248	3.62399e-05	4.896	9.81386e-08	4.65664e-09	2.724
19:18:46	400.00	40705.63	1	0.000415804	3.43325e-05	4.8	9.84296e-08	4.83126e-09	2.808
19:18:56	400.00	40402.61	2	0.000843052	7.05724e-05	4.86	9.8255e-08	4.71485e-09	2.754
19:19:06	400.00	40099.69	3	0.000427248	3.62399e-05	4.896	9.81386e-08	4.65664e-09	2.742
19:19:16	400.00	39799.79	1	0.000415804	3.43325e-05	4.8	9.84296e-08	4.83126e-09	2.808
19:19:26	400.00	39496.83	2	0.000843052	7.05724e-05	4.86	9.8255e-08	4.65664e-09	2.736
19:19:37	400.00	39193.91	3	0.000427248	3.62399e-05	4.896	9.81386e-08	4.65664e-09	2.718
19:19:47	400.00	38890.88	1	0.000415804	3.43325e-05	4.8	9.84878e-08	4.83126e-09	2.808
19:19:57	400.00	38584.97	2	0.000844959	7.05724e-05	4.848	9.8255e-08	4.65664e-09	2.736
19:20:07	400.00	38281.57	3	0.000427248	3.62399e-05	4.896	9.81386e-08	4.65664e-09	2.742
19:20:17	399.99	37978.68	1	0.000415804	3.62399e-05	5.028	9.84296e-08	4.83126e-09	2.808
19:20:27	399.99	37675.54	2	0.000844959	7.05724e-05	4.848	9.8255e-08	4.65664e-09	2.736
19:20:37	400.00	37372.80	3	0.000429155	3.62399e-05	4.872	9.81386e-08	4.65664e-09	2.724
19:20:47	400.00	37072.64	1	0.000415804	3.43325e-05	4.8	9.84878e-08	4.77306e-09	2.79
19:20:57	400.00	36769.94	2	0.000844959	7.24797e-05	4.95	9.8255e-08	4.65664e-09	2.736
19:21:07	400.00	36466.82	3	0.000429155	3.62399e-05	4.872	9.81386e-08	4.65664e-09	2.718
19:21:18	400.00	36163.80	1	0.000417711	3.62399e-05	5.01	9.84296e-08	4.83126e-09	2.808
19:21:28	400.00	35861.02	2	0.000846867	7.24797e-05	4.944	9.8255e-08	4.65664e-09	2.736
19:21:38	399.99	35558.00	3	0.000429155	3.62399e-05	4.872	9.81386e-08	4.65664e-09	2.718
19:21:48	400.00	35254.89	1	0.000417711	3.62399e-05	5.01	9.84878e-08	4.83126e-09	2.808
19:21:58	400.00	34952.01	2	0.000848774	7.24797e-05	4.932	9.8255e-08	4.71485e-09	2.754
19:22:08	400.00	34649.05	3	0.000431063	3.62399e-05	4.854	9.81386e-08	4.65664e-09	2.718
19:22:18	400.00	34346.09	1	0.000417711	3.62399e-05	5.01	9.84296e-08	4.83126e-09	2.808
19:22:28	400.00	34043.23	2	0.000848774	7.24797e-05	4.932	9.8255e-08	4.71485e-09	2.754
19:22:38	400.00	33743.05	3	0.00043297	3.62399e-05	4.836	9.81386e-08	4.65664e-09	2.724
19:22:48	400.00	33440.15	1	0.000417711	3.62399e-05	5.01	9.84878e-08	4.83126e-09	2.808
19:22:58	400.00	33137.17	2	0.000850681	7.24797e-05	4.92	9.8255e-08	4.71485e-09	2.754
19:23:09	400.00	32834.25	3	0.00043297	3.62399e-05	4.836	9.81386e-08	4.65664e-09	2.724
19:23:19	400.00	32531.19	1	0.000417711	3.62399e-05	5.01	9.84296e-08	4.83126e-09	2.808
19:23:29	400.01	32230.98	2	0.000850681	7.24797e-05	4.92	9.8255e-08	4.71485e-09	2.76
19:23:39	400.00	31927.98	3	0.00043297	3.62399e-05	4.836	9.81386e-08	4.65664e-09	2.724
19:23:49	399.99	31625.08	1	0.000417711	3.62399e-05	5.01	9.84878e-08	4.77306e-09	2.79
19:23:59	400.00	31322.00	2	0.000852589	7.24797e-05	4.914	9.8255e-08	4.71485e-09	2.754
19:24:09	400.00	31019.11	3	0.000434877	3.62399e-05	4.818	9.81968e-08	4.65664e-09	2.718
19:24:19	400.00	30716.12	1	0.000419619	3.62399e-05	4.992	9.84878e-08	4.83126e-09	2.808
19:24:29	400.00	30413.15	2	0.000852589	7.24797e-05	4.914	9.8255e-08	4.71485e-09	2.754
19:24:39	400.00	30110.24	3	0.000434877	3.62399e-05	4.818	9.81386e-08	4.65664e-09	2.718
19:24:49	400.00	29810.33	1	0.000419619	3.62399e-05	4.992	9.84878e-08	4.83126e-09	2.808
19:24:59	400.00	29507.29	2	0.000854496	7.24797e-05	4.902	9.83132e-08	4.71485e-09	2.736
19:25:10	400.00	29201.06	3	0.000434877	3.62399e-05	4.818	9.81386e-08	4.65664e-09	2.742
19:25:20	400.00	28900.98	1	0.000419619	3.62399e-05	4.992	9.84878e-08	4.83126e-09	2.808
19:25:30	400.00	28598.16	2	0.000856403	7.24797e-05	4.896	9.8255e-08	4.65664e-09	2.736
19:25:40	399.99	28295.10	3	0.000434877	3.62399e-05	4.8	9.81386e-08	4.65664e-09	2.718
19:25:50	400.00	27992.26	1	0.000421526	3.62399e-05	4.968	9.84878e-08	4.83126e-09	2.808
19:26:00	400.00	27689.17	2	0.000856403	7.24797e-05	4.896	9.8255e-08	4.71485e-09	2.754
19:26:10	400.00	27386.27	3	0.000434877	3.62399e-05	4.8	9.81386e-08	4.65664e-09	2.718
19:26:20	400.00	27086.42	1	0.000421526	3.62399e-05	4.968	9.84296e-08	4.83126e-09	2.808
19:26:30	400.00	26780.31	2	0.000856403	7.24797e-05	4.884	9.8255e-08	4.71485e-09	2.754
19:26:40	400.00	26480.06	3	0.000436785	3.62399e-05	4.782	9.81386e-08	4.65664e-09	2.718
19:26:50	399.99	26176.90	1	0.000421526	3.62399e-05	4.968	9.84878e-08	4.83126e-09	2.808
19:27:01	400.00	25874.05	2	0.000856403	7.24797e-05	4.884	9.8255e-08	4.71485e-09	2.754
19:27:11	400.00	25571.18	3	0.000436785	3.62399e-05	4.782	9.81386e-08	4.65664e-09	2.742
19:27:21	400.00	25268.17	1	0.000421526	3.62399e-05	4.968	9.84296e-08	4.83126e-09	2.808
19:27:31	400.00	24962.30	2	0.000858311	7.24797e-05	4.872	9.8255e-08	4.71485e-09	2.754
19:27:41	400.00	24662.21	3	0.000436785	3.62399e-05	4.782	9.81386e-08	4.65664e-09	2.718
19:27:51	400.00	24359.21	1	0.000421526	3.62399e-05	4.95	9.84296e-08	4.77306e-09	2.79
19:28:01	400.00	24056.40	2	0.000860218	7.24797e-05	4.866	9.8255e-08	4.65664e-09	2.736
19:28:11	400.00	23753.40	3	0.000436785	3.62399e-05	4.782	9.81386e-08	4.65664e-09	2.742
19:28:21	400.00	23450.31	1	0.000421526	3.62399e-05	4.95	9.84296e-08	4.77306e-09	2.79
19:28:31	400.00	23147.50	2	0.000860218	7.24797e-05	4.866	9.8255e-08	4.65664e-09	2.736
19:28:41	400.00	22847.43	3	0.000438692	3.62399e-05	4.764	9.81386e-08	4.65664e-09	2.718
19:28:52	400.00	22544.61	1	0.000421526	3.62399e-05	4.95	9.84878e-08	4.83126e-09	2.808
19:29:02	400.00	22241.69	2	0.000862125	7.24797e-05	4.854	9.8255e-08	4.71485e-09	2.754
19:29:12	400.00	21938.60	3	0.000438692	3.81472e-05	4.98	9.81386e-08	4.65664e-09	2.724
19:29:22	400.00	21638.61	1	0.000421526	3.62399e-05	4.95	9.84296e-08	4.83126e-09	2.808
19:29:32	400.00	21335.70	2	0.000864033	7.24797e-05	4.848	9.8255e-08	4.65664e-09	2.736
19:29:42	400.00	21029.79	3	0.000440599	3.81472e-05	4.962	9.81386e-08	4.65664e-09	2.718
19:29:52	400.00	20729.87	1	0.000423433	3.62399e-05	4.932	9.84878e-08	4.83126e-09	2.808
19:30:02	400.00	20426.62	2	0.000864033	7.24797e-05	4.848	9.8255e-08	4.71485e-09	2.754
19:30:12	400.00	20123.57	3	0.000440599	3.81472e-05	4.962	9.81386e-08	4.65664e-09	2.718
19:30:22	400.00	19820.72	1	0.000423433	3.62399e-05	4.932	9.84878e-08	4.83126e-09	2.808
19:30:32	400.00	19517.85	2	0.00086594	7.24797e-05	4.836	9.83132e-08	4.71485e-09	2.754
19:30:42	400.00	19214.87	3	0.000440599	3.81472e-05	4.962	9.81386e-08	4.65664e-09	2.742
19:30:53	400.00	18911.88	1	0.000423433	3.62399e-05	4.932	9.84296e-08	4.83126e-09	2.808
19:31:03	400.00	18611.89	2	0.000867847	7.43871e-05	4.938	9.8255e-08	4.65664e-09	2.736
19:31:13	400.00	18309.03	3	0.000442507	3.81472e-05	4.944	9.81386e-08	4.65664e-09	2.718
19:31:23	400.00	18006.04	1	0.000423433	3.62399e-05	4.932	9.84878e-08	4.83126e-09	2.808
19:31:33	400.00	17703.05	2	0.000867847	7.43871e-05	4.938	9.8255e-08	4.71485e-09	2.76
19:31:43	400.00	17399.77	3	0.000442507	3.81472e-05	4.944	9.81386e-08	4.65664e-09	2.718
19:31:53	400.00	17096.85	1	0.000425341	3.62399e-05	4.914	9.84878e-08	4.83126e-09	2.808
19:32:03	400.00	16793.88	2	0.000869755	7.43871e-05	4.926	9.8255e-08	4.71485e-09	2.754
19:32:13	400.00	16493.96	3	0.000444414	3.81472e-05	4.926	9.81386e-08	4.65664e-09	2.718
19:32:23	400.00	16191.08	1	0.000425341	3.62399e-05	4.914	9.84296e-08	4.83126e-09	2.808
19:32:33	400.00	15885.07	2	0.000869755	7.43871e-05	4.92	9.8255e-08	4.65664e-09	2.736
19:32:44	400.00	15585.14	3	0.000444414	3.81472e-05	4.926	9.81386e-08	4.65664e-09	2.718
19:32:54	400.00	15282.18	1	0.000425341	3.62399e-05	4.914	9.84878e-08	4.83126e-09	2.808
19:33:04	400.00	14979.21	2	0.000869755	7.43871e-05	4.92	9.8255e-08	4.71485e-09	2.754
19:33:14	400.00	14675.99	3	0.000444414	3.81472e-05	4.926	9.81386e-08	4.65664e-09	2.718
19:33:24	400.00	14372.91	1	0.000425341	3.62399e-05	4.914	9.84296e-08	4.77306e-09	2.79
19:33:34	400.00	14069.99	2	0.000871662	7.43871e-05	4.908	9.8255e-08	4.65664e-09	2.736
19:33:44	400.00	13767.19	3	0.000446321	3.81472e-05	4.908	9.81386e-08	4.65664e-09	2.718
19:33:54	400.00	13464.09	1	0.000427248	3.62399e-05	4.896	9.84878e-08	4.83126e-09	2.808
19:34:04	400.00	13164.32	2	0.000871662	7.43871e-05	4.908	9.8255e-08	4.71485e-09	2.754
19:34:14	400.00	12861.24	3	0.000446321	3.81472e-05	4.908	9.81386e-08	4.65664e-09	2.718
19:34:24	400.00	12558.33	1	0.000427248	3.62399e-05	4.896	9.84878e-08	4.83126e-09	2.808
19:34:34	400.00	12258.63	2	0.000873569	7.43871e-05	4.902	9.8255e-08	4.71485e-09	2.754
19:34:45	400.00	11955.53	3	0.000446321	3.81472e-05	4.908	9.81386e-08	4.65664e-09	2.742
19:34:55	400.00	11652.46	1	0.000427248	3.62399e-05	4.896	9.84878e-08	4.83126e-09	2.808
19:35:05	400.00	11349.64	2	0.000875477	7.43871e-05	4.89	9.8255e-08	4.65664e-09	2.736
19:35:15	400.00	11046.69	3	0.000448229	3.81472e-05	4.89	9.81386e-08	4.65664e-09	2.724
19:35:25	400.00	10743.71	1	0.000429155	3.62399e-05	4.872	9.84878e-08	4.83126e-09	2.808
19:35:35	400.00	10440.88	2	0.000875477	7.43871e-05	4.89	9.8255e-08	4.71485e-09	2.754
19:35:45	400.00	10137.78	3	0.000448229	3.81472e-05	4.89	9.81386e-08	4.65664e-09	2.742
19:35:55	400.00	9834.96	1	0.000429155	3.62399e-05	4.872	9.84296e-08	4.83126e-09	2.808
19:36:05	400.00	9531.92	2	0.000877384	7.43871e-05	4.884	9.8255e-08	4.65664e-09	2.736
19:36:15	400.00	9229.06	3	0.000448229	3.81472e-05	4.872	9.81386e-08	4.65664e-09	2.718
19:36:25	400.00	8929.19	1	0.000429155	3.62399e-05	4.872	9.84878e-08	4.83126e-09	2.808
19:36:35	400.00	8625.86	2	0.000879291	7.43871e-05	4.872	9.8255e-08	4.71485e-09	2.76
19:36:46	400.00	8320.01	3	0.000448229	3.81472e-05	4.872	9.81386e-08	4.65664e-09	2.718
19:36:56	400.00	8016.98	1	0.000429155	3.62399e-05	4.872	9.84296e-08	4.83126e-09	2.808
19:37:06	400.00	7714.11	2	0.000879291	7.43871e-05	4.872	9.8255e-08	4.65664e-09	2.736
19:37:16	400.00	7414.15	3	0.000448229	3.81472e-05	4.872	9.81386e-08	4.59843e-09	2.7
19:37:26	400.00	7111.27	1	0.000431063	3.62399e-05	4.854	9.84878e-08	4.83126e-09	2.808
19:37:36	400.00	6808.26	2	0.000881199	7.43871e-05	4.866	9.8255e-08	4.65664e-09	2.736
19:37:46	400.00	6505.36	3	0.000448229	3.81472e-05	4.872	9.81386e-08	4.65664e-09	2.742
19:37:56	400.00	6202.44	1	0.000431063	3.62399e-05	4.854	9.84296e-08	4.83126e-09	2.808
19:38:06	400.00	5902.59	2	0.000883106	7.43871e-05	4.854	9.8255e-08	4.65664e-09	2.736
19:38:16	400.00	5599.29	3	0.000450136	3.81472e-05	4.854	9.81386e-08	4.65664e-09	2.718
19:38:27	400.00	5296.19	1	0.000431063	3.62399e-05	4.854	9.84878e-08	4.83126e-09	2.808
19:38:37	400.00	4993.39	2	0.000883106	7.43871e-05	4.842	9.8255e-08	4.71485e-09	2.754
19:38:47	400.00	4690.44	3	0.000452043	3.81472e-05	4.836	9.81386e-08	4.65664e-09	2.718
19:38:57	400.00	4387.55	1	0.00043297	3.62399e-05	4.836	9.84296e-08	4.83126e-09	2.808
19:39:07	400.00	4084.46	2	0.000883106	7.43871e-05	4.842	9.8255e-08	4.65664e-09	2.736
19:39:17	400.00	3781.57	3	0.000452043	3.81472e-05	4.836	9.81386e-08	4.65664e-09	2.718
19:39:27	400.00	3478.69	1	0.00043297	3.62399e-05	4.836	9.84878e-08	4.77306e-09	2.79
19:39:37	400.00	3175.76	2	0.000885013	7.43871e-05	4.836	9.8255e-08	4.65664e-09	2.736
19:39:47	400.00	2872.42	3	0.000452043	3.81472e-05	4.836	9.81386e-08	4.65664e-09	2.718
19:39:57	400.00	2569.42	1	0.00043297	3.62399e-05	4.836	9.84296e-08	4.77306e-09	2.79
19:40:07	400.00	2269.43	2	0.000886921	7.62944e-05	4.932	9.8255e-08	4.65664e-09	2.736
19:40:18	400.00	1963.66	3	0.000453951	3.81472e-05	4.818	9.81386e-08	4.65664e-09	2.718
19:40:28	400.00	1663.64	1	0.000434877	3.62399e-05	4.818	9.84878e-08	4.83126e-09	2.808
19:40:38	400.00	1360.79	2	0.000886921	7.62944e-05	4.932	9.8255e-08	4.71485e-09	2.754
19:40:48	400.00	1054.73	3	0.000452043	3.81472e-05	4.836	9.81386e-08	4.65664e-09	2.724
19:40:58	400.00	751.75	1	0.000434877	3.62399e-05	4.818	9.84296e-08	4.77306e-09	2.79
19:41:08	400.00	448.94	2	0.000886921	7.62944e-05	4.932	9.8255e-08	4.65664e-09	2.736
19:41:18	400.00	146.15	3	0.000452043	3.81472e-05	4.836	9.81386e-08	4.65664e-09	2.718
19:41:28	400.00	-153.91	1	0.000434877	3.62399e-05	4.818	9.84878e-08	4.83126e-09	2.808
19:41:38	400.00	-456.74	2	0.000888828	7.62944e-05	4.926	9.8255e-08	4.71485e-09	2.76
19:41:48	400.00	-759.60	3	0.000453951	3.81472e-05	4.818	9.81386e-08	4.59843e-09	2.7
19:41:58	400.00	-1062.48	1	0.000434877	3.62399e-05	4.8	9.84296e-08	4.77306e-09	2.79
19:42:09	400.00	-1365.23	2	0.000888828	7.62944e-05	4.926	9.8255e-08	4.65664e-09	2.736
19:42:19	400.00	-1668.22	3	0.000453951	3.81472e-05	4.818	9.81386e-08	4.65664e-09	2.724
19:42:29	400.00	-1971.01	1	0.000434877	3.81472e-05	5.016	9.84878e-08	4.83126e-09	2.808
19:42:39	400.00	-2271.59	2	0.000890736	7.62944e-05	4.914	9.8255e-08	4.71485e-09	2.76
19:42:49	400.00	-2576.89	3	0.000455858	3.81472e-05	4.8	9.81386e-08	4.65664e-09	2.724
19:42:59	400.00	-2876.63	1	0.000434877	3.81472e-05	5.016	9.84296e-08	4.77306e-09	2.79
19:43:09	400.00	-3179.76	2	0.00089455	7.62944e-05	4.896	9.8255e-08	4.65664e-09	2.736
19:43:19	400.00	-3482.63	3	0.000455858	3.81472e-05	4.8	9.81386e-08	4.65664e-09	2.724
19:43:29	400.00	-3785.48	1	0.000436785	3.81472e-05	4.998	9.84296e-08	4.83126e-09	2.808
19:43:39	400.00	-4088.45	2	0.000896458	7.62944e-05	4.89	9.8255e-08	4.65664e-09	2.736
19:43:49	400.00	-4391.41	3	0.000457766	3.81472e-05	4.782	9.81386e-08	4.59843e-09	2.7
19:44:00	400.00	-4694.45	1	0.000436785	3.81472e-05	4.998	9.84296e-08	4.77306e-09	2.79
19:44:10	400.00	-4997.40	2	0.000896458	7.62944e-05	4.89	9.8255e-08	4.65664e-09	2.736
19:44:20	400.00	-5300.35	3	0.000459673	3.81472e-05	4.764	9.81386e-08	4.65664e-09	2.724
19:44:30	400.00	-5603.22	1	0.000436785	3.81472e-05	4.998	9.84296e-08	4.83126e-09	2.808
19:44:40	400.00	-5906.38	2	0.000896458	7.62944e-05	4.878	9.8255e-08	4.65664e-09	2.736
19:44:50	400.00	-6209.47	3	0.000459673	3.81472e-05	4.968	9.81386e-08	4.65664e-09	2.724
19:45:00	400.00	-6512.43	1	0.000436785	3.81472e-05	4.998	9.84878e-08	4.77306e-09	2.79
19:45:10	400.00	-6812.31	2	0.000898365	7.62944e-05	4.872	9.8255e-08	4.65664e-09	2.736
19:45:20	400.00	-7115.19	3	0.00046158	3.81472e-05	4.95	9.81386e-08	4.65664e-09	2.724
19:45:30	400.00	-7418.14	1	0.000438692	3.81472e-05	4.98	9.84296e-08	4.77306e-09	2.79
19:45:40	400.00	-7717.99	2	0.000900272	7.62944e-05	4.86	9.8255e-08	4.65664e-09	2.736
19:45:50	400.00	-8024.04	3	0.00046158	3.81472e-05	4.95	9.81386e-08	4.65664e-09	2.724
19:46:01	400.00	-8323.67	1	0.000438692	3.81472e-05	4.98	9.84878e-08	4.83126e-09	2.808
19:46:11	400.00	-8626.79	2	0.00090218	7.62944e-05	4.854	9.8255e-08	4.71485e-09	2.754
19:46:21	400.00	-8933.09	3	0.00046158	3.81472e-05	4.938	9.81386e-08	4.59843e-09	2.7
19:46:31	400.00	-9236.05	1	0.000438692	3.81472e-05	4.98	9.84878e-08	4.83126e-09	2.808
19:46:41	400.00	-9535.98	2	0.00090218	7.62944e-05	4.854	9.8255e-08	4.65664e-09	2.736
19:46:51	400.00	-9838.80	3	0.00046158	3.81472e-05	4.938	9.81386e-08	4.65664e-09	2.724
19:47:01	400.00	-10141.85	1	0.000440599	3.81472e-05	4.962	9.84878e-08	4.77306e-09	2.79
19:47:11	400.00	-10444.62	2	0.000904087	7.62944e-05	4.842	9.8255e-08	4.71485e-09	2.754
19:47:21	400.00	-10747.60	3	0.00046158	3.81472e-05	4.938	9.81386e-08	4.65664e-09	2.724
19:47:31	400.00	-11047.57	1	0.000440599	3.81472e-05	4.962	9.84296e-08	4.83126e-09	2.808
19:47:41	400.00	-11350.35	2	0.000905994	7.62944e-05	4.836	9.8255e-08	4.65664e-09	2.736
19:47:52	400.00	-11653.28	3	0.000463488	3.81472e-05	4.92	9.81386e-08	4.65664e-09	2.724
19:48:02	400.00	-11956.30	1	0.000440599	3.81472e-05	4.962	9.84878e-08	4.77306e-09	2.79
19:48:12	400.00	-12259.10	2	0.000905994	7.82018e-05	4.938	9.8255e-08	4.65664e-09	2.736
19:48:22	400.00	-12562.04	3	0.000463488	3.81472e-05	4.92	9.81386e-08	4.65664e-09	2.724
19:48:32	400.00	-12864.99	1	0.000442507	3.81472e-05	4.944	9.84296e-08	4.77306e-09	2.79
19:48:42	400.00	-13164.84	2	0.000907902	7.82018e-05	4.932	9.8255e-08	4.65664e-09	2.736
19:48:52	400.00	-13467.83	3	0.000465395	3.81472e-05	4.902	9.81386e-08	4.59843e-09	2.7
19:49:02	400.00	-13770.78	1	0.000442507	3.81472e-05	4.944	9.84296e-08	4.83126e-09	2.808
19:49:12	400.00	-14073.73	2	0.000909809	7.82018e-05	4.92	9.8255e-08	4.65664e-09	2.736
19:49:22	400.00	-14376.63	3	0.000467302	3.81472e-05	4.884	9.81386e-08	4.59843e-09	2.7
19:49:32	400.00	-14679.44	1	0.000444414	3.81472e-05	4.926	9.84296e-08	4.83126e-09	2.808
19:49:43	400.00	-14982.70	2	0.000909809	7.82018e-05	4.914	9.8255e-08	4.65664e-09	2.736
19:49:53	400.00	-15288.67	3	0.000467302	3.81472e-05	4.884	9.81386e-08	4.59843e-09	2.7
19:50:03	400.00	-15588.56	1	0.000444414	3.81472e-05	4.926	9.84878e-08	4.77306e-09	2.79
19:50:13	400.00	-15891.39	2	0.000911716	7.82018e-05	4.902	9.8255e-08	4.65664e-09	2.736
19:50:23	400.00	-16194.35	3	0.00046921	3.81472e-05	4.866	9.81386e-08	4.65664e-09	2.724
19:50:33	400.00	-16497.24	1	0.000444414	3.81472e-05	4.926	9.84296e-08	4.77306e-09	2.79
19:50:43	400.00	-16800.24	2	0.000913624	7.82018e-05	4.896	9.8255e-08	4.65664e-09	2.718
19:50:53	400.00	-17103.10	3	0.00046921	3.81472e-05	4.866	9.81386e-08	4.65664e-09	2.724
19:51:03	400.00	-17402.98	1	0.000444414	3.81472e-05	4.926	9.84878e-08	4.83126e-09	2.808
19:51:13	400.00	-17706.23	2	0.000915531	7.82018e-05	4.884	9.8255e-08	4.65664e-09	2.736
19:51:23	400.00	-18009.22	3	0.00046921	3.81472e-05	4.866	9.80804e-08	4.59843e-09	2.7
19:51:33	400.00	-18312.18	1	0.000446321	3.81472e-05	4.908	9.84296e-08	4.77306e-09	2.79
19:51:44	400.00	-18615.03	2	0.000915531	7.82018e-05	4.884	9.8255e-08	4.71485e-09	2.76
19:51:54	400.00	-18917.84	3	0.000471117	3.81472e-05	4.848	9.81386e-08	4.59843e-09	2.7
19:52:04	400.00	-19220.78	1	0.000446321	3.81472e-05	4.908	9.84296e-08	4.83126e-09	2.808
19:52:14	400.00	-19520.76	2	0.000917438	7.82018e-05	4.878	9.8255e-08	4.65664e-09	2.736
19:52:24	400.00	-19823.69	3	0.000473024	3.81472e-05	4.83	9.81386e-08	4.59843e-09	2.7
19:52:34	400.00	-20126.42	1	0.000446321	3.81472e-05	4.908	9.84878e-08	4.77306e-09	2.79
19:52:44	400.00	-20429.41	2	0.000921253	7.82018e-05	4.86	9.8255e-08	4.65664e-09	2.736
19:52:54	400.00	-20729.80	3	0.000474932	3.81472e-05	4.812	9.80804e-08	4.65664e-09	2.724
19:53:04	400.00	-21032.72	1	0.000446321	3.81472e-05	4.908	9.84296e-08	4.83126e-09	2.808
19:53:14	400.00	-21335.65	2	0.00092316	7.82018e-05	4.848	9.8255e-08	4.65664e-09	2.718
19:53:24	400.00	-21638.43	3	0.000474932	3.81472e-05	4.794	9.81386e-08	4.59843e-09	2.7
19:53:35	400.00	-21941.37	1	0.000448229	3.81472e-05	4.89	9.84878e-08	4.83126e-09	2.808
19:53:45	400.00	-22244.25	2	0.00092316	7.82018e-05	4.842	9.8255e-08	4.71485e-09	2.76
19:53:55	400.00	-22547.18	3	0.000474932	3.81472e-05	4.794	9.81386e-08	4.65664e-09	2.724
19:54:05	400.00	-22850.14	1	0.000448229	3.81472e-05	4.89	9.84296e-08	4.77306e-09	2.79
19:54:15	400.00	-23152.87	2	0.00092316	7.82018e-05	4.842	9.8255e-08	4.65664e-09	2.718
19:54:25	400.00	-23455.86	3	0.000474932	3.81472e-05	4.794	9.81386e-08	4.59843e-09	2.7
19:54:35	400.00	-23755.98	1	0.000448229	3.81472e-05	4.89	9.84296e-08	4.83126e-09	2.808
19:54:45	400.00	-24061.76	2	0.000925068	7.82018e-05	4.83	9.8255e-08	4.65664e-09	2.736
19:54:55	400.00	-24361.60	3	0.000476839	3.81472e-05	4.782	9.80804e-08	4.65664e-09	2.724
19:55:05	400.00	-24664.57	1	0.000448229	3.81472e-05	4.872	9.84296e-08	4.77306e-09	2.79
19:55:15	400.00	-24967.46	2	0.000926975	7.82018e-05	4.926	9.8255e-08	4.65664e-09	2.718
19:55:25	400.00	-25270.35	3	0.000476839	3.81472e-05	4.782	9.81386e-08	4.59843e-09	2.7
19:55:36	400.00	-25573.31	1	0.000448229	3.81472e-05	4.872	9.84878e-08	4.77306e-09	2.79
19:55:46	400.00	-25876.24	2	0.000928883	7.82018e-05	4.92	9.8255e-08	4.65664e-09	2.736
19:55:56	400.00	-26179.11	3	0.000478746	3.81472e-05	4.764	9.81386e-08	4.65664e-09	2.724
19:56:06	400.00	-26481.99	1	0.000450136	3.81472e-05	4.854	9.84296e-08	4.77306e-09	2.79
19:56:16	400.00	-26782.35	2	0.00093079	7.82018e-05	4.908	9.8255e-08	4.65664e-09	2.718
19:56:26	400.00	-27085.23	3	0.000478746	3.81472e-05	4.764	9.81386e-08	4.59843e-09	2.7
19:56:36	400.00	-27388.15	1	0.000450136	3.81472e-05	4.854	9.84296e-08	4.83126e-09	2.808
19:56:46	400.00	-27690.95	2	0.00093079	7.82018e-05	4.908	9.8255e-08	4.65664e-09	2.736
19:56:56	400.00	-27990.98	3	0.000480654	4.00546e-05	4.944	9.81386e-08	4.65664e-09	2.724
19:57:06	400.00	-28296.82	1	0.000450136	3.81472e-05	4.854	9.84296e-08	4.77306e-09	2.79
19:57:16	400.00	-28596.79	2	0.000934605	7.82018e-05	4.89	9.8255e-08	4.65664e-09	2.736
19:57:27	400.00	-28902.61	3	0.000482561	4.00546e-05	4.926	9.81386e-08	4.59843e-09	2.7
19:57:37	400.00	-29202.47	1	0.000452043	3.81472e-05	4.836	9.84296e-08	4.83126e-09	2.808
19:57:47	400.00	-29505.75	2	0.000934605	7.82018e-05	4.89	9.81968e-08	4.65664e-09	2.742
19:57:57	400.00	-29808.74	3	0.000482561	4.00546e-05	4.926	9.80804e-08	4.59843e-09	2.7
19:58:07	400.00	-30111.62	1	0.000452043	3.81472e-05	4.836	9.84296e-08	4.77306e-09	2.79
19:58:17	400.00	-30414.52	2	0.000936512	7.82018e-05	4.872	9.8255e-08	4.65664e-09	2.736
19:58:27	400.00	-30714.51	3	0.000482561	4.00546e-05	4.926	9.81386e-08	4.59843e-09	2.7
19:58:37	400.00	-31020.29	1	0.000452043	3.81472e-05	4.836	9.84296e-08	4.83126e-09	2.808
19:58:47	400.00	-31320.31	2	0.000936512	7.82018e-05	4.872	9.8255e-08	4.65664e-09	2.736
19:58:57	400.00	-31623.21	3	0.000484468	4.00546e-05	4.908	9.80804e-08	4.65664e-09	2.724
19:59:07	400.00	-31925.98	1	0.000453951	3.81472e-05	4.818	9.84296e-08	4.77306e-09	2.79
19:59:17	400.00	-32229.00	2	0.000938419	7.82018e-05	4.866	9.81968e-08	4.65664e-09	2.742
19:59:28	400.00	-32532.19	3	0.000484468	4.00546e-05	4.908	9.80804e-08	4.59843e-09	2.7
19:59:38	400.00	-32835.20	1	0.000453951	3.81472e-05	4.818	9.84296e-08	4.77306e-09	2.79
19:59:48	400.00	-33135.11	2	0.000940327	7.82018e-05	4.854	9.8255e-08	4.65664e-09	2.736
19:59:58	400.00	-33440.82	3	0.000486376	4.00546e-05	4.896	9.81386e-08	4.59843e-09	2.7
20:00:08	400.00	-33740.86	1	0.000453951	3.81472e-05	4.818	9.84296e-08	4.77306e-09	2.79
20:00:18	400.00	-34043.75	2	0.000942234	7.82018e-05	4.848	9.81968e-08	4.65664e-09	2.742
20:00:28	400.00	-34346.68	3	0.000488285	4.00546e-05	4.878	9.80804e-08	4.59843e-09	2.7
20:00:38	400.00	-34649.66	1	0.000455858	3.81472e-05	4.8	9.84296e-08	4.77306e-09	2.79
20:00:48	400.00	-34952.33	2	0.000942234	7.82018e-05	4.848	9.8255e-08	4.65664e-09	2.736
20:00:58	400.00	-35255.38	3	0.000488285	4.00546e-05	4.878	9.80804e-08	4.59843e-09	2.7
20:01:08	400.00	-35558.34	1	0.000457766	3.81472e-05	4.986	9.84296e-08	4.77306e-09	2.79
20:01:19	400.00	-35861.24	2	0.000944141	7.82018e-05	4.842	9.81968e-08	4.65664e-09	2.742
20:01:29	400.00	-36161.11	3	0.000488285	4.00546e-05	4.878	9.80804e-08	4.59843e-09	2.7
20:01:39	400.00	-36464.06	1	0.000457766	3.81472e-05	4.986	9.84296e-08	4.77306e-09	2.79
20:01:49	400.00	-36766.95	2	0.000946049	7.82018e-05	4.83	9.8255e-08	4.65664e-09	2.736
20:01:59	400.00	-37069.86	3	0.000488285	4.00546e-05	4.878	9.80804e-08	4.59843e-09	2.7
20:02:09	400.00	-37372.81	1	0.000457766	3.81472e-05	4.986	9.83714e-08	4.77306e-09	2.79
20:02:19	400.00	-37675.77	2	0.000947956	8.01091e-05	4.92	9.81968e-08	4.65664e-09	2.742
20:02:29	400.00	-37978.57	3	0.000488285	4.00546e-05	4.86	9.80804e-08	4.59843e-09	2.7
20:02:39	400.00	-38281.46	1	0.000459673	3.81472e-05	4.968	9.84296e-08	4.77306e-09	2.79
20:02:49	400.00	-38581.87	2	0.000947956	8.01091e-05	4.92	9.81968e-08	4.65664e-09	2.742
20:02:59	400.00	-38884.72	3	0.000488285	4.00546e-05	4.86	9.80804e-08	4.59843e-09	2.7
20:03:09	400.00	-39187.57	1	0.000459673	3.81472e-05	4.968	9.84296e-08	4.77306e-09	2.79
20:03:20	400.00	-39490.56	2	0.000949863	8.01091e-05	4.914	9.8255e-08	4.65664e-09	2.736
20:03:30	400.00	-39793.46	3	0.000490192	4.00546e-05	4.842	9.80804e-08	4.59843e-09	2.7
20:03:40	400.00	-40096.41	1	0.00046158	3.81472e-05	4.95	9.83714e-08	4.77306e-09	2.79
20:03:50	400.00	-40396.27	2	0.000949863	8.01091e-05	4.908	9.81968e-08	4.65664e-09	2.742
20:04:00	400.00	-40699.29	3	0.000488285	4.00546e-05	4.86	9.80804e-08	4.59843e-09	2.7
20:04:10	400.00	-41002.09	1	0.00046158	3.81472e-05	4.95	9.84296e-08	4.77306e-09	2.79
20:04:20	400.00	-41305.41	2	0.000951771	8.01091e-05	4.896	9.81968e-08	4.65664e-09	2.742
20:04:30	400.00	-41608.30	3	0.000490192	4.00546e-05	4.842	9.80804e-08	4.65664e-09	2.724
20:04:40	400.00	-41911.26	1	0.00046158	3.81472e-05	4.95	9.83714e-08	4.77306e-09	2.79
20:04:50	400.00	-42211.11	2	0.000953678	8.01091e-05	4.89	9.8255e-08	4.65664e-09	2.736
20:05:00	400.00	-42514.04	3	0.0004921	4.00546e-05	4.83	9.80804e-08	4.59843e-09	2.7
20:05:10	400.00	-42816.97	1	0.00046158	3.81472e-05	4.95	9.84296e-08	4.83126e-09	2.808
20:05:21	400.00	-43119.90	2	0.000955585	8.01091e-05	4.878	9.81968e-08	4.65664e-09	2.742
20:05:31	400.00	-43422.75	3	0.0004921	4.00546e-05	4.83	9.80804e-08	4.59843e-09	2.706
20:05:41	400.00	-43725.55	1	0.00046158	3.81472e-05	4.938	9.83714e-08	4.77306e-09	2.79
20:05:51	400.00	-44028.61	2	0.000957493	8.01091e-05	4.872	9.8255e-08	4.65664e-09	2.718
20:06:01	400.00	-44331.82	3	0.000494007	4.00546e-05	4.812	9.80804e-08	4.59843e-09	2.7
20:06:11	400.00	-44634.85	1	0.00046158	3.81472e-05	4.938	9.83714e-08	4.77306e-09	2.79
20:06:21	400.00	-44934.85	2	0.0009594	8.01091e-05	4.866	9.81968e-08	4.65664e-09	2.742
20:06:31	400.00	-45237.58	3	0.000495914	4.00546e-05	4.794	9.80804e-08	4.59843e-09	2.7
20:06:41	400.00	-45540.47	1	0.000463488	3.81472e-05	4.92	9.84296e-08	4.77306e-09	2.79
20:06:51	400.00	-45843.39	2	0.000961307	8.01091e-05	4.854	9.8255e-08	4.65664e-09	2.736
20:07:01	400.00	-46146.36	3	0.000495914	4.00546e-05	4.794	9.80804e-08	4.59843e-09	2.7
20:07:11	400.00	-46446.18	1	0.000463488	3.81472e-05	4.92	9.84296e-08	4.77306e-09	2.79
20:07:22	400.00	-46751.94	2	0.000961307	8.01091e-05	4.854	9.81968e-08	4.65664e-09	2.742
20:07:32	400.00	-47054.96	3	0.000495914	4.00546e-05	4.794	9.80804e-08	4.59843e-09	2.7
20:07:42	400.00	-47355.12	1	0.000465395	3.81472e-05	4.902	9.83714e-08	4.77306e-09	2.79
20:07:52	400.00	-47657.94	2	0.000963215	8.01091e-05	4.848	9.81968e-08	4.65664e-09	2.742
20:08:02	400.00	-47960.94	3	0.000497822	4.00546e-05	4.782	9.80804e-08	4.59843e-09	2.706
20:08:12	400.00	-48263.82	1	0.000465395	3.81472e-05	4.902	9.83714e-08	4.77306e-09	2.79
20:08:22	400.00	-48566.70	2	0.000965122	8.01091e-05	4.83	9.81968e-08	4.65664e-09	2.718
20:08:32	400.00	-48869.72	3	0.000497822	4.00546e-05	4.782	9.80804e-08	4.59843e-09	2.706
20:08:42	400.00	-49169.76	1	0.000467302	3.81472e-05	4.884	9.83714e-08	4.77306e-09	2.79
20:08:52	400.00	-49472.55	2	0.000965122	8.01091e-05	4.83	9.81386e-08	4.65664e-09	2.718
20:09:02	400.00	-49775.48	3	0.000497822	4.00546e-05	4.782	9.80804e-08	4.59843e-09	2.706
20:09:12	400.00	-50078.39	1	0.000467302	3.81472e-05	4.884	9.83714e-08	4.77306e-09	2.79
20:09:23	400.00	-50381.70	2	0.000967029	8.20165e-05	4.92	9.81968e-08	4.65664e-09	2.742
20:09:33	400.00	-50681.71	3	0.000499729	4.00546e-05	4.764	9.80804e-08	4.59843e-09	2.7
20:09:43	400.00	-50984.66	1	0.000467302	3.81472e-05	4.884	9.83714e-08	4.77306e-09	2.79
20:09:53	400.00	-51290.44	2	0.000968937	8.20165e-05	4.908	9.81968e-08	4.65664e-09	2.718
20:10:03	400.00	-51590.50	3	0.000501636	4.19619e-05	4.938	9.80804e-08	4.59843e-09	2.7
20:10:13	400.00	-51893.35	1	0.00046921	3.81472e-05	4.866	9.84296e-08	4.83126e-09	2.808
20:10:23	400.00	-52193.38	2	0.000972752	8.20165e-05	4.896	9.81968e-08	4.65664e-09	2.742
20:10:33	400.00	-52499.21	3	0.000501636	4.19619e-05	4.92	9.80804e-08	4.59843e-09	2.7
20:10:43	400.00	-52802.32	1	0.00046921	3.81472e-05	4.866	9.83714e-08	4.77306e-09	2.79
20:10:53	400.00	-53102.53	2	0.000974659	8.20165e-05	4.884	9.81968e-08	4.65664e-09	2.718
20:11:03	400.00	-53405.50	3	0.000505451	4.19619e-05	4.89	9.80804e-08	4.59843e-09	2.7
20:11:14	400.00	-53708.36	1	0.00046921	3.81472e-05	4.866	9.84296e-08	4.83126e-09	2.808
20:11:24	400.00	-54011.22	2	0.00097657	8.20165e-05	4.878	9.81968e-08	4.65664e-09	2.742
20:11:34	400.00	-54314.29	3	0.000507358	4.19619e-05	4.872	9.80804e-08	4.59843e-09	2.706
20:11:44	400.00	-54617.18	1	0.00046921	3.81472e-05	4.866	9.83714e-08	4.77306e-09	2.79
20:11:54	400.00	-54920.06	2	0.000978477	8.20165e-05	4.86	9.81968e-08	4.65664e-09	2.718
20:12:04	400.00	-55223.02	3	0.000507358	4.19619e-05	4.872	9.80804e-08	4.65664e-09	2.724
20:12:14	400.00	-55522.83	1	0.000471117	3.81472e-05	4.848	9.83714e-08	4.77306e-09	2.79
20:12:24	400.00	-55825.91	2	0.000978477	8.20165e-05	4.86	9.81386e-08	4.65664e-09	2.718
20:12:34	400.00	-56129.21	3	0.000509266	4.19619e-05	4.854	9.80804e-08	4.59843e-09	2.7
20:12:44	400.00	-56432.16	1	0.000471117	3.81472e-05	4.848	9.83714e-08	4.77306e-09	2.79
20:12:54	400.00	-56732.12	2	0.000980385	8.20165e-05	4.854	9.81386e-08	4.65664e-09	2.718
20:13:04	400.00	-57037.88	3	0.000509266	4.19619e-05	4.854	9.80804e-08	4.59843e-09	2.706
20:13:15	400.00	-57337.95	1	0.000473024	3.81472e-05	4.83	9.83714e-08	4.77306e-09	2.79
20:13:25	400.00	-57640.72	2	0.000982292	8.20165e-05	4.842	9.81968e-08	4.65664e-09	2.718
20:13:35	400.00	-57943.74	3	0.000511173	4.19619e-05	4.842	9.80804e-08	4.59843e-09	2.706
20:13:45	400.00	-58246.58	1	0.000473024	3.81472e-05	4.83	9.83714e-08	4.77306e-09	2.79
20:13:55	400.00	-58549.52	2	0.000984199	8.20165e-05	4.836	9.81386e-08	4.65664e-09	2.718
20:14:05	400.00	-58852.49	3	0.000511173	4.19619e-05	4.842	9.80804e-08	4.59843e-09	2.706
20:14:15	400.00	-59155.61	1	0.000473024	3.81472e-05	4.83	9.84296e-08	4.77306e-09	2.79
20:14:25	400.00	-59455.35	2	0.000986107	8.20165e-05	4.83	9.81968e-08	4.65664e-09	2.718
20:14:35	400.00	-59758.23	3	0.000513081	4.19619e-05	4.824	9.80804e-08	4.59843e-09	2.7
20:14:45	400.00	-60061.20	1	0.000474932	3.81472e-05	4.812	9.83714e-08	4.77306e-09	2.79
20:14:55	400.00	-60364.09	2	0.000988014	8.39238e-05	4.914	9.81386e-08	4.65664e-09	2.718
20:15:05	400.00	-60667.11	3	0.000513081	4.19619e-05	4.812	9.80804e-08	4.59843e-09	2.706
20:15:16	400.00	-60970.07	1	0.000474932	3.81472e-05	4.812	9.83714e-08	4.71485e-09	2.772
20:15:26	400.00	-61272.90	2	0.000989921	8.39238e-05	4.908	9.81968e-08	4.65664e-09	2.742
20:15:36	400.00	-61575.82	3	0.000514988	4.19619e-05	4.794	9.80804e-08	4.59843e-09	2.706
20:15:46	400.00	-61875.76	1	0.000474932	3.81472e-05	4.812	9.83714e-08	4.77306e-09	2.79
20:15:56	400.00	-62179.05	2	0.000989921	8.39238e-05	4.902	9.81968e-08	4.65664e-09	2.718
20:16:06	400.00	-62481.99	3	0.000514988	4.19619e-05	4.794	9.80804e-08	4.59843e-09	2.706
20:16:16	400.00	-62784.92	1	0.000474932	3.81472e-05	4.794	9.83714e-08	4.77306e-09	2.79
20:16:26	400.00	-63084.73	2	0.000991829	8.39238e-05	4.89	9.81386e-08	4.65664e-09	2.718
20:16:36	400.00	-63390.66	3	0.000516895	4.19619e-05	4.776	9.80804e-08	4.59843e-09	2.682
20:16:46	400.00	-63693.66	1	0.000474932	4.00546e-05	4.998	9.83714e-08	4.77306e-09	2.79
20:16:56	400.00	-63993.61	2	0.000993736	8.39238e-05	4.884	9.81968e-08	4.65664e-09	2.718
20:17:06	400.00	-64296.47	3	0.000516895	4.19619e-05	4.776	9.80804e-08	4.59843e-09	2.706
20:17:17	400.00	-64599.39	1	0.000476839	4.00546e-05	4.98	9.83714e-08	4.77306e-09	2.79
20:17:27	400.00	-64902.71	2	0.000995643	8.39238e-05	4.878	9.81386e-08	4.65664e-09	2.718
20:17:37	400.00	-65205.59	3	0.000516895	4.19619e-05	4.776	9.80804e-08	4.59843e-09	2.682
20:17:47	400.00	-65508.50	1	0.000478746	4.00546e-05	4.962	9.83714e-08	4.77306e-09	2.79
20:17:57	400.00	-65811.38	2	0.000995643	8.39238e-05	4.878	9.81386e-08	4.65664e-09	2.718
20:18:07	400.00	-66114.38	3	0.000516895	4.19619e-05	4.776	9.80804e-08	4.59843e-09	2.682
20:18:17	400.00	-66414.24	1	0.000478746	4.00546e-05	4.962	9.83714e-08	4.77306e-09	2.79
20:18:27	400.00	-66717.23	2	0.000997551	8.39238e-05	4.866	9.81968e-08	4.65664e-09	2.718
20:18:37	400.00	-67020.16	3	0.000518803	4.19619e-05	4.764	9.80804e-08	4.59843e-09	2.706
20:18:47	400.00	-67322.91	1	0.000480654	4.00546e-05	4.944	9.83714e-08	4.77306e-09	2.79
20:18:57	400.00	-67625.87	2	0.00100137	8.39238e-05	4.848	9.81386e-08	4.65664e-09	2.718
20:19:08	400.00	-67929.27	3	0.00052071	4.38693e-05	4.932	9.80804e-08	4.59843e-09	2.682
20:19:18	400.00	-68232.16	1	0.000480654	4.00546e-05	4.944	9.83714e-08	4.77306e-09	2.79
20:19:28	400.00	-68532.10	2	0.00100327	8.39238e-05	4.842	9.81386e-08	4.65664e-09	2.718
20:19:38	400.00	-68834.88	3	0.00052071	4.38693e-05	4.932	9.80804e-08	4.59843e-09	2.706
20:19:48	400.00	-69137.88	1	0.000480654	4.00546e-05	4.944	9.83714e-08	4.77306e-09	2.79
20:19:58	400.00	-69440.70	2	0.00100327	8.39238e-05	4.842	9.81386e-08	4.65664e-09	2.718
20:20:08	400.00	-69743.67	3	0.00052071	4.38693e-05	4.932	9.80804e-08	4.59843e-09	2.706
20:20:18	400.00	-70046.54	1	0.000482561	4.00546e-05	4.926	9.83714e-08	4.77306e-09	2.79
20:20:28	400.00	-70349.49	2	0.00100327	8.39238e-05	4.836	9.81386e-08	4.65664e-09	2.742
20:20:38	400.00	-70649.44	3	0.000522617	4.38693e-05	4.914	9.80804e-08	4.59843e-09	2.706
20:20:48	400.00	-70955.43	1	0.000482561	4.00546e-05	4.926	9.83714e-08	4.77306e-09	2.79
20:20:58	400.00	-71255.23	2	0.00100709	8.39238e-05	4.818	9.81968e-08	4.65664e-09	2.718
20:21:09	400.00	-71558.22	3	0.000524525	4.38693e-05	4.902	9.80222e-08	4.59843e-09	2.706
20:21:19	400.00	-71861.05	1	0.000482561	4.00546e-05	4.926	9.83714e-08	4.77306e-09	2.79
20:21:29	400.00	-72163.88	2	0.00100899	8.58312e-05	4.908	9.81386e-08	4.65664e-09	2.718
20:21:39	400.00	-72466.96	3	0.000526432	4.38693e-05	4.872	9.80804e-08	4.59843e-09	2.682
20:21:49	400.00	-72769.98	1	0.000484468	4.00546e-05	4.908	9.83714e-08	4.77306e-09	2.79
20:21:59	400.00	-73069.74	2	0.0010109	8.58312e-05	4.896	9.81968e-08	4.65664e-09	2.718
20:22:09	400.00	-73372.68	3	0.000526432	4.38693e-05	4.872	9.80804e-08	4.59843e-09	2.706
20:22:19	400.00	-73675.63	1	0.000484468	4.00546e-05	4.908	9.83714e-08	4.77306e-09	2.79
20:22:29	400.00	-73978.92	2	0.00101281	8.58312e-05	4.89	9.81386e-08	4.65664e-09	2.718
20:22:39	400.00	-74281.82	3	0.000526432	4.38693e-05	4.872	9.80804e-08	4.59843e-09	2.682
20:22:49	400.00	-74584.76	1	0.000486376	4.00546e-05	4.896	9.83714e-08	4.71485e-09	2.772
20:23:00	400.00	-74887.62	2	0.00101472	8.58312e-05	4.884	9.81386e-08	4.65664e-09	2.742
20:23:10	400.00	-75190.58	3	0.000528339	4.38693e-05	4.854	9.80804e-08	4.59843e-09	2.706
20:23:20	400.00	-75490.46	1	0.000486376	4.00546e-05	4.896	9.83714e-08	4.77306e-09	2.79
20:23:30	400.00	-75793.38	2	0.00101662	8.58312e-05	4.872	9.81386e-08	4.65664e-09	2.718
20:23:40	400.00	-76096.23	3	0.000528339	4.38693e-05	4.854	9.80804e-08	4.59843e-09	2.682
20:23:50	400.00	-76402.21	1	0.000486376	4.00546e-05	4.896	9.83714e-08	4.71485e-09	2.772
20:24:00	400.00	-76702.46	2	0.00101662	8.58312e-05	4.866	9.81386e-08	4.65664e-09	2.742
20:24:10	400.00	-77005.48	3	0.000530247	4.38693e-05	4.836	9.80222e-08	4.59843e-09	2.706
20:24:20	400.00	-77308.33	1	0.000488285	4.00546e-05	4.878	9.83714e-08	4.77306e-09	2.79
20:24:30	400.00	-77611.31	2	0.00101853	8.58312e-05	4.854	9.81386e-08	4.65664e-09	2.718
20:24:40	400.00	-77914.20	3	0.000532154	4.38693e-05	4.824	9.80804e-08	4.59843e-09	2.706
20:24:51	400.00	-78216.99	1	0.000488285	4.00546e-05	4.878	9.83714e-08	4.77306e-09	2.79
20:25:01	400.00	-78519.98	2	0.00102044	8.58312e-05	4.848	9.81386e-08	4.65664e-09	2.718
20:25:11	400.00	-78822.84	3	0.000532154	4.38693e-05	4.824	9.80804e-08	4.59843e-09	2.682
20:25:21	400.00	-79122.66	1	0.000488285	4.00546e-05	4.86	9.83714e-08	4.77306e-09	2.79
20:25:31	400.00	-79425.72	2	0.00102235	8.58312e-05	4.842	9.81386e-08	4.65664e-09	2.718
20:25:41	400.00	-79728.98	3	0.000534061	4.38693e-05	4.806	9.80222e-08	4.59843e-09	2.706
20:25:51	400.00	-80031.92	1	0.000488285	4.00546e-05	4.86	9.83714e-08	4.77306e-09	2.79
20:26:01	400.00	-80334.85	2	0.00102425	8.58312e-05	4.836	9.81386e-08	4.65664e-09	2.718
20:26:11	400.00	-80634.65	3	0.000535969	4.38693e-05	4.794	9.80222e-08	4.59843e-09	2.688
20:26:21	400.00	-80937.60	1	0.000490192	4.00546e-05	4.842	9.83714e-08	4.77306e-09	2.79
20:26:31	400.00	-81243.38	2	0.00102807	8.58312e-05	4.818	9.81386e-08	4.65664e-09	2.718
20:26:41	400.00	-81543.38	3	0.000537876	4.38693e-05	4.776	9.80804e-08	4.59843e-09	2.706
20:26:52	400.00	-81846.12	1	0.000490192	4.00546e-05	4.842	9.83714e-08	4.77306e-09	2.79
20:27:02	399.99	-82148.97	2	0.00102807	8.77385e-05	4.902	9.81386e-08	4.65664e-09	2.718
20:27:12	400.00	-82451.91	3	0.000537876	4.38693e-05	4.776	9.80222e-08	4.59843e-09	2.688
20:27:22	400.01	-82754.94	1	0.000490192	4.00546e-05	4.842	9.83714e-08	4.77306e-09	2.79
20:27:32	400.00	-83057.88	2	0.00102807	8.77385e-05	4.902	9.81386e-08	4.65664e-09	2.718
20:27:42	400.00	-83360.89	3	0.000535969	4.38693e-05	4.794	9.80222e-08	4.59843e-09	2.706
20:27:52	400.00	-83660.82	1	0.0004921	4.00546e-05	4.83	9.83714e-08	4.77306e-09	2.79
20:28:02	400.00	-83963.70	2	0.00103188	8.77385e-05	4.884	9.81386e-08	4.65664e-09	2.718
20:28:12	400.00	-84266.79	3	0.000541691	4.57766e-05	4.908	9.80222e-08	4.59843e-09	2.688
20:28:22	400.00	-84569.62	1	0.0004921	4.00546e-05	4.83	9.83714e-08	4.77306e-09	2.79
20:28:32	400.00	-84872.46	2	0.0010357	8.77385e-05	4.872	9.81386e-08	4.65664e-09	2.718
20:28:42	400.00	-85175.47	3	0.000541691	4.57766e-05	4.908	9.80222e-08	4.59843e-09	2.706
20:28:53	400.00	-85478.39	1	0.0004921	4.00546e-05	4.83	9.83714e-08	4.77306e-09	2.79
20:29:03	400.00	-85778.78	2	0.00103761	8.77385e-05	4.866	9.81386e-08	4.65664e-09	2.718
20:29:13	400.00	-86081.57	3	0.000543598	4.57766e-05	4.896	9.80222e-08	4.59843e-09	2.688
20:29:23	400.00	-86384.55	1	0.000494007	4.00546e-05	4.812	9.83714e-08	4.77306e-09	2.79
20:29:33	400.00	-86687.46	2	0.00103951	8.77385e-05	4.854	9.81386e-08	4.65664e-09	2.724
20:29:43	400.00	-86990.47	3	0.000543598	4.57766e-05	4.896	9.80222e-08	4.59843e-09	2.688
20:29:53	400.00	-87296.33	1	0.000494007	4.00546e-05	4.812	9.83714e-08	4.77306e-09	2.79
20:30:03	400.00	-87599.30	2	0.00103951	8.77385e-05	4.854	9.81386e-08	4.65664e-09	2.724
20:30:13	400.00	-87899.27	3	0.000545505	4.57766e-05	4.878	9.80222e-08	4.59843e-09	2.688
20:30:23	400.00	-88202.15	1	0.000495914	4.00546e-05	4.794	9.83714e-08	4.77306e-09	2.79
20:30:34	400.00	-88505.45	2	0.00104142	8.77385e-05	4.842	9.81386e-08	4.65664e-09	2.718
20:30:44	400.00	-88808.41	3	0.000545505	4.57766e-05	4.878	9.80222e-08	4.59843e-09	2.706
20:30:54	400.00	-89111.24	1	0.000495914	4.19619e-05	4.986	9.83714e-08	4.77306e-09	2.79
20:31:04	400.00	-89411.11	2	0.00104333	8.77385e-05	4.83	9.81386e-08	4.65664e-09	2.724
20:31:14	400.00	-89714.31	3	0.000547413	4.57766e-05	4.866	9.80222e-08	4.59843e-09	2.688
20:31:24	400.00	-90019.15	1	0.000497822	4.00546e-05	4.782	9.83714e-08	4.77306e-09	2.79
20:31:34	400.00	-90000.28	2	0.00104523	8.77385e-05	4.824	9.81386e-08	4.65664e-09	2.718
