DYT048
2022-3-6LOCK-IN PARAMETERS
ADDRESS: 10
TAU: 1
SENSITIVITY: 1e-3
FREQUENCY: 7.675
AMP: 1
COUPLING: AC
LP_FILTER: 24
SYNC_FILTER: none
NOTCH_FILTER: none
TIME	T_PPMS(K)	 H_PPMS(Oe)	VDP_config	LIA_X(V)	LIA_Y(V)	LIA_PHASE
17:00:56	400.00	-89731.63	1	0.000486376	4.00546e-05	4.896	9.83714e-08	4.83126e-09	2.814
17:01:06	400.00	-89431.96	2	0.000814442	6.8665e-05	4.908	9.8255e-08	4.65664e-09	2.736
17:01:17	400.00	-89126.33	3	0.000329973	2.6703e-05	4.908	9.81386e-08	4.65664e-09	2.724
17:01:27	400.00	-88826.47	1	0.000484468	4.00546e-05	4.908	9.83714e-08	4.77306e-09	2.79
17:01:37	400.00	-88523.55	2	0.000812534	6.8665e-05	4.92	9.8255e-08	4.65664e-09	2.736
17:01:47	400.00	-88220.33	3	0.000329973	2.6703e-05	4.908	9.81386e-08	4.65664e-09	2.742
17:01:57	400.00	-87917.30	1	0.000484468	4.00546e-05	4.908	9.83714e-08	4.77306e-09	2.79
17:02:07	400.00	-87614.41	2	0.000812534	6.8665e-05	4.92	9.8255e-08	4.65664e-09	2.736
17:02:17	400.00	-87311.52	3	0.000328066	2.6703e-05	4.932	9.81386e-08	4.65664e-09	2.718
17:02:27	400.00	-87011.52	1	0.000484468	4.00546e-05	4.908	9.83714e-08	4.77306e-09	2.79
17:02:37	400.00	-86708.62	2	0.000810627	6.8665e-05	4.932	9.81968e-08	4.65664e-09	2.742
17:02:47	400.00	-86405.77	3	0.000328066	2.6703e-05	4.932	9.81386e-08	4.65664e-09	2.718
17:02:57	400.00	-86102.81	1	0.000482561	4.00546e-05	4.926	9.83714e-08	4.77306e-09	2.79
17:03:07	400.00	-85799.82	2	0.000810627	6.8665e-05	4.932	9.8255e-08	4.65664e-09	2.736
17:03:18	400.00	-85499.67	3	0.000328066	2.6703e-05	4.932	9.81386e-08	4.65664e-09	2.724
17:03:28	400.00	-85193.66	1	0.000482561	4.00546e-05	4.926	9.83714e-08	4.77306e-09	2.79
17:03:38	400.00	-84890.84	2	0.00080872	6.8665e-05	4.938	9.8255e-08	4.65664e-09	2.736
17:03:48	400.00	-84590.85	3	0.000328066	2.6703e-05	4.932	9.81386e-08	4.65664e-09	2.724
17:03:58	400.00	-84287.96	1	0.000482561	4.00546e-05	4.926	9.83714e-08	4.77306e-09	2.79
17:04:08	400.00	-83984.96	2	0.00080872	6.67577e-05	4.824	9.8255e-08	4.65664e-09	2.736
17:04:18	400.00	-83682.00	3	0.000326158	2.6703e-05	4.956	9.81386e-08	4.65664e-09	2.742
17:04:28	400.00	-83379.16	1	0.000480654	4.00546e-05	4.944	9.83714e-08	4.77306e-09	2.79
17:04:38	400.00	-83076.22	2	0.000806812	6.67577e-05	4.83	9.81968e-08	4.65664e-09	2.742
17:04:48	400.00	-82773.20	3	0.000326158	2.6703e-05	4.956	9.81386e-08	4.65664e-09	2.742
17:04:58	400.00	-82470.32	1	0.000480654	4.00546e-05	4.944	9.83714e-08	4.83126e-09	2.814
17:05:09	400.00	-82167.42	2	0.000806812	6.67577e-05	4.83	9.81968e-08	4.65664e-09	2.742
17:05:19	400.00	-81864.34	3	0.000326158	2.6703e-05	4.956	9.81386e-08	4.65664e-09	2.742
17:05:29	400.00	-81561.64	1	0.000480654	4.00546e-05	4.944	9.83714e-08	4.77306e-09	2.79
17:05:39	400.00	-81261.88	2	0.000804905	6.67577e-05	4.842	9.81968e-08	4.65664e-09	2.742
17:05:49	400.00	-80955.94	3	0.000326158	2.6703e-05	4.956	9.81386e-08	4.65664e-09	2.724
17:05:59	400.00	-80655.91	1	0.000478746	4.00546e-05	4.962	9.83714e-08	4.77306e-09	2.79
17:06:09	400.00	-80353.22	2	0.000804905	6.67577e-05	4.854	9.81968e-08	4.65664e-09	2.742
17:06:19	400.00	-80050.31	3	0.000324251	2.6703e-05	4.98	9.81386e-08	4.65664e-09	2.724
17:06:29	400.00	-79747.38	1	0.000478746	4.00546e-05	4.962	9.83714e-08	4.77306e-09	2.79
17:06:39	400.00	-79444.07	2	0.000804905	6.67577e-05	4.854	9.81968e-08	4.65664e-09	2.742
17:06:49	400.00	-79141.04	3	0.000324251	2.6703e-05	4.98	9.81386e-08	4.65664e-09	2.724
17:06:59	400.00	-78838.22	1	0.000478746	4.00546e-05	4.962	9.83714e-08	4.83126e-09	2.814
17:07:10	400.00	-78538.48	2	0.000802997	6.67577e-05	4.866	9.8255e-08	4.65664e-09	2.736
17:07:20	400.00	-78235.46	3	0.000324251	2.6703e-05	4.98	9.81386e-08	4.65664e-09	2.718
17:07:30	400.00	-77932.55	1	0.000478746	4.00546e-05	4.962	9.83714e-08	4.77306e-09	2.79
17:07:40	400.00	-77629.56	2	0.000802997	6.67577e-05	4.866	9.8255e-08	4.65664e-09	2.736
17:07:50	400.00	-77326.77	3	0.000322344	2.6703e-05	5.01	9.81386e-08	4.65664e-09	2.742
17:08:00	400.00	-77026.88	1	0.000476839	4.00546e-05	4.98	9.83714e-08	4.83126e-09	2.814
17:08:10	400.00	-76723.95	2	0.00080109	6.67577e-05	4.872	9.8255e-08	4.65664e-09	2.736
17:08:20	400.00	-76417.70	3	0.000322344	2.6703e-05	5.01	9.81386e-08	4.65664e-09	2.742
17:08:30	400.00	-76117.85	1	0.000476839	4.00546e-05	4.98	9.83714e-08	4.77306e-09	2.79
17:08:40	400.00	-75814.94	2	0.000799183	6.67577e-05	4.884	9.8255e-08	4.65664e-09	2.736
17:08:50	400.00	-75512.02	3	0.000322344	2.6703e-05	5.01	9.81386e-08	4.65664e-09	2.718
17:09:01	400.00	-75209.13	1	0.000476839	4.00546e-05	4.98	9.83714e-08	4.83126e-09	2.814
17:09:11	400.00	-74903.13	2	0.000799183	6.67577e-05	4.884	9.8255e-08	4.65664e-09	2.736
17:09:21	400.00	-74600.28	3	0.000320436	2.6703e-05	5.034	9.81386e-08	4.65664e-09	2.742
17:09:31	400.00	-74300.39	1	0.000476839	4.00546e-05	4.98	9.83714e-08	4.77306e-09	2.79
17:09:41	400.00	-73997.45	2	0.000797275	6.67577e-05	4.896	9.81968e-08	4.65664e-09	2.742
17:09:51	400.00	-73694.23	3	0.000320436	2.6703e-05	5.034	9.81386e-08	4.65664e-09	2.724
17:10:01	400.00	-73391.41	1	0.000474932	4.00546e-05	4.998	9.83714e-08	4.77306e-09	2.79
17:10:11	400.00	-73088.41	2	0.000797275	6.67577e-05	4.896	9.8255e-08	4.65664e-09	2.736
17:10:21	400.00	-72785.53	3	0.000320436	2.6703e-05	5.034	9.81386e-08	4.65664e-09	2.742
17:10:31	400.00	-72482.66	1	0.000474932	3.81472e-05	4.794	9.83714e-08	4.83126e-09	2.814
17:10:41	400.00	-72179.57	2	0.000795368	6.67577e-05	4.902	9.81968e-08	4.65664e-09	2.742
17:10:52	400.00	-71879.65	3	0.000320436	2.47956e-05	4.74	9.81386e-08	4.65664e-09	2.718
17:11:02	400.00	-71576.67	1	0.000474932	3.81472e-05	4.794	9.83714e-08	4.77306e-09	2.79
17:11:12	400.00	-71273.91	2	0.000795368	6.67577e-05	4.902	9.81968e-08	4.65664e-09	2.742
17:11:22	400.00	-70970.95	3	0.000318529	2.47956e-05	4.764	9.81386e-08	4.65664e-09	2.724
17:11:32	400.00	-70668.02	1	0.000474932	3.81472e-05	4.812	9.83714e-08	4.77306e-09	2.79
17:11:42	400.00	-70365.12	2	0.000793461	6.67577e-05	4.914	9.8255e-08	4.65664e-09	2.736
17:11:52	400.00	-70065.12	3	0.000318529	2.47956e-05	4.764	9.81386e-08	4.65664e-09	2.742
17:12:02	400.00	-69762.29	1	0.000474932	3.81472e-05	4.812	9.83714e-08	4.83126e-09	2.814
17:12:12	400.00	-69459.44	2	0.000793461	6.67577e-05	4.914	9.81968e-08	4.65664e-09	2.742
17:12:22	400.00	-69156.58	3	0.000318529	2.47956e-05	4.764	9.81386e-08	4.65664e-09	2.742
17:12:32	400.00	-68853.59	1	0.000474932	3.81472e-05	4.812	9.83714e-08	4.77306e-09	2.79
17:12:43	400.00	-68550.85	2	0.000791553	6.67577e-05	4.926	9.8255e-08	4.65664e-09	2.736
17:12:53	400.00	-68247.84	3	0.000318529	2.47956e-05	4.764	9.81386e-08	4.65664e-09	2.742
17:13:03	400.00	-67947.88	1	0.000474932	3.81472e-05	4.812	9.83714e-08	4.83126e-09	2.814
17:13:13	400.00	-67641.58	2	0.000791553	6.67577e-05	4.926	9.81968e-08	4.65664e-09	2.742
17:13:23	400.00	-67338.61	3	0.000318529	2.47956e-05	4.764	9.81386e-08	4.65664e-09	2.724
17:13:33	400.00	-67038.85	1	0.000473024	3.81472e-05	4.83	9.83714e-08	4.77306e-09	2.79
17:13:43	400.00	-66735.91	2	0.000791553	6.67577e-05	4.932	9.8255e-08	4.71485e-09	2.76
17:13:53	400.00	-66432.89	3	0.000318529	2.47956e-05	4.764	9.81386e-08	4.65664e-09	2.742
17:14:03	400.00	-66130.08	1	0.000473024	3.81472e-05	4.83	9.83714e-08	4.77306e-09	2.79
17:14:13	400.00	-65830.05	2	0.000791553	6.67577e-05	4.932	9.8255e-08	4.65664e-09	2.736
17:14:23	400.00	-65524.25	3	0.000316622	2.47956e-05	4.788	9.81386e-08	4.65664e-09	2.742
17:14:33	400.00	-65224.32	1	0.000473024	3.81472e-05	4.83	9.83714e-08	4.77306e-09	2.79
17:14:44	400.00	-64921.40	2	0.000791553	6.67577e-05	4.932	9.81968e-08	4.71485e-09	2.76
17:14:54	400.00	-64618.06	3	0.000316622	2.47956e-05	4.788	9.81386e-08	4.65664e-09	2.742
17:15:04	400.00	-64315.25	1	0.000471117	3.81472e-05	4.848	9.83714e-08	4.77306e-09	2.79
17:15:14	400.00	-64012.35	2	0.000789646	6.67577e-05	4.944	9.8255e-08	4.65664e-09	2.736
17:15:24	400.00	-63712.38	3	0.000316622	2.47956e-05	4.788	9.81386e-08	4.65664e-09	2.742
17:15:34	400.00	-63406.48	1	0.000471117	3.81472e-05	4.848	9.83714e-08	4.77306e-09	2.79
17:15:44	400.00	-63106.50	2	0.000789646	6.48503e-05	4.824	9.8255e-08	4.65664e-09	2.736
17:15:54	400.00	-62803.61	3	0.000316622	2.47956e-05	4.788	9.81386e-08	4.65664e-09	2.718
17:16:04	400.00	-62500.74	1	0.000471117	3.81472e-05	4.848	9.83714e-08	4.83126e-09	2.814
17:16:14	400.00	-62197.71	2	0.000787739	6.48503e-05	4.836	9.81968e-08	4.71485e-09	2.76
17:16:24	400.00	-61897.49	3	0.000316622	2.47956e-05	4.788	9.81386e-08	4.65664e-09	2.742
17:16:34	400.00	-61594.56	1	0.000471117	3.81472e-05	4.848	9.83714e-08	4.77306e-09	2.79
17:16:45	400.00	-61291.75	2	0.000787739	6.48503e-05	4.836	9.8255e-08	4.71485e-09	2.76
17:16:55	400.00	-60988.80	3	0.000316622	2.47956e-05	4.812	9.81386e-08	4.65664e-09	2.742
17:17:05	400.00	-60685.93	1	0.00046921	3.81472e-05	4.866	9.83714e-08	4.77306e-09	2.79
17:17:15	400.00	-60382.84	2	0.000785831	6.48503e-05	4.842	9.8255e-08	4.65664e-09	2.736
17:17:25	400.00	-60079.95	3	0.000316622	2.47956e-05	4.812	9.81386e-08	4.65664e-09	2.718
17:17:35	400.00	-59779.96	1	0.00046921	3.81472e-05	4.866	9.84296e-08	4.83126e-09	2.808
17:17:45	400.00	-59477.06	2	0.000785831	6.48503e-05	4.842	9.8255e-08	4.65664e-09	2.736
17:17:55	400.00	-59174.20	3	0.000316622	2.47956e-05	4.812	9.81386e-08	4.65664e-09	2.742
17:18:05	400.00	-58871.18	1	0.00046921	3.81472e-05	4.866	9.83714e-08	4.77306e-09	2.79
17:18:15	400.00	-58568.21	2	0.000783924	6.48503e-05	4.854	9.8255e-08	4.71485e-09	2.76
17:18:25	400.00	-58265.22	3	0.000316622	2.47956e-05	4.812	9.81386e-08	4.65664e-09	2.742
17:18:35	400.00	-57962.45	1	0.00046921	3.81472e-05	4.866	9.83714e-08	4.83126e-09	2.814
17:18:46	400.00	-57662.52	2	0.000783924	6.48503e-05	4.854	9.81968e-08	4.65664e-09	2.742
17:18:56	400.00	-57359.62	3	0.000316622	2.47956e-05	4.812	9.81386e-08	4.65664e-09	2.742
17:19:06	400.00	-57056.62	1	0.000467302	3.81472e-05	4.884	9.83714e-08	4.77306e-09	2.79
17:19:16	400.00	-56753.80	2	0.000782017	6.48503e-05	4.866	9.8255e-08	4.71485e-09	2.76
17:19:26	400.00	-56450.77	3	0.000314714	2.47956e-05	4.842	9.81386e-08	4.65664e-09	2.742
17:19:36	400.00	-56150.84	1	0.000467302	3.81472e-05	4.884	9.83714e-08	4.77306e-09	2.79
17:19:46	400.00	-55847.52	2	0.000782017	6.48503e-05	4.866	9.8255e-08	4.65664e-09	2.736
17:19:56	400.00	-55544.54	3	0.000314714	2.47956e-05	4.842	9.81386e-08	4.65664e-09	2.742
17:20:06	400.00	-55241.69	1	0.000467302	3.81472e-05	4.884	9.83714e-08	4.83126e-09	2.814
17:20:16	400.00	-54938.79	2	0.000780109	6.48503e-05	4.878	9.8255e-08	4.71485e-09	2.76
17:20:26	400.00	-54635.85	3	0.000314714	2.47956e-05	4.842	9.81386e-08	4.65664e-09	2.718
17:20:36	400.00	-54332.88	1	0.000467302	3.81472e-05	4.884	9.83714e-08	4.77306e-09	2.79
17:20:47	400.00	-54029.86	2	0.000780109	6.48503e-05	4.878	9.8255e-08	4.65664e-09	2.736
17:20:57	400.00	-53727.09	3	0.000314714	2.47956e-05	4.842	9.81386e-08	4.65664e-09	2.718
17:21:07	400.00	-53427.15	1	0.000465395	3.81472e-05	4.902	9.83714e-08	4.83126e-09	2.814
17:21:17	400.00	-53124.11	2	0.000780109	6.48503e-05	4.878	9.8255e-08	4.65664e-09	2.736
17:21:27	400.00	-52820.84	3	0.000314714	2.47956e-05	4.842	9.81386e-08	4.65664e-09	2.718
17:21:37	400.00	-52517.94	1	0.000465395	3.81472e-05	4.902	9.83714e-08	4.77306e-09	2.79
17:21:47	400.00	-52214.99	2	0.000778202	6.48503e-05	4.884	9.81968e-08	4.71485e-09	2.76
17:21:57	400.00	-51915.18	3	0.000312807	2.47956e-05	4.866	9.81386e-08	4.65664e-09	2.742
17:22:07	400.00	-51612.07	1	0.000465395	3.81472e-05	4.902	9.83714e-08	4.83126e-09	2.814
17:22:17	400.00	-51309.16	2	0.000778202	6.48503e-05	4.884	9.8255e-08	4.71485e-09	2.76
17:22:27	400.00	-51006.15	3	0.000312807	2.47956e-05	4.866	9.81386e-08	4.65664e-09	2.718
17:22:37	400.00	-50703.25	1	0.000465395	3.81472e-05	4.902	9.83714e-08	4.77306e-09	2.79
17:22:48	400.00	-50400.24	2	0.000778202	6.48503e-05	4.896	9.8255e-08	4.71485e-09	2.76
17:22:58	400.00	-50097.00	3	0.000312807	2.47956e-05	4.866	9.81386e-08	4.65664e-09	2.742
17:23:08	400.00	-49794.05	1	0.000465395	3.81472e-05	4.902	9.83714e-08	4.77306e-09	2.79
17:23:18	400.00	-49491.24	2	0.000778202	6.48503e-05	4.896	9.8255e-08	4.65664e-09	2.736
17:23:28	400.00	-49191.33	3	0.000312807	2.47956e-05	4.866	9.81386e-08	4.65664e-09	2.718
17:23:38	400.00	-48888.22	1	0.000463488	3.81472e-05	4.92	9.83714e-08	4.77306e-09	2.79
17:23:48	400.00	-48585.25	2	0.000778202	6.48503e-05	4.896	9.8255e-08	4.71485e-09	2.76
17:23:58	400.00	-48282.36	3	0.000312807	2.47956e-05	4.866	9.81386e-08	4.65664e-09	2.742
17:24:08	400.00	-47979.43	1	0.000463488	3.81472e-05	4.92	9.83714e-08	4.77306e-09	2.79
17:24:18	400.00	-47676.52	2	0.000778202	6.48503e-05	4.896	9.8255e-08	4.65664e-09	2.736
17:24:28	400.00	-47373.66	3	0.000312807	2.47956e-05	4.866	9.81386e-08	4.65664e-09	2.718
17:24:39	400.00	-47070.51	1	0.000463488	3.81472e-05	4.92	9.83714e-08	4.83126e-09	2.814
17:24:49	400.00	-46770.58	2	0.000776295	6.48503e-05	4.908	9.8255e-08	4.71485e-09	2.76
17:24:59	400.00	-46467.61	3	0.000312807	2.47956e-05	4.866	9.81968e-08	4.65664e-09	2.742
17:25:09	400.00	-46164.84	1	0.000463488	3.81472e-05	4.92	9.84296e-08	4.77306e-09	2.79
17:25:19	400.00	-45861.90	2	0.000776295	6.48503e-05	4.908	9.8255e-08	4.65664e-09	2.736
17:25:29	400.00	-45556.05	3	0.000312807	2.47956e-05	4.866	9.81968e-08	4.65664e-09	2.742
17:25:39	400.00	-45253.05	1	0.00046158	3.81472e-05	4.938	9.84296e-08	4.77306e-09	2.79
17:25:49	400.00	-44953.28	2	0.000776295	6.48503e-05	4.908	9.8255e-08	4.65664e-09	2.736
17:25:59	400.00	-44650.34	3	0.000312807	2.47956e-05	4.866	9.81968e-08	4.65664e-09	2.742
17:26:09	400.00	-44347.45	1	0.00046158	3.81472e-05	4.938	9.84296e-08	4.83126e-09	2.808
17:26:19	400.00	-44044.05	2	0.000776295	6.48503e-05	4.908	9.8255e-08	4.71485e-09	2.76
17:26:30	400.00	-43741.05	3	0.000312807	2.47956e-05	4.866	9.81968e-08	4.65664e-09	2.742
17:26:40	400.00	-43438.26	1	0.00046158	3.81472e-05	4.938	9.84296e-08	4.83126e-09	2.808
17:26:50	400.00	-43135.34	2	0.000776295	6.48503e-05	4.908	9.8255e-08	4.65664e-09	2.736
17:27:00	400.00	-42832.32	3	0.000312807	2.47956e-05	4.866	9.81968e-08	4.65664e-09	2.742
17:27:10	400.00	-42529.51	1	0.00046158	3.81472e-05	4.938	9.84296e-08	4.77306e-09	2.79
17:27:20	400.00	-42226.51	2	0.000774387	6.48503e-05	4.92	9.8255e-08	4.71485e-09	2.754
17:27:30	400.00	-41926.55	3	0.000312807	2.47956e-05	4.866	9.81968e-08	4.65664e-09	2.742
17:27:40	400.00	-41623.68	1	0.00046158	3.81472e-05	4.95	9.84296e-08	4.83126e-09	2.808
17:27:50	400.00	-41320.74	2	0.000774387	6.48503e-05	4.92	9.8255e-08	4.65664e-09	2.736
17:28:00	400.00	-41017.43	3	0.000312807	2.47956e-05	4.866	9.81968e-08	4.65664e-09	2.718
17:28:10	400.00	-40714.58	1	0.00046158	3.81472e-05	4.95	9.84296e-08	4.83126e-09	2.808
17:28:21	400.00	-40411.61	2	0.00077248	6.48503e-05	4.926	9.8255e-08	4.71485e-09	2.754
17:28:31	400.00	-40111.65	3	0.000312807	2.47956e-05	4.866	9.81968e-08	4.65664e-09	2.742
17:28:41	400.00	-39808.86	1	0.00046158	3.81472e-05	4.95	9.84296e-08	4.77306e-09	2.79
17:28:51	400.00	-39505.89	2	0.00077248	6.48503e-05	4.926	9.8255e-08	4.65664e-09	2.736
17:29:01	400.00	-39202.99	3	0.000312807	2.47956e-05	4.866	9.81968e-08	4.65664e-09	2.742
17:29:11	400.00	-38900.01	1	0.00046158	3.81472e-05	4.95	9.84296e-08	4.77306e-09	2.79
17:29:21	400.00	-38597.15	2	0.00077248	6.48503e-05	4.926	9.8255e-08	4.65664e-09	2.736
17:29:31	400.00	-38293.85	3	0.0003109	2.47956e-05	4.89	9.81968e-08	4.65664e-09	2.742
17:29:41	400.00	-37990.97	1	0.000459673	3.81472e-05	4.968	9.84296e-08	4.77306e-09	2.79
17:29:51	400.00	-37687.99	2	0.000770573	6.48503e-05	4.938	9.8255e-08	4.65664e-09	2.736
17:30:01	400.00	-37385.09	3	0.0003109	2.47956e-05	4.89	9.81968e-08	4.65664e-09	2.742
17:30:11	400.00	-37082.21	1	0.000459673	3.81472e-05	4.968	9.84296e-08	4.83126e-09	2.808
17:30:22	400.00	-36782.18	2	0.000770573	6.48503e-05	4.938	9.8255e-08	4.71485e-09	2.754
17:30:32	400.00	-36479.25	3	0.0003109	2.47956e-05	4.89	9.81386e-08	4.65664e-09	2.742
17:30:42	400.00	-36176.39	1	0.000459673	3.81472e-05	4.968	9.84296e-08	4.77306e-09	2.79
17:30:52	400.00	-35873.39	2	0.000770573	6.48503e-05	4.938	9.8255e-08	4.65664e-09	2.736
17:31:02	400.00	-35570.54	3	0.0003109	2.47956e-05	4.89	9.81968e-08	4.65664e-09	2.742
17:31:12	400.00	-35267.47	1	0.000459673	3.81472e-05	4.968	9.84296e-08	4.83126e-09	2.808
17:31:22	400.00	-34967.43	2	0.000768665	6.48503e-05	4.95	9.8255e-08	4.71485e-09	2.754
17:31:32	400.00	-34664.57	3	0.0003109	2.47956e-05	4.89	9.81386e-08	4.65664e-09	2.742
17:31:42	400.00	-34361.87	1	0.000457766	3.81472e-05	4.986	9.83714e-08	4.77306e-09	2.79
17:31:52	400.00	-34058.87	2	0.000768665	6.48503e-05	4.95	9.8255e-08	4.65664e-09	2.736
17:32:02	400.00	-33756.03	3	0.0003109	2.47956e-05	4.89	9.81968e-08	4.65664e-09	2.742
17:32:13	400.00	-33452.98	1	0.000457766	3.81472e-05	4.986	9.84296e-08	4.77306e-09	2.79
17:32:23	400.00	-33150.22	2	0.000768665	6.48503e-05	4.95	9.8255e-08	4.71485e-09	2.76
17:32:33	400.00	-32847.29	3	0.0003109	2.47956e-05	4.89	9.81386e-08	4.65664e-09	2.742
17:32:43	400.00	-32544.34	1	0.000457766	3.81472e-05	4.986	9.84296e-08	4.77306e-09	2.79
17:32:53	400.00	-32244.08	2	0.000766758	6.48503e-05	4.836	9.8255e-08	4.71485e-09	2.754
17:33:03	400.00	-31940.97	3	0.0003109	2.47956e-05	4.89	9.81968e-08	4.65664e-09	2.742
17:33:13	400.00	-31638.18	1	0.000457766	3.81472e-05	4.986	9.84296e-08	4.77306e-09	2.79
17:33:23	400.00	-31335.26	2	0.000766758	6.48503e-05	4.836	9.8255e-08	4.71485e-09	2.754
17:33:33	400.00	-31032.34	3	0.0003109	2.47956e-05	4.89	9.81386e-08	4.65664e-09	2.742
17:33:43	400.00	-30729.46	1	0.000455858	3.81472e-05	5.004	9.83714e-08	4.77306e-09	2.79
17:33:53	400.00	-30426.47	2	0.000766758	6.48503e-05	4.836	9.8255e-08	4.65664e-09	2.736
17:34:03	400.00	-30126.68	3	0.0003109	2.47956e-05	4.89	9.81968e-08	4.65664e-09	2.742
17:34:14	400.00	-29823.67	1	0.000455858	3.81472e-05	5.004	9.84296e-08	4.83126e-09	2.808
17:34:24	400.00	-29520.69	2	0.000766758	6.48503e-05	4.836	9.8255e-08	4.65664e-09	2.736
17:34:34	400.00	-29217.41	3	0.0003109	2.47956e-05	4.89	9.81968e-08	4.65664e-09	2.742
17:34:44	400.00	-28914.62	1	0.000455858	3.81472e-05	4.8	9.84296e-08	4.83126e-09	2.808
17:34:54	400.00	-28614.60	2	0.000766758	6.48503e-05	4.836	9.8255e-08	4.71485e-09	2.754
17:35:04	400.00	-28311.80	3	0.0003109	2.47956e-05	4.89	9.81968e-08	4.65664e-09	2.742
17:35:14	400.00	-28005.72	1	0.000455858	3.81472e-05	4.8	9.84296e-08	4.77306e-09	2.79
17:35:24	400.00	-27705.80	2	0.000766758	6.48503e-05	4.836	9.8255e-08	4.71485e-09	2.754
17:35:34	400.00	-27402.88	3	0.0003109	2.47956e-05	4.89	9.81968e-08	4.65664e-09	2.742
17:35:44	400.00	-27100.13	1	0.000453951	3.81472e-05	4.818	9.84296e-08	4.83126e-09	2.808
17:35:54	400.00	-26797.06	2	0.000766758	6.48503e-05	4.836	9.8255e-08	4.71485e-09	2.754
17:36:04	400.00	-26493.82	3	0.000312807	2.47956e-05	4.866	9.81968e-08	4.65664e-09	2.742
17:36:15	400.00	-26193.89	1	0.000453951	3.81472e-05	4.818	9.84296e-08	4.77306e-09	2.79
17:36:25	400.00	-25888.00	2	0.000766758	6.48503e-05	4.836	9.8255e-08	4.71485e-09	2.754
17:36:35	400.00	-25588.05	3	0.000312807	2.47956e-05	4.866	9.81968e-08	4.65664e-09	2.742
17:36:45	400.00	-25285.11	1	0.000453951	3.81472e-05	4.818	9.84296e-08	4.83126e-09	2.808
17:36:55	400.00	-24982.08	2	0.000764851	6.48503e-05	4.848	9.8255e-08	4.71485e-09	2.754
17:37:05	400.00	-24679.25	3	0.000312807	2.47956e-05	4.866	9.81968e-08	4.65664e-09	2.742
17:37:15	400.00	-24376.27	1	0.000453951	3.81472e-05	4.818	9.84878e-08	4.83126e-09	2.808
17:37:25	400.00	-24073.36	2	0.000764851	6.48503e-05	4.848	9.8255e-08	4.71485e-09	2.754
17:37:35	400.00	-23773.59	3	0.000312807	2.47956e-05	4.866	9.81968e-08	4.65664e-09	2.742
17:37:45	400.00	-23470.51	1	0.000452043	3.81472e-05	4.836	9.84296e-08	4.77306e-09	2.79
17:37:55	400.00	-23167.49	2	0.000764851	6.48503e-05	4.848	9.8255e-08	4.71485e-09	2.754
17:38:05	400.00	-22864.56	3	0.000312807	2.47956e-05	4.866	9.81968e-08	4.65664e-09	2.742
17:38:16	400.00	-22561.85	1	0.000452043	3.81472e-05	4.836	9.84296e-08	4.83126e-09	2.808
17:38:26	400.00	-22258.80	2	0.000764851	6.48503e-05	4.848	9.8255e-08	4.71485e-09	2.754
17:38:36	400.00	-21952.98	3	0.000314714	2.47956e-05	4.842	9.81968e-08	4.65664e-09	2.742
17:38:46	400.00	-21650.07	1	0.000452043	3.81472e-05	4.836	9.84296e-08	4.83126e-09	2.808
17:38:56	400.00	-21347.16	2	0.000764851	6.48503e-05	4.848	9.8255e-08	4.71485e-09	2.76
17:39:06	400.00	-21044.27	3	0.000314714	2.47956e-05	4.842	9.81968e-08	4.65664e-09	2.718
17:39:16	400.00	-20741.29	1	0.000450136	3.81472e-05	4.854	9.84296e-08	4.77306e-09	2.79
17:39:26	400.00	-20440.97	2	0.000764851	6.48503e-05	4.848	9.8255e-08	4.71485e-09	2.754
17:39:36	400.00	-20137.92	3	0.000314714	2.47956e-05	4.842	9.81968e-08	4.65664e-09	2.742
17:39:46	400.00	-19835.13	1	0.000450136	3.81472e-05	4.854	9.84296e-08	4.83126e-09	2.808
17:39:57	400.00	-19532.09	2	0.000764851	6.48503e-05	4.848	9.8255e-08	4.65664e-09	2.736
17:40:07	400.00	-19229.22	3	0.000314714	2.47956e-05	4.842	9.81968e-08	4.65664e-09	2.742
17:40:17	400.00	-18926.32	1	0.000450136	3.81472e-05	4.854	9.84296e-08	4.83126e-09	2.808
17:40:27	400.00	-18623.45	2	0.000764851	6.48503e-05	4.848	9.83132e-08	4.71485e-09	2.754
17:40:37	400.00	-18320.46	3	0.000314714	2.47956e-05	4.842	9.81968e-08	4.65664e-09	2.742
17:40:47	400.00	-18017.49	1	0.000450136	3.81472e-05	4.854	9.84296e-08	4.83126e-09	2.808
17:40:57	400.00	-17717.54	2	0.000764851	6.48503e-05	4.848	9.8255e-08	4.65664e-09	2.736
17:41:07	400.00	-17414.41	3	0.000316622	2.47956e-05	4.812	9.81968e-08	4.65664e-09	2.742
17:41:17	400.00	-17111.44	1	0.000448229	3.81472e-05	4.872	9.84296e-08	4.83126e-09	2.808
17:41:27	400.00	-16808.39	2	0.000764851	6.48503e-05	4.848	9.8255e-08	4.71485e-09	2.754
17:41:37	400.00	-16508.57	3	0.000316622	2.47956e-05	4.812	9.81968e-08	4.65664e-09	2.742
17:41:48	400.00	-16202.57	1	0.000448229	3.81472e-05	4.872	9.84296e-08	4.83126e-09	2.808
17:41:58	400.00	-15899.67	2	0.000764851	6.48503e-05	4.848	9.8255e-08	4.65664e-09	2.736
17:42:08	400.00	-15599.86	3	0.000316622	2.47956e-05	4.812	9.81968e-08	4.65664e-09	2.742
17:42:18	400.00	-15296.87	1	0.000448229	3.81472e-05	4.872	9.84296e-08	4.83126e-09	2.808
17:42:28	400.00	-14993.91	2	0.000764851	6.48503e-05	4.848	9.8255e-08	4.71485e-09	2.754
17:42:38	400.00	-14690.66	3	0.000316622	2.47956e-05	4.788	9.81968e-08	4.65664e-09	2.718
17:42:48	400.00	-14387.66	1	0.000448229	3.81472e-05	4.89	9.84296e-08	4.77306e-09	2.79
17:42:58	400.00	-14084.74	2	0.000764851	6.48503e-05	4.848	9.8255e-08	4.71485e-09	2.754
17:43:08	400.00	-13781.85	3	0.000316622	2.47956e-05	4.788	9.81968e-08	4.65664e-09	2.742
17:43:18	400.00	-13478.92	1	0.000448229	3.81472e-05	4.89	9.84296e-08	4.83126e-09	2.808
17:43:28	400.00	-13178.91	2	0.000764851	6.48503e-05	4.848	9.8255e-08	4.65664e-09	2.736
17:43:39	400.00	-12873.04	3	0.000316622	2.47956e-05	4.788	9.81968e-08	4.65664e-09	2.742
17:43:49	400.00	-12570.04	1	0.000448229	3.81472e-05	4.89	9.84296e-08	4.83126e-09	2.808
17:43:59	400.00	-12270.22	2	0.000764851	6.48503e-05	4.848	9.8255e-08	4.71485e-09	2.754
17:44:09	400.00	-11967.35	3	0.000316622	2.47956e-05	4.788	9.81386e-08	4.65664e-09	2.742
17:44:19	400.00	-11664.26	1	0.000448229	3.81472e-05	4.89	9.84296e-08	4.83126e-09	2.808
17:44:29	400.00	-11361.27	2	0.000764851	6.48503e-05	4.848	9.8255e-08	4.65664e-09	2.736
17:44:39	400.00	-11058.50	3	0.000318529	2.47956e-05	4.764	9.81968e-08	4.65664e-09	2.742
17:44:49	400.00	-10755.53	1	0.000446321	3.81472e-05	4.908	9.84296e-08	4.83126e-09	2.808
17:44:59	400.00	-10455.49	2	0.000764851	6.48503e-05	4.848	9.8255e-08	4.71485e-09	2.754
17:45:09	400.00	-10152.68	3	0.000318529	2.47956e-05	4.764	9.81968e-08	4.65664e-09	2.742
17:45:19	400.00	-9849.67	1	0.000446321	3.81472e-05	4.908	9.84296e-08	4.77306e-09	2.79
17:45:29	400.00	-9546.97	2	0.000764851	6.48503e-05	4.848	9.8255e-08	4.71485e-09	2.754
17:45:40	400.00	-9243.88	3	0.000318529	2.47956e-05	4.764	9.81968e-08	4.65664e-09	2.742
17:45:50	400.00	-8940.90	1	0.000446321	3.81472e-05	4.908	9.84296e-08	4.77306e-09	2.79
17:46:00	400.00	-8640.72	2	0.000764851	6.48503e-05	4.848	9.8255e-08	4.71485e-09	2.76
17:46:10	400.00	-8337.66	3	0.000318529	2.47956e-05	4.764	9.81968e-08	4.65664e-09	2.742
17:46:20	400.00	-8031.85	1	0.000446321	3.81472e-05	4.908	9.84296e-08	4.77306e-09	2.79
17:46:30	400.00	-7731.87	2	0.000764851	6.48503e-05	4.848	9.8255e-08	4.71485e-09	2.754
17:46:40	400.00	-7428.92	3	0.000320436	2.6703e-05	5.034	9.81968e-08	4.65664e-09	2.742
17:46:50	400.00	-7126.06	1	0.000444414	3.81472e-05	4.926	9.83714e-08	4.83126e-09	2.814
17:47:00	400.00	-6823.08	2	0.000764851	6.48503e-05	4.854	9.8255e-08	4.71485e-09	2.754
17:47:10	400.00	-6520.19	3	0.000320436	2.47956e-05	4.74	9.81968e-08	4.65664e-09	2.742
17:47:20	400.00	-6220.32	1	0.000444414	3.81472e-05	4.926	9.84296e-08	4.83126e-09	2.808
17:47:30	400.00	-5914.28	2	0.000764851	6.48503e-05	4.854	9.8255e-08	4.71485e-09	2.76
17:47:41	400.00	-5614.01	3	0.000320436	2.6703e-05	5.034	9.81386e-08	4.65664e-09	2.742
17:47:51	400.00	-5311.01	1	0.000444414	3.81472e-05	4.926	9.84296e-08	4.77306e-09	2.79
17:48:01	400.00	-5008.12	2	0.000764851	6.48503e-05	4.848	9.8255e-08	4.71485e-09	2.754
17:48:11	400.00	-4708.19	3	0.000320436	2.6703e-05	5.034	9.81968e-08	4.65664e-09	2.742
17:48:21	400.00	-4405.21	1	0.000444414	3.81472e-05	4.926	9.83714e-08	4.83126e-09	2.814
17:48:31	400.00	-4102.30	2	0.000764851	6.48503e-05	4.854	9.8255e-08	4.71485e-09	2.754
17:48:41	400.00	-3799.44	3	0.000320436	2.6703e-05	5.034	9.81968e-08	4.65664e-09	2.742
17:48:51	400.00	-3496.52	1	0.000442507	3.81472e-05	4.944	9.84296e-08	4.83126e-09	2.808
17:49:01	400.00	-3193.53	2	0.000764851	6.48503e-05	4.848	9.8255e-08	4.71485e-09	2.754
17:49:11	400.00	-2890.26	3	0.000322344	2.6703e-05	5.01	9.81386e-08	4.65664e-09	2.742
17:49:21	400.00	-2587.27	1	0.000442507	3.81472e-05	4.944	9.84296e-08	4.83126e-09	2.808
17:49:31	400.00	-2287.28	2	0.000764851	6.48503e-05	4.854	9.8255e-08	4.65664e-09	2.736
17:49:42	400.00	-1984.46	3	0.000322344	2.6703e-05	5.01	9.81968e-08	4.65664e-09	2.742
17:49:52	400.00	-1681.39	1	0.000442507	3.81472e-05	4.944	9.84296e-08	4.83126e-09	2.808
17:50:02	400.00	-1378.39	2	0.000764851	6.48503e-05	4.848	9.8255e-08	4.71485e-09	2.76
17:50:12	400.00	-1075.45	3	0.000322344	2.6703e-05	5.01	9.81386e-08	4.65664e-09	2.742
17:50:22	400.00	-772.56	1	0.000440599	3.81472e-05	4.962	9.84296e-08	4.77306e-09	2.79
17:50:32	400.00	-472.65	2	0.000764851	6.48503e-05	4.848	9.8255e-08	4.71485e-09	2.754
17:50:42	400.00	-166.75	3	0.000322344	2.6703e-05	5.01	9.81968e-08	4.71485e-09	2.76
17:50:52	400.00	133.27	1	0.000440599	3.81472e-05	4.962	9.84296e-08	4.83126e-09	2.808
17:51:02	400.00	436.18	2	0.000764851	6.48503e-05	4.854	9.8255e-08	4.71485e-09	2.76
17:51:12	400.00	738.91	3	0.000322344	2.6703e-05	5.01	9.81968e-08	4.65664e-09	2.742
17:51:22	400.00	1041.85	1	0.000440599	3.81472e-05	4.962	9.84296e-08	4.83126e-09	2.808
17:51:32	400.00	1344.73	2	0.000764851	6.48503e-05	4.854	9.8255e-08	4.71485e-09	2.76
17:51:43	400.00	1644.56	3	0.000324251	2.6703e-05	4.98	9.81386e-08	4.65664e-09	2.742
17:51:53	400.00	1948.23	1	0.000440599	3.81472e-05	4.962	9.84296e-08	4.77306e-09	2.79
17:52:03	400.00	2250.69	2	0.000764851	6.48503e-05	4.854	9.8255e-08	4.71485e-09	2.754
17:52:13	400.00	2553.22	3	0.000324251	2.6703e-05	4.98	9.81386e-08	4.65664e-09	2.742
17:52:23	400.00	2856.00	1	0.000438692	3.81472e-05	4.98	9.83714e-08	4.83126e-09	2.814
17:52:33	400.00	3159.29	2	0.000764851	6.48503e-05	4.848	9.8255e-08	4.65664e-09	2.736
17:52:43	400.00	3462.20	3	0.000326158	2.6703e-05	4.956	9.81386e-08	4.65664e-09	2.742
17:52:53	400.00	3761.94	1	0.000438692	3.81472e-05	4.98	9.84296e-08	4.83126e-09	2.808
17:53:03	400.00	4065.05	2	0.000764851	6.48503e-05	4.848	9.8255e-08	4.71485e-09	2.76
17:53:13	400.00	4367.99	3	0.000326158	2.6703e-05	4.956	9.81386e-08	4.65664e-09	2.742
17:53:23	400.00	4670.98	1	0.000438692	3.81472e-05	4.98	9.84296e-08	4.77306e-09	2.79
17:53:33	400.00	4974.01	2	0.000764851	6.48503e-05	4.848	9.8255e-08	4.71485e-09	2.754
17:53:44	400.00	5273.88	3	0.000328066	2.6703e-05	4.932	9.81968e-08	4.65664e-09	2.742
17:53:54	400.00	5580.10	1	0.000438692	3.81472e-05	4.98	9.83714e-08	4.83126e-09	2.814
17:54:04	400.00	5879.89	2	0.000764851	6.48503e-05	4.848	9.8255e-08	4.65664e-09	2.736
17:54:14	400.00	6183.23	3	0.000328066	2.6703e-05	4.932	9.81968e-08	4.65664e-09	2.742
17:54:24	400.00	6486.11	1	0.000436785	3.81472e-05	4.998	9.84296e-08	4.83126e-09	2.808
17:54:34	400.00	6789.07	2	0.000764851	6.48503e-05	4.848	9.8255e-08	4.71485e-09	2.754
17:54:44	400.00	7092.02	3	0.000328066	2.6703e-05	4.932	9.81386e-08	4.65664e-09	2.742
17:54:54	400.00	7394.93	1	0.000436785	3.81472e-05	4.998	9.84296e-08	4.83126e-09	2.808
17:55:04	400.00	7694.99	2	0.000764851	6.48503e-05	4.848	9.8255e-08	4.71485e-09	2.754
17:55:14	400.00	7997.83	3	0.000328066	2.6703e-05	4.932	9.81386e-08	4.65664e-09	2.742
17:55:24	400.00	8300.75	1	0.000436785	3.81472e-05	4.998	9.83714e-08	4.83126e-09	2.814
17:55:34	400.00	8603.76	2	0.000764851	6.48503e-05	4.848	9.8255e-08	4.65664e-09	2.736
17:55:45	400.00	8907.01	3	0.000329973	2.6703e-05	4.908	9.81968e-08	4.65664e-09	2.742
17:55:55	400.00	9209.65	1	0.000436785	3.81472e-05	4.998	9.84296e-08	4.83126e-09	2.808
17:56:05	400.00	9509.96	2	0.000764851	6.48503e-05	4.848	9.8255e-08	4.71485e-09	2.778
17:56:15	400.00	9812.86	3	0.000329973	2.6703e-05	4.908	9.81386e-08	4.65664e-09	2.742
17:56:25	400.00	10115.80	1	0.000434877	3.81472e-05	5.016	9.83714e-08	4.77306e-09	2.79
17:56:35	400.00	10418.79	2	0.000764851	6.48503e-05	4.848	9.8255e-08	4.71485e-09	2.754
17:56:45	400.00	10721.75	3	0.000329973	2.6703e-05	4.884	9.81968e-08	4.65664e-09	2.742
17:56:55	400.00	11021.68	1	0.000434877	3.81472e-05	5.016	9.84296e-08	4.83126e-09	2.808
17:57:05	400.00	11327.50	2	0.000766758	6.48503e-05	4.836	9.8255e-08	4.71485e-09	2.754
17:57:15	400.00	11630.47	3	0.000329973	2.6703e-05	4.884	9.81968e-08	4.65664e-09	2.742
17:57:25	400.00	11930.49	1	0.000434877	3.62399e-05	4.8	9.84296e-08	4.83126e-09	2.808
17:57:36	400.00	12233.52	2	0.000766758	6.48503e-05	4.836	9.8255e-08	4.71485e-09	2.754
17:57:46	400.00	12536.36	3	0.000329973	2.6703e-05	4.884	9.81968e-08	4.65664e-09	2.742
17:57:56	400.00	12839.26	1	0.000434877	3.62399e-05	4.8	9.84296e-08	4.83126e-09	2.808
17:58:06	400.00	13142.24	2	0.000766758	6.48503e-05	4.836	9.8255e-08	4.71485e-09	2.754
17:58:16	400.00	13445.08	3	0.000329973	2.6703e-05	4.884	9.81386e-08	4.65664e-09	2.742
17:58:26	400.00	13748.22	1	0.000434877	3.62399e-05	4.818	9.84296e-08	4.83126e-09	2.808
17:58:36	400.00	14048.05	2	0.000764851	6.48503e-05	4.848	9.8255e-08	4.71485e-09	2.754
17:58:46	400.00	14351.07	3	0.000329973	2.6703e-05	4.884	9.81386e-08	4.65664e-09	2.742
17:58:56	400.00	14654.01	1	0.000434877	3.62399e-05	4.818	9.83714e-08	4.83126e-09	2.814
17:59:06	400.00	14957.20	2	0.000764851	6.48503e-05	4.848	9.8255e-08	4.71485e-09	2.754
17:59:16	400.00	15260.34	3	0.000331881	2.6703e-05	4.86	9.81968e-08	4.65664e-09	2.742
17:59:26	400.00	15563.21	1	0.000434877	3.62399e-05	4.818	9.84296e-08	4.83126e-09	2.808
17:59:37	400.00	15863.11	2	0.000766758	6.48503e-05	4.836	9.8255e-08	4.71485e-09	2.754
17:59:47	400.00	16169.13	3	0.000331881	2.6703e-05	4.86	9.81968e-08	4.65664e-09	2.742
17:59:57	400.00	16469.11	1	0.000434877	3.62399e-05	4.818	9.84296e-08	4.83126e-09	2.808
18:00:07	400.00	16775.02	2	0.000764851	6.48503e-05	4.848	9.8255e-08	4.71485e-09	2.754
18:00:17	400.00	17074.93	3	0.000331881	2.6703e-05	4.86	9.81386e-08	4.65664e-09	2.742
18:00:27	400.00	17377.85	1	0.000434877	3.62399e-05	4.818	9.84296e-08	4.83126e-09	2.808
18:00:37	400.00	17680.90	2	0.000766758	6.48503e-05	4.836	9.8255e-08	4.65664e-09	2.736
18:00:47	400.00	17984.09	3	0.000333788	2.6703e-05	4.836	9.81968e-08	4.65664e-09	2.742
18:00:57	400.00	18283.96	1	0.00043297	3.62399e-05	4.836	9.84296e-08	4.83126e-09	2.808
18:01:07	400.00	18590.04	2	0.000766758	6.48503e-05	4.836	9.8255e-08	4.71485e-09	2.76
18:01:17	400.00	18889.97	3	0.000333788	2.6703e-05	4.836	9.81968e-08	4.65664e-09	2.718
18:01:27	400.00	19192.98	1	0.00043297	3.62399e-05	4.836	9.84296e-08	4.83126e-09	2.808
18:01:38	400.00	19495.93	2	0.000766758	6.48503e-05	4.836	9.8255e-08	4.71485e-09	2.778
18:01:48	400.00	19798.84	3	0.000335695	2.6703e-05	4.812	9.81386e-08	4.65664e-09	2.742
18:01:58	400.00	20101.70	1	0.00043297	3.62399e-05	4.836	9.83714e-08	4.83126e-09	2.814
18:02:08	400.00	20404.70	2	0.000766758	6.48503e-05	4.836	9.8255e-08	4.71485e-09	2.76
18:02:18	400.00	20707.88	3	0.000335695	2.6703e-05	4.812	9.81968e-08	4.65664e-09	2.742
18:02:28	400.00	21010.93	1	0.000431063	3.62399e-05	4.854	9.84296e-08	4.83126e-09	2.808
18:02:38	400.00	21310.83	2	0.000768665	6.48503e-05	4.95	9.8255e-08	4.71485e-09	2.76
18:02:48	400.00	21613.72	3	0.000337603	2.6703e-05	4.788	9.81386e-08	4.65664e-09	2.742
18:02:58	400.00	21916.72	1	0.000431063	3.62399e-05	4.854	9.84296e-08	4.77306e-09	2.79
18:03:08	400.00	22216.71	2	0.000768665	6.48503e-05	4.95	9.8255e-08	4.71485e-09	2.76
18:03:18	400.00	22519.60	3	0.000337603	2.6703e-05	4.788	9.81386e-08	4.65664e-09	2.742
18:03:29	400.00	22825.64	1	0.000431063	3.62399e-05	4.854	9.83714e-08	4.77306e-09	2.79
18:03:39	400.00	23125.49	2	0.000768665	6.48503e-05	4.95	9.8255e-08	4.71485e-09	2.76
18:03:49	400.00	23428.45	3	0.00033951	2.6703e-05	4.764	9.81386e-08	4.65664e-09	2.718
18:03:59	400.00	23731.43	1	0.000431063	3.62399e-05	4.854	9.84296e-08	4.83126e-09	2.808
18:04:09	400.00	24034.52	2	0.000768665	6.48503e-05	4.95	9.8255e-08	4.71485e-09	2.76
18:04:19	400.00	24334.34	3	0.00033951	2.6703e-05	4.764	9.81386e-08	4.65664e-09	2.742
18:04:29	400.00	24640.33	1	0.000429155	3.62399e-05	4.872	9.84296e-08	4.77306e-09	2.79
18:04:39	400.00	24940.31	2	0.000770573	6.48503e-05	4.938	9.83132e-08	4.71485e-09	2.754
18:04:49	400.00	25243.17	3	0.000341417	2.86103e-05	5.016	9.81968e-08	4.71485e-09	2.76
18:04:59	400.00	25546.24	1	0.000429155	3.62399e-05	4.872	9.84296e-08	4.83126e-09	2.808
18:05:09	400.00	25849.04	2	0.000770573	6.48503e-05	4.938	9.8255e-08	4.65664e-09	2.736
18:05:19	400.00	26152.07	3	0.000341417	2.86103e-05	5.016	9.81968e-08	4.65664e-09	2.742
18:05:30	400.00	26452.15	1	0.000429155	3.62399e-05	4.872	9.84296e-08	4.83126e-09	2.808
18:05:40	400.00	26758.46	2	0.000770573	6.48503e-05	4.938	9.8255e-08	4.71485e-09	2.754
18:05:50	400.00	27058.46	3	0.000341417	2.86103e-05	5.016	9.81968e-08	4.65664e-09	2.742
18:06:00	400.00	27361.34	1	0.000429155	3.62399e-05	4.872	9.84296e-08	4.83126e-09	2.808
18:06:10	400.00	27664.29	2	0.000770573	6.48503e-05	4.938	9.8255e-08	4.71485e-09	2.754
18:06:20	400.00	27967.37	3	0.000341417	2.86103e-05	4.992	9.81386e-08	4.65664e-09	2.742
18:06:30	400.00	28270.17	1	0.000427248	3.62399e-05	4.896	9.84296e-08	4.83126e-09	2.808
18:06:40	400.00	28573.30	2	0.000770573	6.48503e-05	4.938	9.8255e-08	4.71485e-09	2.754
18:06:50	400.00	28876.18	3	0.000341417	2.86103e-05	4.992	9.81968e-08	4.65664e-09	2.742
18:07:00	400.00	29176.09	1	0.000427248	3.62399e-05	4.896	9.84296e-08	4.83126e-09	2.808
18:07:10	400.00	29479.18	2	0.000770573	6.48503e-05	4.938	9.8255e-08	4.65664e-09	2.736
18:07:20	400.00	29782.39	3	0.000341417	2.86103e-05	4.992	9.81386e-08	4.65664e-09	2.742
18:07:31	400.00	30085.37	1	0.000427248	3.62399e-05	4.896	9.84296e-08	4.83126e-09	2.808
18:07:41	400.00	30388.41	2	0.000770573	6.48503e-05	4.938	9.8255e-08	4.71485e-09	2.754
18:07:51	400.00	30691.27	3	0.000341417	2.86103e-05	4.992	9.81968e-08	4.65664e-09	2.742
18:08:01	400.00	30994.20	1	0.000427248	3.62399e-05	4.896	9.84878e-08	4.83126e-09	2.808
18:08:11	400.00	31297.18	2	0.000770573	6.48503e-05	4.938	9.8255e-08	4.65664e-09	2.736
18:08:21	400.00	31597.11	3	0.000341417	2.86103e-05	4.992	9.8255e-08	4.65664e-09	2.742
18:08:31	400.00	31900.06	1	0.000427248	3.62399e-05	4.896	9.84878e-08	4.83126e-09	2.808
18:08:41	400.00	32203.08	2	0.000770573	6.48503e-05	4.938	9.83132e-08	4.71485e-09	2.754
18:08:51	400.00	32506.43	3	0.000343325	2.86103e-05	4.968	9.81968e-08	4.65664e-09	2.742
18:09:01	400.00	32809.36	1	0.000427248	3.62399e-05	4.896	9.84878e-08	4.83126e-09	2.808
18:09:11	400.00	33112.29	2	0.000770573	6.48503e-05	4.938	9.83132e-08	4.71485e-09	2.754
18:09:21	400.00	33415.14	3	0.000343325	2.86103e-05	4.968	9.81968e-08	4.65664e-09	2.742
18:09:32	400.00	33715.22	1	0.000425341	3.62399e-05	4.914	9.84878e-08	4.83126e-09	2.808
18:09:42	400.00	34018.36	2	0.000770573	6.48503e-05	4.938	9.8255e-08	4.71485e-09	2.754
18:09:52	400.00	34321.17	3	0.000343325	2.86103e-05	4.968	9.81968e-08	4.65664e-09	2.742
18:10:02	400.00	34624.10	1	0.000425341	3.62399e-05	4.914	9.84878e-08	4.83126e-09	2.808
18:10:12	400.00	34927.16	2	0.00077248	6.48503e-05	4.926	9.8255e-08	4.71485e-09	2.754
18:10:22	400.00	35229.96	3	0.000345232	2.86103e-05	4.944	9.81968e-08	4.65664e-09	2.742
18:10:32	400.00	35533.12	1	0.000425341	3.62399e-05	4.914	9.84878e-08	4.83126e-09	2.808
18:10:42	400.00	35833.16	2	0.00077248	6.48503e-05	4.926	9.83132e-08	4.71485e-09	2.754
18:10:52	400.00	36135.77	3	0.000345232	2.86103e-05	4.944	9.81968e-08	4.65664e-09	2.742
18:11:02	400.00	36439.00	1	0.000423433	3.62399e-05	4.932	9.84296e-08	4.83126e-09	2.808
18:11:12	400.00	36741.89	2	0.00077248	6.48503e-05	4.926	9.8255e-08	4.71485e-09	2.754
18:11:22	400.00	37044.71	3	0.000345232	2.86103e-05	4.944	9.8255e-08	4.65664e-09	2.736
18:11:33	400.00	37344.76	1	0.000423433	3.62399e-05	4.932	9.84878e-08	4.83126e-09	2.808
18:11:43	400.00	37647.58	2	0.00077248	6.48503e-05	4.926	9.83132e-08	4.71485e-09	2.754
18:11:53	400.00	37950.62	3	0.000347139	2.86103e-05	4.92	9.81968e-08	4.65664e-09	2.742
18:12:03	400.00	38253.66	1	0.000423433	3.62399e-05	4.932	9.84878e-08	4.83126e-09	2.808
18:12:13	400.00	38556.95	2	0.00077248	6.48503e-05	4.926	9.83132e-08	4.71485e-09	2.754
18:12:23	400.00	38860.02	3	0.000347139	2.86103e-05	4.92	9.8255e-08	4.65664e-09	2.736
18:12:33	400.00	39159.77	1	0.000423433	3.62399e-05	4.932	9.84878e-08	4.83126e-09	2.808
18:12:43	400.00	39465.81	2	0.00077248	6.48503e-05	4.926	9.8255e-08	4.71485e-09	2.754
18:12:53	400.00	39765.82	3	0.000349047	2.86103e-05	4.902	9.81968e-08	4.65664e-09	2.742
18:13:03	400.00	40068.61	1	0.000423433	3.62399e-05	4.932	9.84296e-08	4.83126e-09	2.808
18:13:13	400.00	40371.68	2	0.00077248	6.48503e-05	4.926	9.83132e-08	4.71485e-09	2.754
18:13:23	400.00	40674.54	3	0.000349047	2.86103e-05	4.902	9.8255e-08	4.65664e-09	2.736
18:13:34	400.00	40977.56	1	0.000423433	3.62399e-05	4.932	9.84296e-08	4.83126e-09	2.808
18:13:44	400.00	41280.66	2	0.00077248	6.48503e-05	4.926	9.8255e-08	4.71485e-09	2.754
18:13:54	400.00	41583.80	3	0.000349047	2.86103e-05	4.902	9.81968e-08	4.65664e-09	2.742
18:14:04	400.00	41883.73	1	0.000421526	3.62399e-05	4.95	9.84878e-08	4.83126e-09	2.808
18:14:14	400.00	42189.75	2	0.000774387	6.48503e-05	4.92	9.83132e-08	4.71485e-09	2.754
18:14:24	400.00	42489.63	3	0.000350954	2.86103e-05	4.878	9.8255e-08	4.65664e-09	2.736
18:14:34	400.00	42792.58	1	0.000421526	3.62399e-05	4.95	9.84878e-08	4.83126e-09	2.826
18:14:44	400.00	43095.54	2	0.000774387	6.48503e-05	4.92	9.8255e-08	4.71485e-09	2.754
18:14:54	400.00	43398.50	3	0.000350954	2.86103e-05	4.878	9.81968e-08	4.65664e-09	2.742
18:15:04	400.00	43701.27	1	0.000421526	3.62399e-05	4.95	9.84878e-08	4.83126e-09	2.808
18:15:14	400.00	44001.41	2	0.000774387	6.48503e-05	4.92	9.83132e-08	4.71485e-09	2.754
18:15:25	400.00	44307.72	3	0.000352861	2.86103e-05	4.854	9.81968e-08	4.65664e-09	2.742
18:15:35	400.00	44607.62	1	0.000421526	3.62399e-05	4.968	9.84296e-08	4.83126e-09	2.808
18:15:45	400.00	44910.62	2	0.000774387	6.48503e-05	4.92	9.8255e-08	4.71485e-09	2.754
18:15:55	400.00	45216.44	3	0.000352861	2.86103e-05	4.854	9.81968e-08	4.71485e-09	2.76
18:16:05	400.00	45519.43	1	0.000421526	3.62399e-05	4.968	9.84878e-08	4.83126e-09	2.808
18:16:15	400.00	45822.54	2	0.000774387	6.48503e-05	4.92	9.8255e-08	4.71485e-09	2.754
18:16:25	400.00	46125.41	3	0.000352861	2.86103e-05	4.854	9.81968e-08	4.65664e-09	2.742
18:16:35	400.00	46428.34	1	0.000421526	3.62399e-05	4.968	9.84878e-08	4.83126e-09	2.808
18:16:45	400.00	46728.32	2	0.000776295	6.48503e-05	4.908	9.83132e-08	4.65664e-09	2.736
18:16:55	400.00	47031.16	3	0.000354769	2.86103e-05	4.83	9.81968e-08	4.65664e-09	2.742
18:17:06	400.00	47334.38	1	0.000421526	3.62399e-05	4.968	9.84878e-08	4.83126e-09	2.808
18:17:16	400.00	47637.37	2	0.000776295	6.48503e-05	4.908	9.8255e-08	4.71485e-09	2.754
18:17:26	400.00	47940.02	3	0.000354769	2.86103e-05	4.83	9.81968e-08	4.65664e-09	2.742
18:17:36	400.00	48243.06	1	0.000421526	3.62399e-05	4.968	9.84878e-08	4.83126e-09	2.808
18:17:46	400.00	48546.12	2	0.000776295	6.48503e-05	4.908	9.83132e-08	4.71485e-09	2.754
18:17:56	400.00	48848.88	3	0.000354769	2.86103e-05	4.83	9.81968e-08	4.71485e-09	2.76
18:18:06	400.00	49148.98	1	0.000421526	3.62399e-05	4.968	9.84296e-08	4.83126e-09	2.808
18:18:16	400.00	49451.82	2	0.000776295	6.48503e-05	4.908	9.8255e-08	4.71485e-09	2.754
18:18:26	400.00	49757.82	3	0.000354769	2.86103e-05	4.83	9.81968e-08	4.65664e-09	2.742
18:18:36	400.00	50057.79	1	0.000419619	3.62399e-05	4.992	9.84296e-08	4.83126e-09	2.808
18:18:46	400.00	50361.05	2	0.000776295	6.48503e-05	4.908	9.8255e-08	4.71485e-09	2.754
18:18:56	400.00	50664.18	3	0.000354769	2.86103e-05	4.806	9.81968e-08	4.65664e-09	2.742
18:19:07	400.00	50966.98	1	0.000419619	3.62399e-05	4.992	9.84878e-08	4.83126e-09	2.808
18:19:17	400.00	51267.04	2	0.000776295	6.48503e-05	4.908	9.83132e-08	4.71485e-09	2.754
18:19:27	400.00	51572.93	3	0.000354769	2.86103e-05	4.806	9.8255e-08	4.65664e-09	2.718
18:19:37	400.00	51875.87	1	0.000419619	3.62399e-05	4.992	9.84878e-08	4.77306e-09	2.79
18:19:47	400.00	52178.84	2	0.000776295	6.48503e-05	4.908	9.83132e-08	4.71485e-09	2.754
18:19:57	400.00	52481.77	3	0.000356676	2.86103e-05	4.788	9.81968e-08	4.65664e-09	2.742
18:20:07	400.00	52781.75	1	0.000419619	3.62399e-05	4.992	9.84296e-08	4.83126e-09	2.808
18:20:17	400.00	53085.02	2	0.000776295	6.48503e-05	4.908	9.8255e-08	4.71485e-09	2.754
18:20:27	400.00	53388.00	3	0.000356676	2.86103e-05	4.788	9.81968e-08	4.65664e-09	2.742
18:20:37	400.00	53690.99	1	0.000419619	3.62399e-05	4.992	9.84878e-08	4.83126e-09	2.808
18:20:47	400.00	53993.97	2	0.000778202	6.48503e-05	4.896	9.8255e-08	4.71485e-09	2.754
18:20:58	400.00	54293.84	3	0.000358583	2.86103e-05	4.764	9.81968e-08	4.65664e-09	2.742
18:21:08	400.00	54596.91	1	0.000417711	3.62399e-05	5.01	9.84296e-08	4.83126e-09	2.808
18:21:18	400.00	54899.75	2	0.000778202	6.48503e-05	4.896	9.8255e-08	4.65664e-09	2.736
18:21:28	400.00	55205.78	3	0.000358583	3.05178e-05	5.028	9.8255e-08	4.65664e-09	2.736
18:21:38	400.00	55505.52	1	0.000417711	3.62399e-05	5.01	9.84878e-08	4.83126e-09	2.808
18:21:48	400.00	55808.63	2	0.000778202	6.48503e-05	4.896	9.83132e-08	4.71485e-09	2.754
18:21:58	400.00	56112.01	3	0.000360491	3.05178e-05	5.004	9.81968e-08	4.65664e-09	2.742
18:22:08	400.00	56414.81	1	0.000417711	3.62399e-05	5.01	9.84878e-08	4.77306e-09	2.79
18:22:18	400.00	56717.87	2	0.000778202	6.48503e-05	4.896	9.8255e-08	4.71485e-09	2.754
18:22:28	400.00	57020.57	3	0.000360491	3.05178e-05	5.004	9.81968e-08	4.65664e-09	2.742
18:22:38	400.00	57320.57	1	0.000417711	3.62399e-05	5.01	9.84878e-08	4.83126e-09	2.808
18:22:49	400.00	57626.77	2	0.000778202	6.48503e-05	4.884	9.83132e-08	4.71485e-09	2.754
18:22:59	400.00	57926.62	3	0.000360491	3.05178e-05	5.004	9.81968e-08	4.65664e-09	2.742
18:23:09	400.00	58229.57	1	0.000417711	3.62399e-05	5.01	9.84296e-08	4.83126e-09	2.808
18:23:19	400.00	58532.48	2	0.000778202	6.48503e-05	4.884	9.8255e-08	4.71485e-09	2.754
18:23:29	400.00	58835.32	3	0.000360491	3.05178e-05	5.004	9.81968e-08	4.65664e-09	2.742
18:23:39	400.00	59138.40	1	0.000415804	3.62399e-05	5.028	9.84878e-08	4.83126e-09	2.808
18:23:49	400.00	59441.46	2	0.000778202	6.48503e-05	4.884	9.83132e-08	4.71485e-09	2.754
18:23:59	400.00	59744.30	3	0.000362398	3.05178e-05	4.98	9.81968e-08	4.65664e-09	2.742
18:24:09	400.00	60044.28	1	0.000415804	3.43325e-05	4.8	9.84296e-08	4.83126e-09	2.808
18:24:19	400.00	60350.33	2	0.000778202	6.48503e-05	4.884	9.8255e-08	4.71485e-09	2.754
18:24:29	400.00	60650.14	3	0.000362398	3.05178e-05	4.98	9.81968e-08	4.65664e-09	2.742
18:24:39	400.00	60956.14	1	0.000415804	3.43325e-05	4.8	9.84878e-08	4.83126e-09	2.808
18:24:50	400.00	61255.88	2	0.000778202	6.48503e-05	4.884	9.83132e-08	4.71485e-09	2.754
18:25:00	400.00	61561.97	3	0.000362398	3.05178e-05	4.98	9.81968e-08	4.65664e-09	2.742
18:25:10	400.00	61864.99	1	0.000415804	3.43325e-05	4.8	9.84878e-08	4.83126e-09	2.808
18:25:20	400.00	62168.30	2	0.000778202	6.48503e-05	4.884	9.8255e-08	4.71485e-09	2.754
18:25:30	400.00	62468.36	3	0.000364305	3.05178e-05	4.962	9.81386e-08	4.65664e-09	2.742
18:25:40	400.00	62771.22	1	0.000413897	3.43325e-05	4.824	9.84296e-08	4.77306e-09	2.79
18:25:50	400.00	63074.18	2	0.000780109	6.48503e-05	4.878	9.8255e-08	4.71485e-09	2.754
18:26:00	400.00	63377.22	3	0.000366213	3.05178e-05	4.938	9.81968e-08	4.65664e-09	2.742
18:26:10	400.00	63680.08	1	0.000413897	3.43325e-05	4.824	9.84296e-08	4.83126e-09	2.808
18:26:20	400.00	63979.99	2	0.000780109	6.48503e-05	4.878	9.8255e-08	4.71485e-09	2.754
18:26:30	400.00	64282.96	3	0.000366213	3.05178e-05	4.938	9.81968e-08	4.65664e-09	2.742
18:26:41	400.00	64585.85	1	0.000413897	3.43325e-05	4.824	9.84296e-08	4.83126e-09	2.808
18:26:51	400.00	64889.31	2	0.000780109	6.48503e-05	4.878	9.8255e-08	4.71485e-09	2.754
18:27:01	400.00	65192.23	3	0.000366213	3.05178e-05	4.938	9.81968e-08	4.65664e-09	2.742
18:27:11	400.00	65495.17	1	0.000413897	3.43325e-05	4.824	9.84878e-08	4.83126e-09	2.808
18:27:21	400.00	65797.98	2	0.000780109	6.48503e-05	4.878	9.83132e-08	4.71485e-09	2.754
18:27:31	400.00	66101.02	3	0.00036812	3.05178e-05	4.914	9.81968e-08	4.65664e-09	2.742
18:27:41	400.00	66401.05	1	0.000413897	3.43325e-05	4.824	9.84878e-08	4.83126e-09	2.808
18:27:51	400.00	66703.98	2	0.000782017	6.48503e-05	4.866	9.8255e-08	4.71485e-09	2.754
18:28:01	400.00	67006.83	3	0.00036812	3.05178e-05	4.914	9.81968e-08	4.65664e-09	2.742
18:28:11	400.00	67309.84	1	0.000413897	3.43325e-05	4.824	9.84878e-08	4.77306e-09	2.79
18:28:21	400.00	67612.80	2	0.000782017	6.48503e-05	4.866	9.83132e-08	4.71485e-09	2.754
18:28:32	400.00	67916.04	3	0.00036812	3.05178e-05	4.914	9.81968e-08	4.65664e-09	2.742
18:28:42	400.00	68218.98	1	0.000413897	3.43325e-05	4.824	9.84878e-08	4.83126e-09	2.808
18:28:52	400.00	68518.96	2	0.000782017	6.48503e-05	4.866	9.8255e-08	4.71485e-09	2.778
18:29:02	400.00	68821.88	3	0.00036812	3.05178e-05	4.89	9.81968e-08	4.65664e-09	2.742
18:29:12	400.00	69124.81	1	0.000411989	3.43325e-05	4.842	9.84296e-08	4.83126e-09	2.808
18:29:22	400.00	69431.00	2	0.000782017	6.48503e-05	4.866	9.8255e-08	4.71485e-09	2.754
18:29:32	400.00	69730.82	3	0.00036812	3.05178e-05	4.89	9.81968e-08	4.65664e-09	2.742
18:29:42	400.00	70033.80	1	0.000411989	3.43325e-05	4.842	9.84878e-08	4.83126e-09	2.808
18:29:52	400.00	70336.73	2	0.000782017	6.48503e-05	4.866	9.8255e-08	4.71485e-09	2.754
18:30:02	400.00	70636.47	3	0.00036812	3.05178e-05	4.89	9.81968e-08	4.65664e-09	2.742
18:30:12	400.00	70942.61	1	0.000411989	3.43325e-05	4.842	9.84878e-08	4.77306e-09	2.79
18:30:22	400.00	71242.77	2	0.000783924	6.48503e-05	4.854	9.83132e-08	4.71485e-09	2.754
18:30:33	400.00	71545.52	3	0.000370027	3.05178e-05	4.872	9.81968e-08	4.65664e-09	2.742
18:30:43	400.00	71848.48	1	0.000411989	3.43325e-05	4.842	9.84296e-08	4.83126e-09	2.808
18:30:53	400.00	72151.59	2	0.000783924	6.48503e-05	4.854	9.83132e-08	4.71485e-09	2.754
18:31:03	400.00	72454.34	3	0.000370027	3.05178e-05	4.872	9.81968e-08	4.65664e-09	2.742
18:31:13	400.00	72757.50	1	0.000411989	3.43325e-05	4.842	9.84878e-08	4.83126e-09	2.808
18:31:23	400.00	73060.27	2	0.000783924	6.48503e-05	4.854	9.8255e-08	4.71485e-09	2.754
18:31:33	400.00	73363.32	3	0.000371935	3.05178e-05	4.848	9.81968e-08	4.65664e-09	2.742
18:31:43	400.00	73666.24	1	0.000411989	3.43325e-05	4.842	9.84878e-08	4.83126e-09	2.808
18:31:53	400.00	73969.62	2	0.000783924	6.48503e-05	4.854	9.83132e-08	4.71485e-09	2.754
18:32:03	400.00	74269.63	3	0.000371935	3.05178e-05	4.848	9.81968e-08	4.65664e-09	2.742
18:32:13	400.00	74572.58	1	0.000410082	3.43325e-05	4.86	9.84878e-08	4.83126e-09	2.808
18:32:24	400.00	74875.52	2	0.000785831	6.48503e-05	4.842	9.8255e-08	4.71485e-09	2.754
18:32:34	400.00	75178.52	3	0.000371935	3.05178e-05	4.848	9.81968e-08	4.65664e-09	2.742
18:32:44	400.00	75481.36	1	0.000410082	3.43325e-05	4.86	9.84878e-08	4.83126e-09	2.808
18:32:54	400.00	75784.43	2	0.000785831	6.48503e-05	4.842	9.83132e-08	4.71485e-09	2.754
18:33:04	400.00	76084.34	3	0.000373842	3.05178e-05	4.83	9.81968e-08	4.65664e-09	2.742
18:33:14	400.00	76390.32	1	0.000410082	3.43325e-05	4.86	9.84296e-08	4.83126e-09	2.808
18:33:24	400.00	76693.59	2	0.000785831	6.48503e-05	4.842	9.8255e-08	4.71485e-09	2.778
18:33:34	400.00	76996.61	3	0.000373842	3.05178e-05	4.83	9.81968e-08	4.65664e-09	2.742
18:33:44	400.00	77296.52	1	0.000410082	3.43325e-05	4.86	9.84296e-08	4.83126e-09	2.808
18:33:54	400.00	77599.47	2	0.000785831	6.48503e-05	4.842	9.8255e-08	4.71485e-09	2.754
18:34:04	400.00	77902.48	3	0.000373842	3.05178e-05	4.83	9.81968e-08	4.65664e-09	2.742
18:34:14	400.00	78205.43	1	0.000410082	3.43325e-05	4.86	9.84296e-08	4.83126e-09	2.808
18:34:25	400.00	78508.40	2	0.000785831	6.48503e-05	4.842	9.8255e-08	4.71485e-09	2.754
18:34:35	400.00	78808.43	3	0.00037575	3.05178e-05	4.806	9.81968e-08	4.65664e-09	2.718
18:34:45	400.00	79111.27	1	0.000410082	3.43325e-05	4.86	9.84878e-08	4.83126e-09	2.808
18:34:55	400.00	79414.31	2	0.000785831	6.48503e-05	4.842	9.8255e-08	4.71485e-09	2.754
18:35:05	400.00	79717.56	3	0.00037575	3.05178e-05	4.806	9.81968e-08	4.65664e-09	2.742
18:35:15	400.00	80020.51	1	0.000410082	3.43325e-05	4.86	9.84878e-08	4.83126e-09	2.808
18:35:25	400.00	80323.50	2	0.000787739	6.67577e-05	4.956	9.83132e-08	4.71485e-09	2.754
18:35:35	400.00	80623.38	3	0.00037575	3.05178e-05	4.806	9.81968e-08	4.65664e-09	2.742
18:35:45	400.00	80926.24	1	0.000410082	3.43325e-05	4.86	9.84296e-08	4.83126e-09	2.808
18:35:55	400.00	81229.52	2	0.000787739	6.67577e-05	4.956	9.8255e-08	4.65664e-09	2.736
18:36:05	400.00	81532.32	3	0.000377657	3.05178e-05	4.782	9.81968e-08	4.65664e-09	2.742
18:36:15	400.00	81835.34	1	0.000408174	3.43325e-05	4.878	9.84878e-08	4.83126e-09	2.808
18:36:26	400.00	82138.23	2	0.000787739	6.67577e-05	4.956	9.8255e-08	4.71485e-09	2.754
18:36:36	400.00	82441.08	3	0.000377657	3.05178e-05	4.782	9.81968e-08	4.65664e-09	2.742
18:36:46	400.00	82744.24	1	0.000408174	3.43325e-05	4.878	9.84296e-08	4.83126e-09	2.808
18:36:56	400.00	83044.30	2	0.000787739	6.67577e-05	4.956	9.8255e-08	4.71485e-09	2.754
18:37:06	400.00	83346.98	3	0.000377657	3.05178e-05	4.782	9.81968e-08	4.65664e-09	2.742
18:37:16	400.00	83650.06	1	0.000408174	3.43325e-05	4.878	9.84878e-08	4.83126e-09	2.808
18:37:26	400.00	83953.08	2	0.000789646	6.67577e-05	4.944	9.8255e-08	4.71485e-09	2.754
18:37:36	400.00	84255.91	3	0.000379564	3.05178e-05	4.764	9.81386e-08	4.65664e-09	2.742
18:37:46	400.00	84559.05	1	0.000408174	3.43325e-05	4.878	9.84296e-08	4.83126e-09	2.808
18:37:56	400.00	84861.77	2	0.000789646	6.67577e-05	4.944	9.83132e-08	4.71485e-09	2.754
18:38:06	400.00	85164.90	3	0.000379564	3.24252e-05	5.016	9.81968e-08	4.65664e-09	2.742
18:38:17	400.00	85464.83	1	0.000408174	3.43325e-05	4.878	9.84878e-08	4.83126e-09	2.808
18:38:27	400.00	85767.95	2	0.000789646	6.67577e-05	4.944	9.83132e-08	4.71485e-09	2.754
18:38:37	400.00	86074.08	3	0.000381472	3.24252e-05	4.992	9.81968e-08	4.65664e-09	2.742
18:38:47	400.00	86377.03	1	0.000408174	3.43325e-05	4.878	9.84296e-08	4.77306e-09	2.79
18:38:57	400.00	86676.98	2	0.000789646	6.67577e-05	4.944	9.83132e-08	4.71485e-09	2.754
18:39:07	400.00	86980.02	3	0.000379564	3.24252e-05	5.016	9.81968e-08	4.65664e-09	2.742
18:39:17	400.00	87282.82	1	0.000408174	3.43325e-05	4.878	9.84878e-08	4.83126e-09	2.808
18:39:27	400.00	87585.85	2	0.000789646	6.67577e-05	4.944	9.8255e-08	4.71485e-09	2.754
18:39:37	400.00	87888.70	3	0.000381472	3.24252e-05	4.992	9.81968e-08	4.65664e-09	2.742
18:39:47	400.00	88191.71	1	0.000408174	3.43325e-05	4.878	9.84878e-08	4.83126e-09	2.808
18:39:57	400.00	88494.85	2	0.000791553	6.67577e-05	4.932	9.83132e-08	4.65664e-09	2.736
18:40:08	400.00	88794.96	3	0.000381472	3.24252e-05	4.992	9.81968e-08	4.65664e-09	2.742
18:40:18	400.00	89100.98	1	0.000408174	3.43325e-05	4.878	9.84878e-08	4.83126e-09	2.826
18:40:28	400.00	89400.82	2	0.000791553	6.67577e-05	4.932	9.8255e-08	4.71485e-09	2.754
18:40:38	400.00	89703.90	3	0.000381472	3.24252e-05	4.992	9.81968e-08	4.65664e-09	2.742
18:40:48	400.00	90006.78	1	0.000408174	3.43325e-05	4.878	9.84878e-08	4.83126e-09	2.808
18:40:58	400.00	90000.33	2	0.000791553	6.67577e-05	4.932	9.83132e-08	4.71485e-09	2.754
