DYT048
2022-3-4LOCK-IN PARAMETERS
ADDRESS: 10
TAU: 1
SENSITIVITY: 1e-3
FREQUENCY: 7.675
AMP: 1
COUPLING: AC
LP_FILTER: 24
SYNC_FILTER: none
NOTCH_FILTER: none
TIME	T_PPMS(K)	 H_PPMS(Oe)	VDP_config	LIA_X(V)	LIA_Y(V)	LIA_PHASE
16:05:00	300.00	-89878.12	3	0.0140076	0.00039673	1.632
16:05:05	300.00	-89725.64	3	0.0140076	0.00039673	1.632
16:05:10	300.00	-89575.80	3	0.0140076	0.00039673	1.632
16:05:15	300.00	-89422.92	3	0.0140076	0.00039673	1.632
16:05:20	300.00	-89270.17	3	0.0140076	0.00039673	1.632
16:05:25	300.00	-89120.29	3	0.0140076	0.00039673	1.632
16:05:31	300.00	-88967.45	3	0.0140381	0.00039673	1.632
16:05:36	300.00	-88817.55	3	0.0140381	0.00039673	1.632
16:05:41	300.00	-88664.49	3	0.0140381	0.00039673	1.632
16:05:46	300.00	-88514.55	3	0.0140381	0.00039673	1.632
16:05:51	300.00	-88364.30	3	0.0140381	0.00039673	1.632
16:05:56	300.00	-88211.34	3	0.0140381	0.00039673	1.626
16:06:01	300.00	-88058.35	3	0.0140381	0.00039673	1.626
16:06:06	300.00	-87908.52	3	0.0140381	0.00039673	1.626
16:06:11	300.00	-87758.47	3	0.0140381	0.00039673	1.626
16:06:16	300.00	-87605.56	3	0.0140687	0.00039673	1.626
16:06:21	300.00	-87455.63	3	0.0140687	0.00039673	1.626
16:06:26	300.00	-87302.71	3	0.0140687	0.00039673	1.626
16:06:31	300.00	-87152.77	3	0.0140687	0.00039673	1.626
16:06:36	300.00	-86999.79	3	0.0140687	0.00039673	1.626
16:06:41	300.00	-86849.77	3	0.0140992	0.00039673	1.626
16:06:46	300.00	-86699.79	3	0.0140992	0.00039673	1.626
16:06:51	300.00	-86546.85	3	0.0140992	0.00039673	1.626
16:06:56	300.00	-86396.97	3	0.0140992	0.00039673	1.626
16:07:01	300.00	-86244.03	3	0.0140992	0.00039673	1.626
16:07:06	300.00	-86094.07	3	0.0140992	0.00039673	1.62
16:07:11	300.00	-85941.06	3	0.0140992	0.00039673	1.62
16:07:16	300.00	-85791.05	3	0.0140992	0.00039673	1.62
16:07:21	300.00	-85641.30	3	0.0140992	0.00039673	1.62
16:07:27	300.00	-85487.92	3	0.0140992	0.00039673	1.62
16:07:32	300.00	-85337.98	3	0.0140992	0.00039673	1.62
16:07:37	300.00	-85184.95	3	0.0141297	0.00039673	1.62
16:07:42	300.00	-85035.06	3	0.0141297	0.00039673	1.62
16:07:47	300.00	-84882.12	3	0.0141297	0.00039673	1.62
16:07:52	300.00	-84732.13	3	0.0141297	0.00039673	1.62
16:07:57	300.00	-84579.23	3	0.0141297	0.00039673	1.62
16:08:02	300.00	-84429.32	3	0.0141297	0.00039673	1.62
16:08:07	300.00	-84276.37	3	0.0141297	0.00039673	1.62
16:08:12	300.00	-84126.34	3	0.0141297	0.00039673	1.62
16:08:17	300.00	-83973.31	3	0.0141297	0.00039673	1.62
16:08:22	300.00	-83823.40	3	0.0141297	0.00039673	1.62
16:08:27	300.00	-83673.44	3	0.0141297	0.00039673	1.62
16:08:32	300.00	-83520.37	3	0.0141602	0.00039673	1.614
16:08:37	300.00	-83370.55	3	0.0141602	0.00039673	1.614
16:08:42	300.00	-83217.55	3	0.0141602	0.00039673	1.614
16:08:47	300.00	-83067.67	3	0.0141602	0.00039673	1.614
16:08:52	300.00	-82914.70	3	0.0141602	0.00039673	1.614
16:08:57	300.00	-82764.76	3	0.0141602	0.00039673	1.614
16:09:02	300.00	-82614.74	3	0.0141602	0.00039673	1.614
16:09:07	300.00	-82461.80	3	0.0141602	0.00039673	1.614
16:09:12	300.00	-82311.84	3	0.0141602	0.00039673	1.614
16:09:18	300.00	-82158.80	3	0.0141602	0.00039673	1.614
16:09:23	300.00	-82008.88	3	0.0141602	0.00039673	1.614
16:09:28	300.00	-81855.86	3	0.0141602	0.00039673	1.614
16:09:33	300.00	-81706.05	3	0.0141602	0.00039673	1.614
16:09:38	300.00	-81553.20	3	0.0141907	0.00039673	1.614
16:09:43	300.00	-81403.20	3	0.0141907	0.00039673	1.614
16:09:48	300.00	-81253.22	3	0.0141907	0.00039673	1.614
16:09:53	300.00	-81097.41	3	0.0141907	0.00039673	1.614
16:09:58	300.00	-80947.48	3	0.0141907	0.00039673	1.614
16:10:03	300.00	-80794.54	3	0.0141907	0.00039673	1.614
16:10:08	300.00	-80644.59	3	0.0141907	0.00039673	1.614
16:10:13	300.00	-80494.58	3	0.0141907	0.00039673	1.614
16:10:18	300.00	-80341.80	3	0.0141907	0.00039673	1.614
16:10:23	300.00	-80188.78	3	0.0141907	0.00039673	1.614
16:10:28	300.00	-80039.02	3	0.0141907	0.00039673	1.614
16:10:33	300.00	-79885.91	3	0.0141907	0.00039673	1.614
16:10:38	300.00	-79735.89	3	0.0141907	0.00039673	1.614
16:10:43	300.00	-79582.74	3	0.0142213	0.00039673	1.608
16:10:48	300.00	-79432.82	3	0.0142213	0.00039673	1.608
16:10:53	300.00	-79282.83	3	0.0142213	0.00039673	1.608
16:10:58	300.00	-79129.90	3	0.0142213	0.00039673	1.608
16:11:04	300.00	-78979.89	3	0.0142213	0.00039673	1.608
16:11:09	300.00	-78829.96	3	0.0142213	0.00039673	1.608
16:11:14	300.00	-78677.18	3	0.0142213	0.00039673	1.608
16:11:19	300.00	-78527.14	3	0.0142213	0.00039673	1.608
16:11:24	300.00	-78374.13	3	0.0142213	0.00039673	1.608
16:11:29	300.00	-78221.23	3	0.0142213	0.00039673	1.608
16:11:34	300.00	-78071.38	3	0.0142213	0.00039673	1.608
16:11:39	300.00	-77921.39	3	0.0142213	0.00039673	1.608
16:11:44	300.00	-77768.42	3	0.0142213	0.00039673	1.608
16:11:49	300.00	-77618.40	3	0.0142213	0.00039673	1.608
16:11:54	300.00	-77468.48	3	0.0142518	0.00039673	1.608
16:11:59	300.00	-77315.65	3	0.0142518	0.00039673	1.608
16:12:04	300.00	-77162.82	3	0.0142518	0.00039673	1.608
16:12:09	300.00	-77012.79	3	0.0142518	0.00039673	1.608
16:12:14	300.00	-76862.88	3	0.0142518	0.00039673	1.608
16:12:19	300.00	-76712.86	3	0.0142518	0.00039673	1.608
16:12:24	300.00	-76559.53	3	0.0142823	0.00039673	1.602
16:12:29	300.00	-76409.61	3	0.0142823	0.00039673	1.602
16:12:34	300.00	-76256.55	3	0.0142823	0.00039673	1.602
16:12:39	300.00	-76103.70	3	0.0142823	0.00039673	1.602
16:12:44	300.00	-75953.76	3	0.0142823	0.00039673	1.602
16:12:49	300.00	-75800.93	3	0.0142823	0.000366213	1.536
16:12:55	300.00	-75650.93	3	0.0142823	0.00039673	1.602
16:13:00	300.00	-75501.03	3	0.0142823	0.000366213	1.536
16:13:05	300.00	-75351.06	3	0.0142823	0.000366213	1.536
16:13:10	300.00	-75197.98	3	0.0142823	0.00039673	1.602
16:13:15	300.00	-75048.08	3	0.0142823	0.000366213	1.536
16:13:20	300.00	-74895.19	3	0.0142823	0.000366213	1.536
16:13:25	300.00	-74745.24	3	0.0142823	0.000366213	1.536
16:13:30	300.00	-74592.27	3	0.0142823	0.000366213	1.536
16:13:35	300.00	-74442.34	3	0.0142823	0.000366213	1.536
16:13:40	300.00	-74292.37	3	0.0142823	0.000366213	1.536
16:13:45	300.00	-74139.45	3	0.0143128	0.000366213	1.536
16:13:50	300.00	-73989.55	3	0.0143128	0.000366213	1.536
16:13:55	300.00	-73836.66	3	0.0143128	0.000366213	1.536
16:14:00	300.00	-73683.32	3	0.0143128	0.000366213	1.536
16:14:05	300.00	-73533.36	3	0.0143128	0.000366213	1.536
16:14:10	300.00	-73380.35	3	0.0143128	0.000366213	1.536
16:14:15	300.00	-73230.46	3	0.0143128	0.000366213	1.536
16:14:20	300.00	-73077.52	3	0.0143128	0.000366213	1.536
16:14:25	300.00	-72927.71	3	0.0143128	0.000366213	1.536
16:14:30	300.00	-72774.84	3	0.0143128	0.000366213	1.53
16:14:35	300.00	-72624.81	3	0.0143128	0.000366213	1.53
16:14:40	300.00	-72471.81	3	0.0143128	0.000366213	1.53
16:14:46	300.00	-72321.88	3	0.0143128	0.000366213	1.53
16:14:51	300.00	-72168.77	3	0.0143128	0.000366213	1.53
16:14:56	300.00	-72018.81	3	0.0143128	0.000366213	1.53
16:15:01	300.00	-71865.95	3	0.0143128	0.000366213	1.53
16:15:06	300.00	-71715.98	3	0.0143128	0.000366213	1.53
16:15:11	300.00	-71566.05	3	0.0143433	0.000366213	1.53
16:15:16	300.00	-71413.13	3	0.0143433	0.000366213	1.53
16:15:21	300.00	-71263.23	3	0.0143433	0.000366213	1.53
16:15:26	300.00	-71110.25	3	0.0143433	0.000366213	1.53
16:15:31	300.00	-70960.39	3	0.0143433	0.000366213	1.53
16:15:36	300.00	-70810.44	3	0.0143433	0.000366213	1.53
16:15:41	300.00	-70657.43	3	0.0143433	0.000366213	1.53
16:15:46	300.00	-70504.47	3	0.0143433	0.000366213	1.53
16:15:51	300.00	-70354.41	3	0.0143433	0.000366213	1.53
16:15:56	300.00	-70201.57	3	0.0143433	0.000366213	1.53
16:16:01	300.00	-70051.47	3	0.0143433	0.000366213	1.53
16:16:06	300.00	-69901.81	3	0.0143433	0.000366213	1.53
16:16:11	300.00	-69748.73	3	0.0143433	0.000366213	1.53
16:16:16	300.00	-69598.85	3	0.0143433	0.000366213	1.53
16:16:21	300.00	-69445.91	3	0.0143433	0.000366213	1.53
16:16:26	300.00	-69295.97	3	0.0143433	0.000366213	1.53
16:16:31	300.00	-69143.12	3	0.0143433	0.000366213	1.53
16:16:36	300.00	-68993.05	3	0.0143433	0.000366213	1.53
16:16:42	300.00	-68843.12	3	0.0143738	0.000366213	1.524
16:16:47	300.00	-68690.22	3	0.0143738	0.000366213	1.524
16:16:52	300.00	-68537.34	3	0.0143738	0.000366213	1.524
16:16:57	300.00	-68387.37	3	0.0143738	0.000366213	1.524
16:17:02	300.00	-68234.41	3	0.0143738	0.000366213	1.524
16:17:07	300.00	-68084.45	3	0.0143738	0.000366213	1.524
16:17:12	300.00	-67931.49	3	0.0143738	0.000366213	1.524
16:17:17	300.00	-67781.25	3	0.0143738	0.000366213	1.524
16:17:22	300.00	-67628.25	3	0.0143738	0.000366213	1.524
16:17:27	300.00	-67478.34	3	0.0143738	0.000366213	1.524
16:17:32	300.00	-67325.31	3	0.0143738	0.000366213	1.524
16:17:37	300.00	-67175.41	3	0.0143738	0.000366213	1.524
16:17:42	300.00	-67022.60	3	0.0143738	0.000366213	1.524
16:17:47	300.00	-66872.56	3	0.0143738	0.000366213	1.524
16:17:52	300.00	-66722.54	3	0.0143738	0.000366213	1.524
16:17:57	300.00	-66569.59	3	0.0143738	0.000366213	1.524
16:18:02	300.00	-66419.75	3	0.0143738	0.000366213	1.524
16:18:07	300.00	-66266.83	3	0.0143738	0.000366213	1.524
16:18:12	300.00	-66116.87	3	0.0143738	0.000366213	1.524
16:18:17	300.00	-65966.86	3	0.0143738	0.000366213	1.524
16:18:22	300.00	-65813.92	3	0.0143738	0.000366213	1.524
16:18:28	300.00	-65660.95	3	0.0144044	0.000366213	1.524
16:18:33	300.00	-65511.08	3	0.0144044	0.000366213	1.524
16:18:38	300.00	-65361.22	3	0.0144044	0.000366213	1.524
16:18:43	300.00	-65208.16	3	0.0144044	0.000366213	1.524
16:18:48	300.00	-65058.34	3	0.0144044	0.000366213	1.524
16:18:53	300.00	-64905.29	3	0.0144044	0.000366213	1.524
16:18:58	300.00	-64755.09	3	0.0144044	0.000366213	1.524
16:19:03	300.00	-64605.05	3	0.0144044	0.000366213	1.524
16:19:08	300.00	-64452.05	3	0.0144044	0.000366213	1.524
16:19:13	300.00	-64299.13	3	0.0144044	0.000366213	1.524
16:19:18	300.00	-64149.18	3	0.0144044	0.000366213	1.524
16:19:23	300.00	-63996.24	3	0.0144044	0.000366213	1.524
16:19:28	300.00	-63846.29	3	0.0144044	0.000366213	1.524
16:19:33	300.00	-63693.39	3	0.0144044	0.000366213	1.524
16:19:38	300.00	-63543.46	3	0.0144044	0.000366213	1.524
16:19:43	300.00	-63390.54	3	0.0144044	0.000366213	1.524
16:19:48	300.00	-63240.41	3	0.0144044	0.000366213	1.524
16:19:53	300.00	-63087.55	3	0.0144044	0.000366213	1.524
16:19:58	300.00	-62937.63	3	0.0144044	0.000366213	1.524
16:20:03	300.00	-62787.64	3	0.0144044	0.000366213	1.524
16:20:08	300.00	-62634.68	3	0.0144044	0.000366213	1.524
16:20:14	300.00	-62484.81	3	0.0144044	0.000366213	1.524
16:20:19	300.00	-62331.81	3	0.0144044	0.000366213	1.524
16:20:24	300.00	-62178.79	3	0.0144349	0.000366213	1.518
16:20:29	300.00	-62028.88	3	0.0144349	0.000366213	1.518
16:20:34	300.00	-61878.66	3	0.0144349	0.000366213	1.518
16:20:39	300.00	-61725.70	3	0.0144349	0.000366213	1.518
16:20:44	300.00	-61575.75	3	0.0144349	0.000366213	1.518
16:20:49	300.00	-61422.72	3	0.0144349	0.000366213	1.518
16:20:54	300.00	-61272.84	3	0.0144349	0.000366213	1.518
16:20:59	300.00	-61122.85	3	0.0144349	0.000366213	1.518
16:21:04	300.00	-60969.87	3	0.0144349	0.000366213	1.518
16:21:09	300.00	-60820.04	3	0.0144654	0.000366213	1.518
16:21:14	300.00	-60666.98	3	0.0144654	0.000366213	1.518
16:21:19	300.00	-60517.11	3	0.0144654	0.000366213	1.518
16:21:24	300.00	-60364.02	3	0.0144654	0.000366213	1.518
16:21:29	300.00	-60214.11	3	0.0144654	0.000366213	1.518
16:21:34	300.00	-60061.12	3	0.0144654	0.000366213	1.518
16:21:39	300.00	-59911.20	3	0.0144654	0.000366213	1.518
16:21:44	300.00	-59758.27	3	0.0144654	0.000366213	1.518
16:21:49	300.00	-59608.30	3	0.0144654	0.000366213	1.518
16:21:54	300.00	-59455.39	3	0.0144654	0.000366213	1.518
16:21:59	300.00	-59305.44	3	0.0144654	0.000366213	1.518
16:22:05	300.00	-59152.49	3	0.0144654	0.000366213	1.518
16:22:10	300.00	-59002.60	3	0.0144654	0.000366213	1.518
16:22:15	300.00	-58849.56	3	0.0144654	0.000366213	1.518
16:22:20	300.00	-58699.56	3	0.0144654	0.000366213	1.518
16:22:25	300.00	-58549.55	3	0.0144654	0.000366213	1.518
16:22:30	300.00	-58396.57	3	0.0144654	0.000366213	1.518
16:22:35	300.00	-58246.75	3	0.0144654	0.000366213	1.518
16:22:40	300.00	-58090.82	3	0.0144654	0.000366213	1.518
16:22:45	300.00	-57940.82	3	0.0144654	0.000366213	1.518
16:22:50	300.00	-57790.77	3	0.0144654	0.000366213	1.518
16:22:55	300.00	-57637.91	3	0.0144654	0.000366213	1.518
16:23:00	300.00	-57485.10	3	0.0144654	0.000366213	1.518
16:23:05	300.00	-57335.03	3	0.0144654	0.000366213	1.518
16:23:10	300.00	-57182.14	3	0.0144654	0.000366213	1.518
16:23:15	300.00	-57031.98	3	0.0144654	0.000366213	1.518
16:23:20	300.00	-56882.14	3	0.0144654	0.000366213	1.518
16:23:25	300.00	-56729.23	3	0.0144959	0.000366213	1.512
16:23:30	300.00	-56579.33	3	0.0144959	0.000366213	1.512
16:23:35	300.00	-56426.36	3	0.0144959	0.000366213	1.512
16:23:40	300.00	-56276.29	3	0.0144959	0.000366213	1.512
16:23:46	300.00	-56123.43	3	0.0144959	0.000366213	1.512
16:23:51	300.00	-55972.98	3	0.0144959	0.000366213	1.512
16:23:56	300.00	-55820.02	3	0.0144959	0.000366213	1.512
16:24:01	300.00	-55670.07	3	0.0144959	0.000366213	1.512
16:24:06	300.00	-55517.05	3	0.0144959	0.000366213	1.512
16:24:11	300.00	-55367.06	3	0.0144959	0.000366213	1.512
16:24:16	300.00	-55214.34	3	0.0144959	0.000366213	1.512
16:24:21	300.00	-55064.38	3	0.0144959	0.000366213	1.512
16:24:26	300.00	-54911.36	3	0.0144959	0.000366213	1.512
16:24:31	300.00	-54761.36	3	0.0144959	0.000366213	1.512
16:24:36	300.00	-54611.37	3	0.0144959	0.000366213	1.512
16:24:41	300.00	-54455.43	3	0.0144959	0.000366213	1.512
16:24:46	300.00	-54305.58	3	0.0144959	0.000366213	1.512
16:24:51	300.00	-54152.50	3	0.0144959	0.000366213	1.512
16:24:56	300.00	-54002.58	3	0.0144959	0.000366213	1.512
16:25:01	300.00	-53852.68	3	0.0144959	0.000366213	1.512
16:25:06	300.00	-53699.62	3	0.0144959	0.000366213	1.512
16:25:11	300.00	-53549.77	3	0.0144959	0.000366213	1.512
16:25:16	300.00	-53396.85	3	0.0144959	0.000366213	1.512
16:25:21	300.00	-53246.82	3	0.0144959	0.000366213	1.512
16:25:27	300.00	-53093.75	3	0.0145264	0.000366213	1.512
16:25:32	300.00	-52943.50	3	0.0145264	0.000366213	1.512
16:25:37	300.00	-52793.54	3	0.0145264	0.000366213	1.512
16:25:42	300.00	-52640.50	3	0.0145264	0.000366213	1.512
16:25:47	300.00	-52490.60	3	0.0145264	0.000366213	1.512
16:25:52	300.00	-52337.61	3	0.0145264	0.000366213	1.512
16:25:57	300.00	-52181.63	3	0.0145264	0.000366213	1.512
16:26:02	300.00	-52031.86	3	0.0145264	0.000366213	1.512
16:26:07	300.00	-51881.80	3	0.0145264	0.000366213	1.512
16:26:12	300.00	-51728.86	3	0.0145264	0.000366213	1.512
16:26:17	300.00	-51578.85	3	0.0145264	0.000366213	1.512
16:26:22	300.00	-51428.92	3	0.0145264	0.000366213	1.512
16:26:27	300.00	-51275.88	3	0.0145264	0.000366213	1.512
16:26:32	300.00	-51125.86	3	0.0145264	0.000366213	1.512
16:26:37	300.00	-50976.05	3	0.0145264	0.000366213	1.512
16:26:42	300.00	-50823.06	3	0.0145264	0.000366213	1.512
16:26:47	300.00	-50670.16	3	0.0145264	0.000366213	1.512
16:26:52	300.00	-50520.09	3	0.0145264	0.000366213	1.512
16:26:57	300.00	-50367.16	3	0.0145264	0.000366213	1.512
16:27:02	300.00	-50217.23	3	0.0145264	0.000366213	1.512
16:27:08	300.00	-50063.79	3	0.0145264	0.000366213	1.512
16:27:13	300.00	-49913.95	3	0.0145264	0.000366213	1.512
16:27:18	300.00	-49761.01	3	0.0145264	0.000366213	1.512
16:27:23	300.00	-49610.98	3	0.0145264	0.000366213	1.512
16:27:28	300.00	-49458.09	3	0.0145264	0.000366213	1.512
16:27:33	300.00	-49308.09	3	0.0145264	0.000366213	1.512
16:27:38	300.00	-49158.20	3	0.0145264	0.000366213	1.512
16:27:43	300.00	-49005.21	3	0.0145264	0.000366213	1.512
16:27:48	300.00	-48852.25	3	0.0145264	0.000366213	1.512
16:27:53	300.00	-48702.32	3	0.0145264	0.000366213	1.512
16:27:58	300.00	-48549.14	3	0.0145569	0.000366213	1.506
16:28:03	300.00	-48399.24	3	0.0145569	0.000366213	1.506
16:28:08	300.00	-48246.27	3	0.0145569	0.000366213	1.506
16:28:13	300.00	-48096.31	3	0.0145569	0.000366213	1.506
16:28:18	300.00	-47946.25	3	0.0145569	0.000366213	1.506
16:28:23	300.00	-47793.23	3	0.0145569	0.000366213	1.506
16:28:28	300.00	-47643.35	3	0.0145569	0.000366213	1.506
16:28:33	300.00	-47490.53	3	0.0145569	0.000366213	1.506
16:28:38	300.00	-47340.54	3	0.0145569	0.000366213	1.506
16:28:43	300.00	-47190.58	3	0.0145569	0.000366213	1.506
16:28:48	300.00	-47037.51	3	0.0145569	0.000366213	1.506
16:28:53	300.00	-46887.57	3	0.0145569	0.000366213	1.506
16:28:59	300.00	-46734.56	3	0.0145569	0.000366213	1.506
16:29:04	300.00	-46584.58	3	0.0145569	0.000366213	1.506
16:29:09	300.00	-46431.75	3	0.0145569	0.000366213	1.506
16:29:14	300.00	-46281.71	3	0.0145569	0.000366213	1.506
16:29:19	300.00	-46128.80	3	0.0145569	0.000366213	1.506
16:29:24	300.00	-45978.82	3	0.0145569	0.000366213	1.506
16:29:29	300.00	-45825.87	3	0.0145569	0.000366213	1.506
16:29:34	300.00	-45676.05	3	0.0145569	0.000366213	1.506
16:29:39	300.00	-45523.08	3	0.0145569	0.000366213	1.506
16:29:44	300.00	-45373.11	3	0.0145569	0.000366213	1.506
16:29:49	300.00	-45220.03	3	0.0145569	0.000366213	1.506
16:29:54	300.00	-45070.13	3	0.0145569	0.000366213	1.506
16:29:59	300.00	-44920.34	3	0.0145569	0.000366213	1.506
16:30:04	300.00	-44767.31	3	0.0145569	0.000366213	1.506
16:30:09	300.00	-44617.38	3	0.0145569	0.000366213	1.506
16:30:14	300.00	-44464.39	3	0.0145569	0.000366213	1.506
16:30:19	300.00	-44314.43	3	0.0145569	0.000366213	1.506
16:30:24	300.00	-44164.11	3	0.0145569	0.000366213	1.506
16:30:29	300.00	-44011.13	3	0.0145569	0.000366213	1.506
16:30:34	300.00	-43858.24	3	0.0145569	0.000366213	1.506
16:30:39	300.00	-43708.16	3	0.0145569	0.000366213	1.506
16:30:44	300.00	-43558.26	3	0.0145875	0.000366213	1.506
16:30:50	300.00	-43405.47	3	0.0145875	0.000366213	1.506
16:30:55	300.00	-43255.40	3	0.0145875	0.000366213	1.506
16:31:00	300.00	-43102.45	3	0.0145875	0.000366213	1.506
16:31:05	300.00	-42952.43	3	0.0145875	0.000366213	1.506
16:31:10	300.00	-42802.52	3	0.0145875	0.000366213	1.506
16:31:15	300.00	-42649.58	3	0.0145875	0.000366213	1.506
16:31:20	300.00	-42496.67	3	0.0145875	0.000366213	1.506
16:31:25	300.00	-42346.64	3	0.0145875	0.000366213	1.506
16:31:30	300.00	-42196.78	3	0.0145875	0.000366213	1.506
16:31:35	300.00	-42043.75	3	0.0145875	0.000366213	1.506
16:31:40	300.00	-41890.80	3	0.0145875	0.000366213	1.506
16:31:45	300.00	-41740.93	3	0.0145875	0.000366213	1.506
16:31:50	300.00	-41590.95	3	0.0145875	0.000366213	1.506
16:31:55	300.00	-41438.01	3	0.0145875	0.000366213	1.506
16:32:00	300.00	-41287.68	3	0.0145875	0.000366213	1.506
16:32:05	300.00	-41134.66	3	0.0145875	0.000366213	1.506
16:32:10	300.00	-40981.57	3	0.0145875	0.000366213	1.5
16:32:15	300.00	-40831.72	3	0.0145875	0.000366213	1.506
16:32:20	300.00	-40678.82	3	0.0145875	0.000366213	1.5
16:32:25	300.00	-40528.88	3	0.0145875	0.000366213	1.5
16:32:30	300.00	-40375.88	3	0.0145875	0.000366213	1.5
16:32:36	300.00	-40225.98	3	0.0145875	0.000366213	1.5
16:32:41	300.00	-40075.94	3	0.0145875	0.000366213	1.5
16:32:46	300.00	-39923.18	3	0.0145875	0.000366213	1.5
16:32:51	300.00	-39773.07	3	0.0145875	0.000366213	1.5
16:32:56	300.00	-39620.14	3	0.0145875	0.000366213	1.5
16:33:01	300.00	-39470.21	3	0.0145875	0.000366213	1.5
16:33:06	300.00	-39317.08	3	0.0145875	0.000366213	1.5
16:33:11	300.00	-39167.15	3	0.0145875	0.000366213	1.5
16:33:16	300.00	-39017.30	3	0.0145875	0.000366213	1.5
16:33:21	300.00	-38864.38	3	0.0145875	0.000366213	1.5
16:33:26	300.00	-38714.45	3	0.0145875	0.000366213	1.5
16:33:31	300.00	-38561.42	3	0.0145875	0.000366213	1.5
16:33:36	300.00	-38411.48	3	0.014618	0.000366213	1.5
16:33:41	300.00	-38258.12	3	0.014618	0.000366213	1.5
16:33:46	300.00	-38108.23	3	0.014618	0.000366213	1.5
16:33:51	300.00	-37955.32	3	0.014618	0.000366213	1.5
16:33:56	300.00	-37805.18	3	0.014618	0.000366213	1.5
16:34:01	300.00	-37655.34	3	0.014618	0.000366213	1.5
16:34:06	300.00	-37505.41	3	0.014618	0.000366213	1.5
16:34:11	300.00	-37352.45	3	0.014618	0.000366213	1.5
16:34:16	300.00	-37199.55	3	0.014618	0.000366213	1.5
16:34:21	300.00	-37049.58	3	0.014618	0.000366213	1.5
16:34:26	300.00	-36896.59	3	0.014618	0.000366213	1.5
16:34:32	300.00	-36746.48	3	0.014618	0.000366213	1.5
16:34:37	300.00	-36596.50	3	0.014618	0.000366213	1.5
16:34:42	300.00	-36443.63	3	0.014618	0.000366213	1.5
16:34:47	300.00	-36293.65	3	0.014618	0.000366213	1.5
16:34:52	300.00	-36140.75	3	0.014618	0.000366213	1.5
16:34:57	300.00	-35990.64	3	0.014618	0.000366213	1.5
16:35:02	300.00	-35837.73	3	0.014618	0.000366213	1.5
16:35:07	300.00	-35687.82	3	0.014618	0.000366213	1.5
16:35:12	300.00	-35534.95	3	0.014618	0.000366213	1.5
16:35:17	300.00	-35384.94	3	0.0146485	0.000366213	1.5
16:35:22	300.00	-35234.96	3	0.0146485	0.000366213	1.5
16:35:27	300.00	-35081.94	3	0.0146485	0.000366213	1.5
16:35:32	300.00	-34931.96	3	0.0146485	0.000366213	1.5
16:35:37	300.00	-34779.10	3	0.0146485	0.000366213	1.5
16:35:42	300.00	-34629.20	3	0.0146485	0.000366213	1.5
16:35:47	300.00	-34479.20	3	0.0146485	0.000366213	1.5
16:35:52	300.00	-34326.27	3	0.0146485	0.000366213	1.5
16:35:57	300.00	-34176.17	3	0.0146485	0.000366213	1.5
16:36:02	300.00	-34023.29	3	0.0146485	0.000366213	1.5
16:36:07	300.00	-33873.54	3	0.0146485	0.000366213	1.5
16:36:12	300.00	-33720.55	3	0.0146485	0.000366213	1.5
16:36:17	300.00	-33570.46	3	0.0146485	0.000366213	1.5
16:36:22	300.00	-33417.42	3	0.0146485	0.000366213	1.5
16:36:28	300.00	-33267.54	3	0.0146485	0.000366213	1.5
16:36:33	300.00	-33114.56	3	0.0146485	0.000366213	1.5
16:36:38	300.00	-32964.74	3	0.0146485	0.000366213	1.5
16:36:43	300.00	-32811.65	3	0.0146485	0.000366213	1.5
16:36:48	300.00	-32661.76	3	0.0146485	0.000366213	1.5
16:36:53	300.00	-32511.78	3	0.0146485	0.000366213	1.5
16:36:58	300.00	-32358.32	3	0.0146485	0.000366213	1.494
16:37:03	300.00	-32205.47	3	0.0146485	0.000366213	1.494
16:37:08	300.00	-32052.42	3	0.0146485	0.000366213	1.494
16:37:13	300.00	-31902.51	3	0.0146485	0.000366213	1.494
16:37:18	300.00	-31749.58	3	0.0146485	0.000366213	1.494
16:37:23	300.00	-31599.72	3	0.0146485	0.000366213	1.494
16:37:28	300.00	-31446.65	3	0.0146485	0.000366213	1.494
16:37:33	300.00	-31296.71	3	0.0146485	0.000366213	1.494
16:37:38	300.00	-31143.82	3	0.0146485	0.000366213	1.494
16:37:43	300.00	-30993.79	3	0.0146485	0.000366213	1.494
16:37:48	300.00	-30840.93	3	0.0146485	0.000366213	1.494
16:37:53	300.00	-30690.93	3	0.0146485	0.000366213	1.494
16:37:58	300.00	-30537.91	3	0.0146485	0.000366213	1.494
16:38:03	300.00	-30388.02	3	0.0146485	0.000366213	1.494
16:38:09	300.00	-30238.08	3	0.0146485	0.000366213	1.494
16:38:14	300.00	-30085.14	3	0.0146485	0.000366213	1.494
16:38:19	300.00	-29935.21	3	0.0146485	0.000366213	1.494
16:38:24	300.00	-29782.18	3	0.0146485	0.000366213	1.494
16:38:29	300.00	-29632.23	3	0.0146485	0.000366213	1.494
16:38:34	300.00	-29481.88	3	0.0146485	0.000366213	1.494
16:38:39	300.00	-29328.89	3	0.0146485	0.000366213	1.494
16:38:44	300.00	-29175.94	3	0.0146485	0.000366213	1.494
16:38:49	300.00	-29025.90	3	0.0146485	0.000366213	1.494
16:38:54	300.00	-28873.14	3	0.014679	0.000366213	1.494
16:38:59	300.00	-28723.13	3	0.014679	0.000366213	1.494
16:39:04	300.00	-28573.24	3	0.014679	0.000366213	1.494
16:39:09	300.00	-28420.31	3	0.014679	0.000366213	1.494
16:39:14	300.00	-28270.30	3	0.014679	0.000366213	1.494
16:39:19	300.00	-28120.33	3	0.014679	0.000366213	1.494
16:39:24	300.00	-27967.34	3	0.014679	0.000366213	1.494
16:39:29	300.00	-27817.49	3	0.014679	0.000366213	1.494
16:39:34	300.00	-27664.35	3	0.014679	0.000366213	1.494
16:39:39	300.00	-27514.40	3	0.014679	0.000366213	1.494
16:39:44	300.00	-27361.42	3	0.014679	0.000366213	1.494
16:39:49	300.00	-27211.57	3	0.014679	0.000366213	1.494
16:39:54	300.00	-27061.66	3	0.014679	0.000366213	1.494
16:40:00	300.00	-26908.68	3	0.014679	0.000366213	1.494
16:40:05	300.00	-26755.55	3	0.014679	0.000366213	1.494
16:40:10	300.00	-26605.67	3	0.014679	0.000366213	1.494
16:40:15	300.00	-26455.33	3	0.014679	0.000366213	1.494
16:40:20	300.00	-26302.41	3	0.014679	0.000366213	1.494
16:40:25	300.00	-26149.50	3	0.014679	0.000366213	1.494
16:40:30	300.00	-25999.52	3	0.014679	0.000366213	1.494
16:40:35	300.00	-25849.57	3	0.014679	0.000366213	1.494
16:40:40	300.00	-25696.77	3	0.014679	0.000366213	1.494
16:40:45	300.00	-25546.65	3	0.014679	0.000366213	1.494
16:40:50	300.00	-25393.77	3	0.014679	0.000366213	1.494
16:40:55	300.00	-25243.89	3	0.014679	0.000366213	1.494
16:41:00	300.00	-25090.86	3	0.014679	0.000366213	1.494
16:41:05	300.00	-24940.67	3	0.014679	0.000366213	1.494
16:41:10	300.00	-24790.78	3	0.014679	0.000366213	1.494
16:41:15	300.00	-24637.91	3	0.014679	0.000366213	1.494
16:41:20	300.00	-24487.95	3	0.014679	0.000366213	1.494
16:41:25	300.00	-24334.91	3	0.014679	0.000366213	1.494
16:41:30	300.00	-24181.84	3	0.014679	0.000366213	1.494
16:41:35	300.00	-24031.98	3	0.014679	0.000366213	1.494
16:41:40	300.00	-23882.12	3	0.014679	0.000366213	1.494
16:41:45	300.00	-23729.11	3	0.014679	0.000366213	1.494
16:41:51	300.00	-23576.16	3	0.014679	0.000366213	1.494
16:41:56	300.00	-23426.16	3	0.014679	0.000366213	1.494
16:42:01	300.00	-23276.18	3	0.014679	0.000366213	1.494
16:42:06	300.00	-23123.12	3	0.014679	0.000366213	1.494
16:42:11	300.00	-22973.17	3	0.014679	0.000366213	1.494
16:42:16	300.00	-22823.35	3	0.014679	0.000366213	1.494
16:42:21	300.00	-22670.43	3	0.014679	0.000366213	1.494
16:42:26	300.00	-22517.42	3	0.014679	0.000366213	1.494
16:42:31	300.00	-22367.38	3	0.014679	0.000366213	1.428
16:42:36	300.00	-22214.37	3	0.014679	0.000366213	1.494
16:42:41	300.00	-22064.62	3	0.014679	0.000366213	1.428
16:42:46	300.00	-21911.64	3	0.014679	0.000366213	1.494
16:42:51	300.00	-21761.63	3	0.014679	0.000366213	1.428
16:42:56	300.00	-21611.58	3	0.014679	0.000366213	1.428
16:43:01	300.00	-21458.60	3	0.014679	0.000366213	1.494
16:43:06	300.00	-21305.79	3	0.0147095	0.000366213	1.428
16:43:11	300.00	-21155.81	3	0.0147095	0.000366213	1.428
16:43:16	300.00	-21005.86	3	0.0147095	0.000366213	1.428
16:43:21	300.00	-20852.83	3	0.0147095	0.000366213	1.428
16:43:26	300.00	-20699.80	3	0.0147095	0.000366213	1.428
16:43:31	300.00	-20549.52	3	0.0147095	0.000366213	1.428
16:43:37	300.00	-20396.51	3	0.0147095	0.000366213	1.428
16:43:42	300.00	-20243.61	3	0.0147095	0.000366213	1.428
16:43:47	300.00	-20093.68	3	0.0147095	0.000366213	1.428
16:43:52	300.00	-19940.62	3	0.0147095	0.000366213	1.428
16:43:57	300.00	-19787.71	3	0.0147095	0.000366213	1.428
16:44:02	300.00	-19637.76	3	0.0147095	0.000366213	1.428
16:44:07	300.00	-19487.85	3	0.0147095	0.000366213	1.428
16:44:12	300.00	-19334.94	3	0.0147095	0.000366213	1.428
16:44:17	300.00	-19184.89	3	0.0147095	0.000366213	1.428
16:44:22	300.00	-19034.97	3	0.0147095	0.000366213	1.428
16:44:27	300.00	-18881.97	3	0.0147095	0.000366213	1.428
16:44:32	300.00	-18729.09	3	0.0147095	0.000366213	1.428
16:44:37	300.00	-18579.07	3	0.0147095	0.000366213	1.428
16:44:42	300.00	-18426.20	3	0.0147095	0.000366213	1.428
16:44:47	300.00	-18276.18	3	0.0147095	0.000366213	1.428
16:44:52	300.00	-18126.20	3	0.0147095	0.000366213	1.428
16:44:57	300.00	-17973.25	3	0.0147095	0.000366213	1.428
16:45:02	300.00	-17823.42	3	0.0147095	0.000366213	1.428
16:45:07	300.00	-17672.98	3	0.0147095	0.000366213	1.428
16:45:12	300.00	-17520.06	3	0.0147095	0.000366213	1.428
16:45:18	300.00	-17369.99	3	0.0147095	0.000366213	1.428
16:45:23	300.00	-17217.04	3	0.0147095	0.000366213	1.428
16:45:28	300.00	-17064.09	3	0.0147095	0.000366213	1.428
16:45:33	300.00	-16914.19	3	0.0147095	0.000366213	1.428
16:45:38	300.00	-16761.27	3	0.0147095	0.000366213	1.428
16:45:43	300.00	-16611.27	3	0.0147095	0.000366213	1.428
16:45:48	300.00	-16461.31	3	0.0147095	0.000366213	1.428
16:45:53	300.00	-16308.39	3	0.0147095	0.000366213	1.428
16:45:58	300.00	-16155.38	3	0.0147095	0.000366213	1.428
16:46:03	300.00	-16005.33	3	0.0147095	0.000366213	1.428
16:46:08	300.00	-15852.39	3	0.0147095	0.000366213	1.428
16:46:13	300.00	-15702.47	3	0.0147095	0.000366213	1.428
16:46:18	300.00	-15549.57	3	0.0147095	0.000366213	1.428
16:46:23	300.00	-15399.58	3	0.0147095	0.000366213	1.428
16:46:28	300.00	-15246.63	3	0.0147095	0.000366213	1.428
16:46:33	300.00	-15096.62	3	0.0147095	0.000366213	1.428
16:46:38	300.00	-14946.68	3	0.0147095	0.000366213	1.428
16:46:43	300.00	-14793.73	3	0.0147095	0.000366213	1.428
16:46:48	300.00	-14640.33	3	0.0147095	0.000366213	1.428
16:46:53	300.00	-14490.44	3	0.0147095	0.000366213	1.428
16:46:58	300.00	-14340.50	3	0.0147095	0.000366213	1.428
16:47:04	300.00	-14190.48	3	0.0147095	0.000366213	1.428
16:47:09	300.00	-14037.52	3	0.0147095	0.000366213	1.428
16:47:14	300.00	-13884.51	3	0.0147095	0.000366213	1.428
16:47:19	300.00	-13734.69	3	0.0147095	0.000366213	1.428
16:47:24	300.00	-13581.69	3	0.0147095	0.000366213	1.428
16:47:29	300.00	-13431.88	3	0.0147095	0.000366213	1.428
16:47:34	300.00	-13278.73	3	0.01474	0.000366213	1.422
16:47:39	300.00	-13128.63	3	0.01474	0.000366213	1.422
16:47:44	300.00	-12975.73	3	0.01474	0.000366213	1.422
16:47:49	300.00	-12825.81	3	0.01474	0.000366213	1.422
16:47:54	300.00	-12675.89	3	0.01474	0.000366213	1.422
16:47:59	300.00	-12522.89	3	0.01474	0.000366213	1.422
16:48:04	300.00	-12372.94	3	0.01474	0.000366213	1.422
16:48:09	300.00	-12219.88	3	0.01474	0.000366213	1.422
16:48:14	300.00	-12069.99	3	0.01474	0.000366213	1.422
16:48:19	300.00	-11917.15	3	0.01474	0.000366213	1.422
16:48:24	300.00	-11767.07	3	0.01474	0.000366213	1.422
16:48:29	300.00	-11614.08	3	0.01474	0.000366213	1.422
16:48:34	300.00	-11464.18	3	0.01474	0.000366213	1.422
16:48:39	300.00	-11313.96	3	0.01474	0.000366213	1.422
16:48:44	300.00	-11161.04	3	0.01474	0.000366213	1.422
16:48:49	300.00	-11011.28	3	0.01474	0.000366213	1.422
16:48:55	300.00	-10858.39	3	0.01474	0.000366213	1.422
16:49:00	300.00	-10708.31	3	0.01474	0.000366213	1.422
16:49:05	300.00	-10555.20	3	0.01474	0.000366213	1.422
16:49:10	300.00	-10405.32	3	0.01474	0.000366213	1.422
16:49:15	300.00	-10255.48	3	0.01474	0.000366213	1.422
16:49:20	300.00	-10102.51	3	0.01474	0.000366213	1.422
16:49:25	300.00	-9952.52	3	0.01474	0.000366213	1.422
16:49:30	300.00	-9799.54	3	0.01474	0.000366213	1.422
16:49:35	300.00	-9649.49	3	0.01474	0.000366213	1.422
16:49:40	300.00	-9499.70	3	0.01474	0.000366213	1.422
16:49:45	300.00	-9346.76	3	0.01474	0.000366213	1.422
16:49:50	300.00	-9196.67	3	0.01474	0.000366213	1.422
16:49:55	300.00	-9043.77	3	0.01474	0.000366213	1.422
16:50:00	300.00	-8893.76	3	0.01474	0.000366213	1.422
16:50:05	300.00	-8743.41	3	0.01474	0.000366213	1.422
16:50:10	300.00	-8590.51	3	0.01474	0.000366213	1.422
16:50:15	300.00	-8440.44	3	0.01474	0.000366213	1.422
16:50:20	300.00	-8287.47	3	0.01474	0.000366213	1.422
16:50:25	300.00	-8134.57	3	0.01474	0.000366213	1.422
16:50:30	300.00	-7984.69	3	0.01474	0.000366213	1.422
16:50:35	300.00	-7834.77	3	0.01474	0.000366213	1.422
16:50:40	300.00	-7684.64	3	0.01474	0.000366213	1.422
16:50:45	300.00	-7531.82	3	0.01474	0.000366213	1.422
16:50:50	300.00	-7381.70	3	0.01474	0.000366213	1.422
16:50:56	300.00	-7228.71	3	0.01474	0.000366213	1.422
16:51:01	300.00	-7075.85	3	0.01474	0.000366213	1.422
16:51:06	300.00	-6925.74	3	0.01474	0.000366213	1.422
16:51:11	300.00	-6773.01	3	0.01474	0.000366213	1.422
16:51:16	300.00	-6623.01	3	0.01474	0.000366213	1.422
16:51:21	300.00	-6469.92	3	0.01474	0.000366213	1.422
16:51:26	300.00	-6320.11	3	0.01474	0.000366213	1.422
16:51:31	300.00	-6170.12	3	0.01474	0.000366213	1.422
16:51:36	300.00	-6017.03	3	0.01474	0.000366213	1.422
16:51:41	300.00	-5866.80	3	0.01474	0.000366213	1.422
16:51:46	300.00	-5713.74	3	0.01474	0.000366213	1.422
16:51:51	300.00	-5560.74	3	0.01474	0.000366213	1.422
16:51:56	300.00	-5410.79	3	0.01474	0.000366213	1.422
16:52:01	300.00	-5260.85	3	0.01474	0.000366213	1.422
16:52:06	300.00	-5110.96	3	0.01474	0.000366213	1.422
16:52:11	300.00	-4958.05	3	0.01474	0.000366213	1.422
16:52:16	300.00	-4808.02	3	0.01474	0.000366213	1.422
16:52:21	300.00	-4655.05	3	0.01474	0.000366213	1.422
16:52:26	300.00	-4502.08	3	0.01474	0.000366213	1.422
16:52:31	300.00	-4349.07	3	0.01474	0.000366213	1.422
16:52:37	300.00	-4199.11	3	0.0147706	0.000366213	1.422
16:52:42	300.00	-4049.05	3	0.0147706	0.000366213	1.422
16:52:47	300.00	-3896.06	3	0.0147706	0.000366213	1.422
16:52:52	300.00	-3743.17	3	0.0147706	0.000366213	1.422
16:52:57	300.00	-3593.32	3	0.0147706	0.000366213	1.422
16:53:02	300.00	-3443.26	3	0.0147706	0.000366213	1.422
16:53:07	300.00	-3290.27	3	0.0147706	0.000366213	1.422
16:53:12	300.00	-3140.35	3	0.0147706	0.000366213	1.422
16:53:17	300.00	-2987.45	3	0.0147706	0.000366213	1.422
16:53:22	300.00	-2836.95	3	0.0147706	0.000366213	1.422
16:53:27	300.00	-2684.16	3	0.0147706	0.000366213	1.422
16:53:32	300.00	-2534.15	3	0.0147706	0.000366213	1.422
16:53:37	300.00	-2384.24	3	0.0147706	0.000366213	1.422
16:53:42	300.00	-2231.18	3	0.0147706	0.000366213	1.422
16:53:47	300.00	-2078.22	3	0.0147706	0.000366213	1.422
16:53:52	300.00	-1925.31	3	0.0147706	0.000366213	1.422
16:53:57	300.00	-1775.29	3	0.0147706	0.000366213	1.422
16:54:02	300.00	-1625.41	3	0.0147706	0.000366213	1.422
16:54:07	300.00	-1472.28	3	0.0147706	0.000366213	1.422
16:54:12	300.00	-1322.15	3	0.0147706	0.000366213	1.422
16:54:17	300.00	-1169.29	3	0.0147706	0.000366213	1.422
16:54:23	300.00	-1019.35	3	0.0147706	0.000366213	1.422
16:54:28	300.00	-869.43	3	0.0147706	0.000366213	1.422
16:54:33	300.00	-716.46	3	0.0147706	0.000366213	1.422
16:54:38	300.00	-566.39	3	0.0147706	0.000366213	1.422
16:54:43	300.00	-413.46	3	0.0147706	0.000366213	1.422
16:54:48	300.00	-263.49	3	0.0147706	0.000366213	1.422
16:54:53	300.00	-110.64	3	0.0147706	0.000366213	1.422
16:54:58	300.00	39.27	3	0.0147706	0.000366213	1.422
16:55:03	300.00	195.31	3	0.0147706	0.000366213	1.422
16:55:08	300.00	345.31	3	0.0147706	0.000366213	1.422
16:55:13	300.00	498.31	3	0.0147706	0.000366213	1.422
16:55:18	300.00	648.24	3	0.0147706	0.000366213	1.422
16:55:23	300.00	800.99	3	0.0147706	0.000366213	1.422
16:55:28	300.00	950.97	3	0.0147706	0.000366213	1.422
16:55:33	300.00	1103.95	3	0.0147706	0.000366213	1.422
16:55:38	300.00	1253.90	3	0.0147706	0.000366213	1.422
16:55:43	300.00	1403.89	3	0.0147706	0.000366213	1.422
16:55:48	300.00	1556.74	3	0.0147706	0.000366213	1.422
16:55:53	300.00	1706.57	3	0.0147706	0.000366213	1.422
16:55:58	300.00	1859.59	3	0.0147706	0.000366213	1.422
16:56:04	300.00	2009.88	3	0.0147706	0.000366213	1.422
16:56:09	300.00	2160.34	3	0.0147706	0.000366213	1.422
16:56:14	300.00	2312.83	3	0.0147706	0.000366213	1.422
16:56:19	300.00	2465.57	3	0.0147706	0.000366213	1.422
16:56:24	300.00	2615.40	3	0.0147706	0.000366213	1.422
16:56:29	300.00	2768.14	3	0.0147706	0.000366213	1.422
16:56:34	300.00	2918.11	3	0.0147706	0.000366213	1.422
16:56:39	300.00	3068.48	3	0.0147706	0.000366213	1.422
16:56:44	300.00	3221.45	3	0.0147706	0.000366213	1.422
16:56:49	300.00	3371.35	3	0.0147706	0.000366213	1.422
16:56:54	300.00	3524.26	3	0.0147706	0.000366213	1.422
16:56:59	300.00	3674.22	3	0.0147706	0.000366213	1.422
16:57:04	300.00	3827.09	3	0.0147706	0.000366213	1.422
16:57:09	300.00	3977.18	3	0.0147706	0.000366213	1.422
16:57:14	300.00	4130.15	3	0.0147706	0.000366213	1.422
16:57:19	300.00	4280.11	3	0.0147706	0.000366213	1.422
16:57:24	300.00	4430.00	3	0.0147706	0.000366213	1.422
16:57:29	300.00	4583.17	3	0.0147706	0.000366213	1.422
16:57:34	300.00	4733.11	3	0.0147706	0.000366213	1.422
16:57:39	300.00	4886.13	3	0.0147706	0.000366213	1.422
16:57:44	300.00	5036.08	3	0.0147706	0.000366213	1.422
16:57:50	300.00	5189.05	3	0.0147706	0.000366213	1.422
16:57:55	300.00	5342.01	3	0.0147706	0.000366213	1.422
16:58:00	300.00	5492.00	3	0.0147706	0.000366213	1.422
16:58:05	300.00	5645.01	3	0.0147706	0.000366213	1.422
16:58:10	300.00	5794.90	3	0.0147706	0.000366213	1.422
16:58:15	300.00	5948.29	3	0.0147706	0.000366213	1.422
16:58:20	300.00	6098.21	3	0.0147706	0.000366213	1.422
16:58:25	300.00	6251.24	3	0.0147706	0.000366213	1.422
16:58:30	300.00	6401.34	3	0.0147706	0.000366213	1.422
16:58:35	300.00	6551.21	3	0.0147706	0.000366213	1.422
16:58:40	300.00	6704.08	3	0.0147706	0.000366213	1.422
16:58:45	300.00	6857.10	3	0.0147706	0.000366213	1.422
16:58:50	300.00	7007.05	3	0.0147706	0.000366213	1.422
16:58:55	300.00	7157.17	3	0.0147706	0.000366213	1.422
16:59:00	300.00	7310.07	3	0.0148011	0.000366213	1.416
16:59:05	300.00	7460.05	3	0.0148011	0.000366213	1.416
16:59:10	300.00	7612.99	3	0.0148011	0.000366213	1.416
16:59:15	300.00	7762.98	3	0.0148011	0.000366213	1.416
16:59:20	300.00	7915.95	3	0.0148011	0.000366213	1.416
16:59:25	300.00	8065.97	3	0.0148011	0.000366213	1.416
16:59:30	300.00	8215.95	3	0.0148011	0.000366213	1.416
16:59:35	300.00	8368.80	3	0.0148011	0.000366213	1.416
16:59:41	300.00	8518.87	3	0.0148011	0.000366213	1.416
16:59:46	300.00	8671.76	3	0.0148011	0.000366213	1.416
16:59:51	300.00	8821.81	3	0.0148011	0.000366213	1.416
16:59:56	300.00	8975.21	3	0.0148011	0.000366213	1.416
17:00:01	300.00	9125.09	3	0.0148011	0.000366213	1.416
17:00:06	300.00	9281.05	3	0.0148011	0.000366213	1.416
17:00:11	300.00	9433.96	3	0.0148011	0.000366213	1.416
17:00:16	300.00	9586.97	3	0.0148011	0.000366213	1.416
17:00:21	300.00	9736.94	3	0.0148011	0.000366213	1.416
17:00:26	300.00	9889.87	3	0.0148011	0.000366213	1.416
17:00:31	300.00	10039.73	3	0.0148011	0.000366213	1.416
17:00:36	300.00	10189.77	3	0.0148011	0.000366213	1.416
17:00:41	300.00	10342.86	3	0.0148011	0.000366213	1.416
17:00:46	300.00	10495.91	3	0.0148011	0.000366213	1.416
17:00:51	300.00	10645.86	3	0.0148011	0.000366213	1.416
17:00:56	300.00	10798.71	3	0.0148011	0.000366213	1.416
17:01:01	300.00	10948.72	3	0.0148011	0.000366213	1.416
17:01:07	300.00	11101.77	3	0.0148011	0.000366213	1.416
17:01:12	300.00	11251.65	3	0.0148011	0.000366213	1.416
17:01:17	300.00	11401.69	3	0.0148011	0.000366213	1.416
17:01:22	300.00	11554.56	3	0.0148011	0.000366213	1.416
17:01:27	300.00	11704.45	3	0.0148011	0.000366213	1.416
17:01:32	300.00	11857.58	3	0.0148011	0.000366213	1.416
17:01:37	300.00	12007.56	3	0.0148011	0.000366213	1.416
17:01:42	300.00	12160.50	3	0.0148011	0.000366213	1.416
17:01:47	300.00	12310.63	3	0.0148011	0.000366213	1.416
17:01:52	300.00	12463.62	3	0.0148011	0.000366213	1.416
17:01:57	300.00	12613.38	3	0.0148011	0.000366213	1.416
17:02:02	300.00	12763.31	3	0.0148011	0.000366213	1.416
17:02:07	300.00	12916.39	3	0.0148011	0.000366213	1.416
17:02:12	300.00	13066.45	3	0.0148011	0.000366213	1.416
17:02:17	300.00	13216.45	3	0.0148011	0.000366213	1.416
17:02:22	300.00	13369.21	3	0.0148011	0.000366213	1.416
17:02:27	300.00	13519.19	3	0.0148011	0.000366213	1.416
17:02:32	300.00	13672.24	3	0.0148011	0.000366213	1.416
17:02:37	300.00	13822.29	3	0.0148011	0.000366213	1.416
17:02:42	300.00	13975.28	3	0.0148011	0.000366213	1.416
17:02:47	300.00	14125.14	3	0.0148011	0.000366213	1.416
17:02:52	300.00	14278.10	3	0.0148011	0.000366213	1.416
17:02:57	300.00	14427.95	3	0.0148316	0.000366213	1.416
17:03:03	300.00	14581.10	3	0.0148316	0.000366213	1.416
17:03:08	300.00	14731.08	3	0.0148316	0.000366213	1.416
17:03:13	300.00	14881.21	3	0.0148316	0.000366213	1.416
17:03:18	300.00	15034.37	3	0.0148316	0.000366213	1.416
17:03:23	300.00	15184.32	3	0.0148316	0.000366213	1.416
17:03:28	300.00	15337.42	3	0.0148316	0.000366213	1.416
17:03:33	300.00	15487.30	3	0.0148316	0.000366213	1.416
17:03:38	300.00	15640.33	3	0.0148316	0.000366213	1.416
17:03:43	300.00	15793.22	3	0.0148316	0.000366213	1.416
17:03:48	300.00	15943.22	3	0.0148316	0.000366213	1.416
17:03:53	300.00	16096.19	3	0.0148316	0.000366213	1.416
17:03:58	300.00	16246.15	3	0.0148316	0.000366213	1.416
17:04:03	300.00	16396.14	3	0.0148316	0.000366213	1.416
17:04:08	300.00	16549.04	3	0.0148316	0.000366213	1.416
17:04:13	300.00	16699.12	3	0.0148316	0.000366213	1.416
17:04:18	300.00	16852.06	3	0.0148316	0.000366213	1.416
17:04:23	300.00	17001.98	3	0.0148316	0.000366213	1.416
17:04:28	300.00	17154.95	3	0.0148316	0.000366213	1.416
17:04:33	300.00	17304.98	3	0.0148316	0.000366213	1.416
17:04:38	300.00	17454.93	3	0.0148316	0.000366213	1.416
17:04:43	300.00	17607.99	3	0.0148316	0.000366213	1.416
17:04:48	300.00	17761.27	3	0.0148316	0.000366213	1.416
17:04:54	300.00	17911.17	3	0.0148316	0.000366213	1.416
17:04:59	300.00	18064.13	3	0.0148316	0.000366213	1.416
17:05:04	300.00	18211.23	3	0.0148316	0.000366213	1.416
17:05:09	300.00	18364.27	3	0.0148316	0.000366213	1.416
17:05:14	300.00	18517.19	3	0.0148316	0.000366213	1.416
17:05:19	300.00	18667.01	3	0.0148316	0.000366213	1.416
17:05:24	300.00	18816.94	3	0.0148316	0.000366213	1.416
17:05:29	300.00	18970.01	3	0.0148316	0.000366213	1.416
17:05:34	300.00	19119.98	3	0.0148316	0.000366213	1.416
17:05:39	300.00	19273.04	3	0.0148316	0.000366213	1.416
17:05:44	300.00	19426.00	3	0.0148316	0.000366213	1.416
17:05:49	300.00	19575.94	3	0.0148316	0.000366213	1.416
17:05:54	300.00	19728.79	3	0.0148316	0.000366213	1.416
17:05:59	300.00	19878.86	3	0.0148316	0.000366213	1.416
17:06:04	300.00	20028.85	3	0.0148316	0.000366213	1.416
17:06:09	300.00	20181.77	3	0.0148316	0.000366213	1.416
17:06:14	300.00	20331.70	3	0.0148316	0.000366213	1.416
17:06:19	300.00	20481.69	3	0.0148316	0.000366213	1.416
17:06:24	300.00	20634.91	3	0.0148316	0.000366213	1.416
17:06:29	300.00	20788.04	3	0.0148316	0.000366213	1.416
17:06:34	300.00	20938.01	3	0.0148316	0.000366213	1.416
17:06:39	300.00	21090.97	3	0.0148316	0.000366213	1.416
17:06:45	300.00	21240.96	3	0.0148316	0.000366213	1.416
17:06:50	300.00	21390.79	3	0.0148316	0.000366213	1.416
17:06:55	300.00	21540.92	3	0.0148316	0.000366213	1.416
17:07:00	300.00	21693.82	3	0.0148316	0.000366213	1.416
17:07:05	300.00	21843.77	3	0.0148316	0.000366213	1.416
17:07:10	300.00	21996.72	3	0.0148316	0.000366213	1.416
17:07:15	300.00	22146.85	3	0.0148316	0.000366213	1.416
17:07:20	300.00	22299.79	3	0.0148316	0.000366213	1.416
17:07:25	300.00	22449.73	3	0.0148316	0.000366213	1.416
17:07:30	300.00	22602.71	3	0.0148316	0.000366213	1.416
17:07:35	300.00	22752.60	3	0.0148316	0.000366213	1.416
17:07:40	300.00	22902.63	3	0.0148316	0.000366213	1.416
17:07:45	300.00	23055.64	3	0.0148316	0.000366213	1.416
17:07:50	300.00	23205.65	3	0.0148316	0.000366213	1.416
17:07:55	300.00	23355.64	3	0.0148316	0.000366213	1.416
17:08:00	300.00	23508.44	3	0.0148316	0.000366213	1.416
17:08:05	300.00	23661.45	3	0.0148316	0.000366213	1.416
17:08:10	300.00	23811.48	3	0.0148316	0.000366213	1.416
17:08:15	300.00	23964.56	3	0.0148316	0.000366213	1.416
17:08:20	300.00	24114.57	3	0.0148316	0.000366213	1.416
17:08:25	300.00	24264.67	3	0.0148316	0.000366213	1.416
17:08:30	300.00	24417.44	3	0.0148316	0.000366213	1.416
17:08:35	300.00	24567.36	3	0.0148316	0.000366213	1.416
17:08:41	300.00	24720.43	3	0.0148316	0.000366213	1.416
17:08:46	300.00	24870.44	3	0.0148316	0.000366213	1.416
17:08:51	300.00	25023.40	3	0.0148316	0.000366213	1.416
17:08:56	300.00	25173.31	3	0.0148316	0.000366213	1.416
17:09:01	300.00	25326.26	3	0.0148316	0.000366213	1.416
17:09:06	300.00	25476.36	3	0.0148316	0.000366213	1.416
17:09:11	300.00	25626.28	3	0.0148316	0.000366213	1.416
17:09:16	300.00	25779.34	3	0.0148316	0.000366213	1.416
17:09:21	300.00	25932.17	3	0.0148316	0.000366213	1.416
17:09:26	300.00	26085.15	3	0.0148316	0.000366213	1.416
17:09:31	300.00	26238.22	3	0.0148316	0.000366213	1.416
17:09:36	300.00	26388.25	3	0.0148316	0.000366213	1.416
17:09:41	300.00	26538.48	3	0.0148316	0.000366213	1.416
17:09:46	300.00	26691.54	3	0.0148316	0.000366213	1.416
17:09:51	300.00	26841.58	3	0.0148316	0.000366213	1.416
17:09:56	300.00	26994.63	3	0.0148316	0.000366213	1.416
17:10:01	300.00	27144.58	3	0.0148316	0.000366213	1.416
17:10:06	300.00	27297.41	3	0.0148316	0.000366213	1.416
17:10:11	300.00	27447.44	3	0.0148316	0.000366213	1.416
17:10:16	300.00	27597.36	3	0.0148316	0.000366213	1.416
17:10:21	300.00	27747.37	3	0.0148316	0.000366213	1.416
17:10:27	300.00	27900.34	3	0.0148316	0.000366213	1.416
17:10:32	300.00	28050.35	3	0.0148316	0.000366213	1.416
17:10:37	300.00	28203.37	3	0.0148316	0.000366213	1.416
17:10:42	300.00	28356.46	3	0.0148316	0.000366213	1.416
17:10:47	300.00	28506.39	3	0.0148316	0.000366213	1.416
17:10:52	300.00	28656.13	3	0.0148621	0.000366213	1.41
17:10:57	300.00	28809.19	3	0.0148621	0.000366213	1.41
17:11:02	300.00	28959.14	3	0.0148621	0.000366213	1.41
17:11:07	300.00	29112.18	3	0.0148621	0.000366213	1.41
17:11:12	300.00	29262.22	3	0.0148621	0.000366213	1.41
17:11:17	300.00	29412.19	3	0.0148621	0.000366213	1.41
17:11:22	300.00	29565.47	3	0.0148621	0.000366213	1.41
17:11:27	300.00	29718.51	3	0.0148621	0.000366213	1.41
17:11:32	300.00	29868.61	3	0.0148621	0.000366213	1.41
17:11:37	300.00	30021.48	3	0.0148621	0.000366213	1.41
17:11:42	300.00	30171.34	3	0.0148621	0.000366213	1.41
17:11:47	300.00	30321.44	3	0.0148621	0.000366213	1.41
17:11:52	300.00	30474.28	3	0.0148621	0.000366213	1.41
17:11:57	300.00	30624.31	3	0.0148621	0.000366213	1.41
17:12:02	300.00	30777.32	3	0.0148621	0.000366213	1.41
17:12:07	300.00	30927.26	3	0.0148621	0.000366213	1.41
17:12:12	300.00	31080.32	3	0.0148621	0.000366213	1.41
17:12:18	300.00	31230.38	3	0.0148621	0.000366213	1.41
17:12:23	300.00	31383.27	3	0.0148621	0.000366213	1.41
17:12:28	300.00	31533.32	3	0.0148621	0.000366213	1.41
17:12:33	300.00	31686.29	3	0.0148621	0.000366213	1.41
17:12:38	300.00	31839.28	3	0.0148621	0.000366213	1.41
17:12:43	300.00	31989.27	3	0.0148621	0.000366213	1.41
17:12:48	300.00	32139.20	3	0.0148621	0.000366213	1.41
17:12:53	300.00	32292.18	3	0.0148621	0.000366213	1.41
17:12:58	300.00	32442.53	3	0.0148621	0.000366213	1.41
17:13:03	300.00	32595.59	3	0.0148621	0.000366213	1.41
17:13:08	300.00	32745.41	3	0.0148621	0.000366213	1.41
17:13:13	300.00	32898.52	3	0.0148621	0.000366213	1.41
17:13:18	300.00	33051.36	3	0.0148621	0.000366213	1.41
17:13:23	300.00	33201.29	3	0.0148621	0.000366213	1.41
17:13:28	300.00	33351.38	3	0.0148621	0.000366213	1.41
17:13:33	300.00	33504.36	3	0.0148621	0.000366213	1.41
17:13:38	300.00	33657.31	3	0.0148621	0.000366213	1.41
17:13:43	300.00	33807.25	3	0.0148621	0.000366213	1.41
17:13:48	300.00	33957.42	3	0.0148621	0.000366213	1.41
17:13:53	300.00	34110.34	3	0.0148621	0.000366213	1.41
17:13:59	300.00	34260.38	3	0.0148621	0.000366213	1.41
17:14:04	300.00	34413.24	3	0.0148621	0.000366213	1.41
17:14:09	300.00	34563.17	3	0.0148621	0.000366213	1.41
17:14:14	300.00	34716.23	3	0.0148621	0.000366213	1.41
17:14:19	300.00	34866.20	3	0.0148621	0.000366213	1.41
17:14:24	300.00	35016.13	3	0.0148621	0.000366213	1.41
17:14:29	300.00	35169.18	3	0.0148621	0.000366213	1.41
17:14:34	300.00	35319.08	3	0.0148621	0.000366213	1.41
17:14:39	300.00	35472.03	3	0.0148621	0.000366213	1.41
17:14:44	300.00	35622.03	3	0.0148621	0.000366213	1.41
17:14:49	300.00	35775.17	3	0.0148621	0.000366213	1.41
17:14:54	300.00	35925.24	3	0.0148621	0.000366213	1.41
17:14:59	300.00	36078.16	3	0.0148621	0.000366213	1.41
17:15:04	300.00	36227.99	3	0.0148621	0.000366213	1.41
17:15:09	300.00	36377.98	3	0.0148621	0.000366213	1.41
17:15:14	300.00	36531.02	3	0.0148621	0.000366213	1.41
17:15:19	300.00	36680.96	3	0.0148621	0.000366213	1.41
17:15:24	300.00	36834.11	3	0.0148621	0.000366213	1.41
17:15:29	300.00	36983.85	3	0.0148621	0.000366213	1.41
17:15:34	300.00	37133.84	3	0.0148621	0.000366213	1.41
17:15:39	300.00	37286.87	3	0.0148621	0.000366213	1.41
17:15:44	300.00	37436.88	3	0.0148621	0.000366213	1.41
17:15:49	300.00	37589.85	3	0.0148621	0.000366213	1.41
17:15:55	300.00	37742.71	3	0.0148621	0.000366213	1.41
17:16:00	300.00	37892.77	3	0.0148621	0.000366213	1.41
17:16:05	300.00	38042.73	3	0.0148621	0.000366213	1.41
17:16:10	300.00	38195.75	3	0.0148621	0.000366213	1.41
17:16:15	300.00	38346.09	3	0.0148621	0.000366213	1.41
17:16:20	300.00	38499.09	3	0.0148621	0.000366213	1.41
17:16:25	300.00	38649.04	3	0.0148621	0.000366213	1.41
17:16:30	300.00	38802.07	3	0.0148621	0.000366213	1.41
17:16:35	300.00	38952.09	3	0.0148621	0.000366213	1.41
17:16:40	300.00	39101.94	3	0.0148621	0.000366213	1.41
17:16:45	300.00	39254.86	3	0.0148621	0.000366213	1.41
17:16:50	300.00	39407.94	3	0.0148621	0.000366213	1.41
17:16:55	300.00	39557.95	3	0.0148621	0.000366213	1.41
17:17:00	300.00	39707.82	3	0.0148621	0.000366213	1.41
17:17:05	300.00	39860.70	3	0.0148621	0.000366213	1.41
17:17:10	300.00	40010.67	3	0.0148621	0.000366213	1.41
17:17:15	300.00	40160.85	3	0.0148621	0.000366213	1.41
17:17:20	300.00	40313.75	3	0.0148621	0.000366213	1.41
17:17:25	300.00	40463.79	3	0.0148621	0.000366213	1.41
17:17:30	300.00	40613.68	3	0.0148621	0.000366213	1.41
17:17:35	300.00	40766.54	3	0.0148621	0.000366213	1.41
17:17:40	300.00	40919.62	3	0.0148621	0.000366213	1.41
17:17:45	300.00	41069.71	3	0.0148621	0.000366213	1.41
17:17:51	300.00	41219.65	3	0.0148621	0.000366213	1.41
17:17:56	300.00	41372.91	3	0.0148621	0.000366213	1.41
17:18:01	300.00	41522.84	3	0.0148621	0.000366213	1.41
17:18:06	300.00	41675.88	3	0.0148621	0.000366213	1.41
17:18:11	300.00	41828.86	3	0.0148621	0.000366213	1.41
17:18:16	300.00	41978.90	3	0.0148621	0.000366213	1.41
17:18:21	300.00	42131.86	3	0.0148621	0.000366213	1.41
17:18:26	300.00	42281.69	3	0.0148621	0.000366213	1.41
17:18:31	300.00	42434.77	3	0.0148621	0.000366213	1.41
17:18:36	300.00	42584.68	3	0.0148621	0.000366213	1.41
17:18:41	300.00	42737.82	3	0.0148621	0.000366213	1.41
17:18:46	300.00	42887.75	3	0.0148621	0.000366213	1.41
17:18:51	300.00	43040.72	3	0.0148621	0.000366213	1.41
17:18:56	300.00	43190.74	3	0.0148621	0.000366213	1.41
17:19:01	300.00	43343.59	3	0.0148621	0.000366213	1.41
17:19:06	300.00	43493.48	3	0.0148621	0.000366213	1.41
17:19:11	300.00	43643.63	3	0.0148621	0.000366213	1.41
17:19:16	300.00	43796.66	3	0.0148621	0.000366213	1.41
17:19:21	300.00	43946.43	3	0.0148621	0.000366213	1.41
17:19:26	300.00	44099.49	3	0.0148621	0.000366213	1.41
17:19:31	300.00	44249.78	3	0.0148621	0.000366213	1.41
17:19:37	300.00	44402.81	3	0.0148621	0.000366213	1.41
17:19:42	300.00	44552.68	3	0.0148621	0.000366213	1.41
17:19:47	300.00	44702.74	3	0.0148621	0.000366213	1.41
17:19:52	300.00	44855.68	3	0.0148621	0.000366213	1.41
17:19:57	300.00	45008.73	3	0.0148621	0.000366213	1.41
17:20:02	300.00	45158.61	3	0.0148621	0.000366213	1.41
17:20:07	300.00	45308.71	3	0.0148621	0.000366213	1.41
17:20:12	300.00	45461.61	3	0.0148621	0.000366213	1.41
17:20:17	300.00	45611.53	3	0.0148621	0.000366213	1.41
17:20:22	300.00	45764.66	3	0.0148621	0.000366213	1.41
17:20:27	300.00	45914.58	3	0.0148621	0.000366213	1.41
17:20:32	300.00	46067.64	3	0.0148621	0.000366213	1.41
17:20:37	300.00	46217.57	3	0.0148926	0.000366213	1.41
17:20:42	300.00	46367.44	3	0.0148621	0.000366213	1.41
17:20:47	300.00	46520.41	3	0.0148621	0.000366213	1.41
17:20:52	300.00	46670.39	3	0.0148926	0.000366213	1.41
17:20:57	300.00	46820.33	3	0.0148926	0.000366213	1.41
17:21:02	300.00	46973.38	3	0.0148926	0.000366213	1.41
17:21:07	300.00	47123.28	3	0.0148926	0.000366213	1.41
17:21:12	300.00	47276.40	3	0.0148926	0.000366213	1.41
17:21:17	300.00	47426.33	3	0.0148926	0.000366213	1.41
17:21:22	300.00	47579.35	3	0.0148926	0.000366213	1.41
17:21:27	300.00	47729.54	3	0.0148926	0.000366213	1.41
17:21:33	300.00	47879.41	3	0.0148926	0.000366213	1.41
17:21:38	300.00	48032.32	3	0.0148926	0.000366213	1.41
17:21:43	300.00	48182.25	3	0.0148926	0.000366213	1.41
17:21:48	300.00	48335.34	3	0.0148926	0.000366213	1.41
17:21:53	300.00	48485.27	3	0.0148926	0.000366213	1.41
17:21:58	300.00	48638.34	3	0.0148926	0.000366213	1.41
17:22:03	300.00	48788.16	3	0.0148926	0.000366213	1.41
17:22:08	300.00	48941.12	3	0.0148926	0.000366213	1.41
17:22:13	300.00	49091.23	3	0.0148926	0.000366213	1.41
17:22:18	300.00	49244.07	3	0.0148926	0.000366213	1.41
17:22:23	300.00	49394.04	3	0.0148926	0.000366213	1.41
17:22:28	300.00	49547.00	3	0.0148926	0.000366213	1.41
17:22:33	300.00	49699.86	3	0.0148926	0.000366213	1.41
17:22:38	300.00	49850.07	3	0.0148926	0.000366213	1.41
17:22:43	300.00	50002.99	3	0.0148926	0.000366213	1.41
17:22:48	300.00	50153.26	3	0.0148926	0.000366213	1.41
17:22:53	300.00	50303.36	3	0.0148926	0.000366213	1.41
17:22:58	300.00	50456.30	3	0.0148926	0.000366213	1.41
17:23:03	300.00	50606.36	3	0.0148926	0.000366213	1.41
17:23:08	300.00	50759.29	3	0.0148926	0.000366213	1.41
17:23:13	300.00	50909.18	3	0.0148926	0.000366213	1.41
17:23:19	300.00	51062.20	3	0.0148926	0.000366213	1.41
17:23:24	300.00	51212.09	3	0.0148926	0.000366213	1.41
17:23:29	300.00	51365.14	3	0.0148926	0.000366213	1.41
17:23:34	300.00	51515.17	3	0.0148926	0.000366213	1.41
17:23:39	300.00	51665.01	3	0.0148926	0.000366213	1.41
17:23:44	300.00	51818.01	3	0.0148926	0.000366213	1.41
17:23:49	300.00	51968.24	3	0.0148926	0.000366213	1.41
17:23:54	300.00	52121.09	3	0.0148926	0.000366213	1.41
17:23:59	300.00	52271.05	3	0.0148926	0.000366213	1.41
17:24:04	300.00	52423.97	3	0.0148926	0.000366213	1.41
17:24:09	300.00	52573.90	3	0.0148926	0.000366213	1.41
17:24:14	300.00	52726.84	3	0.0148926	0.000366213	1.41
17:24:19	300.00	52876.85	3	0.0148926	0.000366213	1.41
17:24:24	300.00	53030.00	3	0.0148926	0.000366213	1.41
17:24:29	300.00	53180.17	3	0.0148926	0.000366213	1.41
17:24:34	300.00	53330.12	3	0.0148926	0.000366213	1.41
17:24:39	300.00	53480.22	3	0.0148926	0.000366213	1.41
17:24:44	300.00	53633.07	3	0.0148926	0.000366213	1.41
17:24:49	300.00	53783.14	3	0.0148926	0.000366213	1.41
17:24:54	300.00	53936.05	3	0.0148926	0.000366213	1.41
17:24:59	300.00	54086.04	3	0.0148926	0.000366213	1.41
17:25:04	300.00	54238.93	3	0.0148926	0.000366213	1.41
17:25:09	300.00	54388.98	3	0.0148926	0.000366213	1.41
17:25:15	300.00	54541.98	3	0.0148926	0.000366213	1.41
17:25:20	300.00	54692.04	3	0.0148926	0.000366213	1.41
17:25:25	300.00	54844.93	3	0.0148926	0.000366213	1.41
17:25:30	300.00	54994.97	3	0.0148926	0.000366213	1.41
17:25:35	300.00	55147.92	3	0.0148926	0.000366213	1.41
17:25:40	300.00	55297.95	3	0.0148926	0.000366213	1.41
17:25:45	300.00	55447.89	3	0.0148926	0.000366213	1.41
17:25:50	300.00	55600.83	3	0.0148926	0.000366213	1.41
17:25:55	300.00	55753.77	3	0.0148926	0.000366213	1.41
17:26:00	300.00	55903.65	3	0.0148926	0.000366213	1.41
17:26:05	300.00	56054.14	3	0.0148926	0.000366213	1.41
17:26:10	300.00	56207.14	3	0.0148926	0.000366213	1.41
17:26:15	300.00	56357.02	3	0.0148926	0.000366213	1.41
17:26:20	300.00	56509.97	3	0.0148926	0.000366213	1.41
17:26:25	300.00	56659.91	3	0.0148926	0.000366213	1.41
17:26:30	300.00	56812.86	3	0.0148926	0.000366213	1.41
17:26:35	300.00	56962.82	3	0.0148926	0.000366213	1.41
17:26:40	300.00	57112.90	3	0.0148926	0.000366213	1.41
17:26:45	300.00	57265.84	3	0.0148926	0.000366213	1.41
17:26:50	300.00	57415.84	3	0.0148926	0.000366213	1.41
17:26:55	300.00	57568.95	3	0.0148926	0.000366213	1.41
17:27:00	300.00	57718.84	3	0.0148926	0.000366213	1.41
17:27:05	300.00	57871.78	3	0.0148926	0.000366213	1.41
17:27:11	300.00	58021.79	3	0.0148926	0.000366213	1.41
17:27:16	300.00	58171.81	3	0.0148926	0.000366213	1.41
17:27:21	300.00	58324.67	3	0.0148926	0.000366213	1.41
17:27:26	300.00	58474.68	3	0.0148926	0.000366213	1.41
17:27:31	300.00	58627.72	3	0.0148926	0.000366213	1.41
17:27:36	300.00	58777.59	3	0.0148926	0.000366213	1.41
17:27:41	300.00	58930.57	3	0.0148926	0.000366213	1.41
17:27:46	300.00	59080.61	3	0.0148926	0.000366213	1.41
17:27:51	300.00	59230.59	3	0.0148926	0.000366213	1.41
17:27:56	300.00	59383.70	3	0.0148926	0.000366213	1.41
17:28:01	300.00	59536.63	3	0.0148926	0.000366213	1.41
17:28:06	300.00	59686.73	3	0.0148926	0.000366213	1.41
17:28:11	300.00	59836.47	3	0.0148926	0.000366213	1.41
17:28:16	300.00	59989.35	3	0.0148926	0.000366213	1.41
17:28:21	300.00	60139.50	3	0.0148926	0.000366213	1.41
17:28:26	300.00	60292.55	3	0.0148926	0.000366213	1.41
17:28:31	300.00	60442.50	3	0.0148926	0.000366213	1.41
17:28:36	300.00	60595.35	3	0.0148926	0.000366213	1.41
17:28:41	300.00	60745.26	3	0.0148926	0.000366213	1.41
17:28:46	300.00	60895.35	3	0.0148926	0.000366213	1.41
17:28:51	300.00	61048.31	3	0.0148926	0.000366213	1.41
17:28:56	300.00	61198.16	3	0.0148926	0.000366213	1.41
17:29:01	300.00	61351.18	3	0.0148926	0.000366213	1.41
17:29:07	300.00	61501.25	3	0.0148926	0.000366213	1.41
17:29:12	300.00	61654.25	3	0.0148926	0.000366213	1.41
17:29:17	300.00	61804.17	3	0.0148926	0.000366213	1.41
17:29:22	300.00	61954.55	3	0.0148926	0.000366213	1.41
17:29:27	300.00	62107.45	3	0.0148926	0.000366213	1.41
17:29:32	300.00	62257.61	3	0.0148926	0.000366213	1.41
17:29:37	300.00	62410.59	3	0.0148926	0.000366213	1.41
17:29:42	300.00	62560.49	3	0.0148926	0.000366213	1.41
17:29:47	300.00	62713.31	3	0.0148926	0.000366213	1.41
17:29:52	300.00	62863.43	3	0.0148926	0.000366213	1.41
17:29:57	300.00	63013.25	3	0.0148926	0.000366213	1.41
17:30:02	300.00	63166.26	3	0.0148926	0.000366213	1.41
17:30:07	300.00	63316.42	3	0.0148926	0.000366213	1.41
17:30:12	300.00	63469.28	3	0.0148926	0.000366213	1.41
17:30:17	300.00	63619.13	3	0.0148926	0.000366213	1.41
17:30:22	300.00	63769.40	3	0.0148926	0.000366213	1.41
17:30:27	300.00	63922.35	3	0.0148926	0.000366213	1.41
17:30:32	300.00	64072.24	3	0.0148926	0.000366213	1.41
17:30:37	300.00	64225.17	3	0.0148926	0.000366213	1.41
17:30:42	300.00	64375.06	3	0.0148926	0.000366213	1.41
17:30:47	300.00	64528.11	3	0.0148926	0.000366213	1.41
17:30:52	300.00	64678.13	3	0.0148926	0.000366213	1.41
17:30:57	300.00	64828.11	3	0.0148926	0.000366213	1.41
17:31:03	300.00	64981.45	3	0.0148926	0.000366213	1.41
17:31:08	300.00	65134.39	3	0.0148926	0.000366213	1.41
17:31:13	300.00	65284.40	3	0.0148926	0.000366213	1.41
17:31:18	300.00	65434.30	3	0.0148926	0.000366213	1.41
17:31:23	300.00	65587.37	3	0.0148926	0.000366213	1.41
17:31:28	300.00	65740.25	3	0.0148926	0.000366213	1.41
17:31:33	300.00	65890.24	3	0.0148926	0.000366213	1.41
17:31:38	300.00	66043.21	3	0.0148926	0.000366213	1.41
17:31:43	300.00	66193.16	3	0.0148926	0.000366213	1.41
17:31:48	300.00	66346.16	3	0.0148926	0.000366213	1.41
17:31:53	300.00	66499.20	3	0.0148926	0.000366213	1.41
17:31:58	300.00	66649.18	3	0.0148926	0.000366213	1.41
17:32:03	300.00	66802.18	3	0.0148926	0.000366213	1.41
17:32:08	300.00	66952.08	3	0.0148926	0.000366213	1.41
17:32:13	300.00	67104.98	3	0.0148926	0.000366213	1.41
17:32:18	300.00	67255.07	3	0.0148926	0.000366213	1.41
17:32:23	300.00	67408.03	3	0.0148926	0.000366213	1.41
17:32:28	300.00	67558.05	3	0.0148926	0.000366213	1.41
17:32:33	300.00	67710.90	3	0.0148926	0.000366213	1.41
17:32:39	300.00	67861.26	3	0.0148926	0.000366213	1.41
17:32:44	300.00	68011.16	3	0.0148926	0.000366213	1.41
17:32:49	300.00	68164.27	3	0.0148926	0.000366213	1.41
17:32:54	300.00	68317.23	3	0.0148926	0.000366213	1.41
17:32:59	300.00	68467.14	3	0.0148926	0.000366213	1.41
17:33:04	300.00	68620.12	3	0.0148926	0.000366213	1.41
17:33:09	300.00	68770.06	3	0.0148926	0.000366213	1.41
17:33:14	300.00	68920.11	3	0.0148926	0.000366213	1.41
17:33:19	300.00	69070.05	3	0.0148926	0.000366213	1.41
17:33:24	300.00	69223.09	3	0.0149232	0.000366213	1.404
17:33:29	300.00	69373.13	3	0.0149232	0.000366213	1.404
17:33:34	300.00	69526.05	3	0.0149232	0.000366213	1.404
17:33:39	300.00	69676.06	3	0.0149232	0.000366213	1.404
17:33:44	300.00	69829.00	3	0.0149232	0.000366213	1.404
17:33:49	300.00	69981.95	3	0.0149232	0.000366213	1.404
17:33:54	300.00	70131.96	3	0.0149232	0.000366213	1.404
17:33:59	300.00	70281.91	3	0.0149232	0.000366213	1.404
17:34:04	300.00	70434.79	3	0.0149232	0.000366213	1.404
17:34:09	300.00	70587.80	3	0.0149232	0.000366213	1.404
17:34:14	300.00	70737.73	3	0.0149232	0.000366213	1.404
17:34:19	300.00	70887.91	3	0.0149232	0.000366213	1.404
17:34:24	300.00	71037.83	3	0.0149232	0.000366213	1.404
17:34:30	300.00	71190.92	3	0.0149232	0.000366213	1.404
17:34:35	300.00	71343.95	3	0.0149232	0.000366213	1.404
17:34:40	300.00	71493.95	3	0.0149232	0.000366213	1.404
17:34:45	300.00	71646.76	3	0.0149232	0.000366213	1.404
17:34:50	300.00	71796.66	3	0.0149232	0.000366213	1.404
17:34:55	300.00	71949.82	3	0.0149232	0.000366213	1.404
17:35:00	300.00	72102.75	3	0.0149232	0.000366213	1.404
17:35:05	300.00	72252.64	3	0.0149232	0.000366213	1.404
17:35:10	300.00	72405.55	3	0.0149232	0.000366213	1.404
17:35:15	300.00	72555.66	3	0.0149232	0.000366213	1.404
17:35:20	300.00	72705.77	3	0.0149232	0.000366213	1.404
17:35:25	300.00	72858.73	3	0.0149232	0.000366213	1.404
17:35:30	300.00	73008.48	3	0.0149232	0.000366213	1.404
17:35:35	300.00	73158.57	3	0.0149232	0.000366213	1.404
17:35:40	300.00	73311.52	3	0.0149232	0.000366213	1.404
17:35:45	300.00	73461.57	3	0.0149232	0.000366213	1.404
17:35:50	300.00	73614.56	3	0.0149232	0.000366213	1.404
17:35:55	300.00	73764.91	3	0.0149232	0.000366213	1.404
17:36:00	300.00	73917.87	3	0.0149232	0.000366213	1.404
17:36:05	300.00	74067.86	3	0.0149232	0.000366213	1.404
17:36:10	300.00	74218.01	3	0.0149232	0.000366213	1.404
17:36:16	300.00	74370.89	3	0.0149232	0.000366213	1.404
17:36:21	300.00	74520.70	3	0.0149232	0.000366213	1.404
17:36:26	300.00	74673.70	3	0.0149232	0.000366213	1.404
17:36:31	300.00	74823.83	3	0.0149232	0.000366213	1.404
17:36:36	300.00	74976.87	3	0.0149232	0.000366213	1.404
17:36:41	300.00	75126.79	3	0.0149232	0.000366213	1.404
17:36:46	300.00	75279.73	3	0.0149232	0.000366213	1.404
17:36:51	300.00	75429.67	3	0.0149232	0.000366213	1.404
17:36:56	300.00	75582.67	3	0.0149232	0.000366213	1.404
17:37:01	300.00	75732.73	3	0.0149232	0.000366213	1.404
17:37:06	300.00	75882.77	3	0.0149232	0.000366213	1.404
17:37:11	300.00	76035.55	3	0.0149232	0.000366213	1.404
17:37:16	300.00	76185.55	3	0.0149232	0.000366213	1.404
17:37:21	300.00	76338.65	3	0.0149232	0.000366213	1.404
17:37:26	300.00	76488.48	3	0.0149232	0.000366213	1.404
17:37:31	300.00	76641.54	3	0.0149232	0.000366213	1.404
17:37:36	300.00	76794.90	3	0.0149232	0.000366213	1.404
17:37:41	300.00	76944.94	3	0.0149232	0.000366213	1.404
17:37:46	300.00	77094.91	3	0.0149232	0.000366213	1.404
17:37:51	300.00	77247.80	3	0.0149232	0.000366213	1.404
17:37:56	300.00	77397.80	3	0.0149232	0.000366213	1.404
17:38:01	300.00	77550.76	3	0.0149232	0.000366213	1.404
17:38:06	300.00	77700.73	3	0.0149232	0.000366213	1.404
17:38:12	300.00	77853.71	3	0.0149232	0.000366213	1.404
17:38:17	300.00	78003.76	3	0.0149232	0.000366213	1.404
17:38:22	300.00	78156.73	3	0.0149232	0.000366213	1.404
17:38:27	300.00	78306.73	3	0.0149232	0.000366213	1.404
17:38:32	300.00	78456.66	3	0.0149232	0.000366213	1.404
17:38:37	300.00	78609.77	3	0.0149232	0.000366213	1.404
17:38:42	300.00	78759.62	3	0.0149232	0.000366213	1.404
17:38:47	300.00	78912.57	3	0.0149232	0.000366213	1.404
17:38:52	300.00	79062.55	3	0.0149232	0.000366213	1.404
17:38:57	300.00	79212.55	3	0.0149232	0.000366213	1.404
17:39:02	300.00	79365.62	3	0.0149232	0.000366213	1.404
17:39:07	300.00	79515.58	3	0.0149232	0.000366213	1.404
17:39:12	300.00	79668.88	3	0.0149232	0.000366213	1.404
17:39:17	300.00	79818.77	3	0.0149232	0.000366213	1.404
17:39:22	300.00	79971.83	3	0.0149232	0.000366213	1.404
17:39:27	300.00	80121.74	3	0.0149232	0.000366213	1.404
17:39:32	300.00	80271.71	3	0.0149232	0.000366213	1.404
17:39:37	300.00	80424.67	3	0.0149232	0.000366213	1.404
17:39:42	300.00	80577.70	3	0.0149232	0.000366213	1.404
17:39:47	300.00	80727.73	3	0.0149232	0.000366213	1.404
17:39:52	300.00	80880.62	3	0.0149232	0.000366213	1.404
17:39:57	300.00	81030.55	3	0.0149232	0.000366213	1.404
17:40:03	300.00	81180.66	3	0.0149232	0.000366213	1.404
17:40:08	300.00	81333.66	3	0.0149232	0.000366213	1.404
17:40:13	300.00	81483.62	3	0.0149232	0.000366213	1.404
17:40:18	300.00	81636.66	3	0.0149232	0.000366213	1.404
17:40:23	300.00	81786.52	3	0.0149232	0.000366213	1.404
17:40:28	300.00	81939.56	3	0.0149232	0.000366213	1.404
17:40:33	300.00	82089.42	3	0.0149232	0.000366213	1.404
17:40:38	300.00	82242.45	3	0.0149232	0.000366213	1.404
17:40:43	300.00	82392.41	3	0.0149232	0.000366213	1.404
17:40:48	300.00	82545.42	3	0.0149232	0.000366213	1.404
17:40:53	300.00	82695.52	3	0.0149232	0.000366213	1.404
17:40:58	300.00	82848.48	3	0.0149232	0.000366213	1.404
17:41:03	300.00	82998.45	3	0.0149232	0.000366213	1.404
17:41:08	300.00	83151.48	3	0.0149232	0.000366213	1.404
17:41:13	300.00	83301.48	3	0.0149232	0.000366213	1.404
17:41:18	300.00	83454.34	3	0.0149232	0.000366213	1.404
17:41:23	300.00	83604.23	3	0.0149232	0.000366213	1.404
17:41:28	300.00	83757.37	3	0.0149232	0.000366213	1.404
17:41:33	300.00	83907.34	3	0.0149232	0.000366213	1.404
17:41:38	300.00	84060.21	3	0.0149232	0.000366213	1.404
17:41:43	300.00	84210.24	3	0.0149232	0.000366213	1.404
17:41:49	300.00	84363.34	3	0.0149232	0.000366213	1.404
17:41:54	300.00	84513.23	3	0.0149232	0.000366213	1.404
17:41:59	300.00	84666.25	3	0.0149232	0.000366213	1.404
17:42:04	300.00	84815.96	3	0.0149232	0.000366213	1.404
17:42:09	300.00	84966.09	3	0.0149232	0.000366213	1.404
17:42:14	300.00	85119.12	3	0.0149232	0.000366213	1.404
17:42:19	300.00	85269.12	3	0.0149232	0.000366213	1.404
17:42:24	300.00	85422.08	3	0.0149232	0.000366213	1.404
17:42:29	300.00	85572.38	3	0.0149232	0.000366213	1.404
17:42:34	300.00	85725.30	3	0.0149232	0.000366213	1.404
17:42:39	300.00	85875.36	3	0.0149232	0.000366213	1.404
17:42:44	300.00	86028.44	3	0.0149232	0.000366213	1.404
17:42:49	300.00	86178.45	3	0.0149232	0.000366213	1.404
17:42:54	300.00	86328.22	3	0.0149232	0.000366213	1.404
17:42:59	300.00	86481.18	3	0.0149232	0.000366213	1.404
17:43:04	300.00	86634.24	3	0.0149232	0.000366213	1.404
17:43:09	300.00	86784.33	3	0.0149232	0.000366213	1.404
17:43:14	300.00	86937.23	3	0.0149232	0.000366213	1.404
17:43:19	300.00	87087.09	3	0.0149232	0.000366213	1.404
17:43:24	300.00	87237.16	3	0.0149232	0.000366213	1.404
17:43:29	300.00	87390.22	3	0.0149232	0.000366213	1.404
17:43:34	300.00	87540.11	3	0.0149232	0.000366213	1.404
17:43:40	300.00	87693.16	3	0.0149232	0.000366213	1.404
17:43:45	300.00	87843.03	3	0.0149232	0.000366213	1.404
17:43:50	300.00	87992.99	3	0.0149232	0.000366213	1.404
17:43:55	300.00	88146.05	3	0.0149232	0.000366213	1.404
17:44:00	300.00	88298.96	3	0.0149232	0.000366213	1.404
17:44:05	300.00	88449.04	3	0.0149232	0.000366213	1.404
17:44:10	300.00	88599.37	3	0.0149232	0.000366213	1.404
17:44:15	300.00	88752.27	3	0.0149232	0.000366213	1.404
17:44:20	300.00	88902.24	3	0.0149232	0.000366213	1.404
17:44:25	300.00	89052.23	3	0.0149232	0.000366213	1.404
17:44:30	300.00	89205.18	3	0.0149232	0.000366213	1.404
17:44:35	300.00	89358.13	3	0.0149232	0.000366213	1.404
17:44:40	300.00	89508.09	3	0.0149232	0.000366213	1.404
17:44:45	300.00	89658.20	3	0.0149232	0.000366213	1.404
17:44:50	300.00	89811.08	3	0.0149232	0.000366213	1.404
17:44:55	300.00	89960.90	3	0.0149232	0.000366213	1.404
17:45:00	300.00	90000.33	3	0.0149232	0.000366213	1.404
17:45:05	300.00	90000.40	3	0.0149232	0.000366213	1.404
17:45:10	300.00	90000.40	3	0.0149232	0.000366213	1.404
17:45:15	300.00	90000.40	3	0.0149232	0.000366213	1.404
17:45:20	300.00	90000.40	3	0.0149232	0.000366213	1.404
17:45:25	300.00	90000.38	3	0.0149232	0.000366213	1.404
17:45:30	300.00	90000.38	3	0.0149232	0.000366213	1.404
17:45:36	300.00	90000.38	3	0.0149232	0.000366213	1.404
17:45:41	300.00	90000.38	3	0.0149232	0.000366213	1.404
17:45:46	300.00	90000.10	3	0.0149232	0.000366213	1.404
