t,i,x,y,r,theta,xK,tc,therm,dc
1680118875.9066668, 0, 0.125176, -0.001905585, 0.124825, 359.1253, 0, 0, 0, -0.0
1680118880.6733391, 0, 0.1233482, -0.001905585, 0.1233629, 359.2846, 0, 0, 0, -1.0
1680118885.4428482, 0, 0.1222514, -0.001905585, 0.1218956, 359.2782, 0, 0, 0, -2.0
1680118890.211614, 0, 0.1204235, -0.001540169, 0.1208041, 359.2695, 0, 0, 0, -3.0
1680118894.9684434, 0, 0.1200579, -0.001905585, 0.1197023, 359.2628, 0, 0, 0, -4.0
1680118899.7502508, 0, 0.11823, -0.001905585, 0.1186174, 359.256, 0, 0, 0, -5.0
1680118904.500531, 0, 0.1174989, -0.001905585, 0.117509, 359.2467, 0, 0, 0, -6.0
1680118909.2545063, 0, 0.1167677, -0.001540169, 0.1164177, 359.065, 0, 0, 0, -7.0
1680118914.027622, 0, 0.115671, -0.001905585, 0.1160468, 359.2396, 0, 0, 0, -8.0
1680118918.7835574, 0, 0.1153054, -0.001540169, 0.1153114, 359.0502, 0, 0, 0, -9.0
1680118923.566632, 0, 0.1145743, -0.001905585, 0.1149502, 359.0471, 0, 0, 0, -10.0
1680118928.328766, 0, 0.1134775, -0.001905585, 0.1138535, 359.0441, 0, 0, 0, -11.0
1680118933.1046991, 0, 0.1123808, -0.001905585, 0.1127569, 359.403, 0, 0, 0, -12.0
1680118937.8737526, 0, 0.1116496, -0.0008093381, 0.1116602, 359.4011, 0, 0, 0, -13.0
1680118942.6401713, 0, 0.1105529, -0.001540169, 0.1105693, 359.0157, 0, 0, 0, -14.0
1680118947.417778, 0, 0.1090906, -0.0008093381, 0.1094591, 359.0059, 0, 0, 0, -15.0
1680118952.170917, 0, 0.1090906, -0.001540169, 0.108728, 359.3789, 0, 0, 0, -16.0
1680118956.951963, 0, 0.1076282, -0.001540169, 0.1076393, 359.1774, 0, 0, 0, -17.0
1680118961.7290149, 0, 0.1072627, -0.001540169, 0.1069082, 359.3725, 0, 0, 0, -18.0
1680118966.4980173, 0, 0.1061659, -0.001905585, 0.1061724, 359.5632, 0, 0, 0, -19.0
1680118971.2816355, 0, 0.1050692, -0.001905585, 0.1054379, 359.3594, 0, 0, 0, -20.0
1680118976.043662, 0, 0.104338, -0.001540169, 0.1047149, 359.1602, 0, 0, 0, -21.0
1680118980.8025622, 0, 0.1039725, -0.001174754, 0.1043494, 359.1513, 0, 0, 0, -22.0
1680118985.5812142, 0, 0.1036069, -0.001174754, 0.10361, 359.1483, 0, 0, 0, -23.0
1680118990.3437076, 0, 0.1025101, -0.001174754, 0.1025217, 359.3458, 0, 0, 0, -24.0
1680118995.1124675, 0, 0.101779, -0.001540169, 0.1021562, 359.3411, 0, 0, 0, -25.0
1680118999.8687797, 0, 0.1010478, -0.001540169, 0.1014251, 359.3363, 0, 0, 0, -26.0
1680119004.6278975, 0, 0.1006822, -0.001540169, 0.1010547, 359.1268, 0, 0, 0, -27.0
1680119009.429687, 0, 0.1003167, -0.001174754, 0.09996295, 359.3291, 0, 0, 0, -28.0
1680119014.1956966, 0, 0.09995108, -0.001174754, 0.09959243, 359.3242, 0, 0, 0, -29.0
1680119019.0047448, 0, 0.0995855, -0.001174754, 0.09923188, 359.3217, 0, 0, 0, -30.0
1680119023.7968159, 0, 0.09921993, -0.001174754, 0.09887271, 359.3217, 0, 0, 0, -31.0
1680119028.5634925, 0, 0.09812319, -0.001540169, 0.09813528, 359.3166, 0, 0, 0, -32.0
1680119033.34424, 0, 0.09812319, -0.001540169, 0.09776974, 359.0974, 0, 0, 0, -33.0
1680119038.1109464, 0, 0.09739203, -0.001174754, 0.09739911, 359.3089, 0, 0, 0, -34.0
1680119042.8562436, 0, 0.09702645, -0.001540169, 0.09739911, 359.5239, 0, 0, 0, -35.0
1680119047.6386614, 0, 0.09702645, -0.0008093381, 0.09667314, 359.3037, 0, 0, 0, -36.0
1680119052.4206657, 0, 0.09629529, -0.001540169, 0.0959369, 359.3011, 0, 0, 0, -37.0
1680119057.2036567, 0, 0.09556413, -0.001174754, 0.09593312, 359.2957, 0, 0, 0, -38.0
1680119061.9836187, 0, 0.09483297, -0.001540169, 0.09594207, 359.293, 0, 0, 0, -39.0
1680119066.7720656, 0, 0.09519856, -0.001540169, 0.09484024, 359.0695, 0, 0, 0, -40.0
1680119071.571854, 0, 0.09446739, -0.001174754, 0.09447087, 359.5091, 0, 0, 0, -41.0
1680119076.3538616, 0, 0.09373624, -0.001174754, 0.09410915, 359.2848, 0, 0, 0, -42.0
1680119081.1316586, 0, 0.09410182, -0.001174754, 0.09373973, 359.5053, 0, 0, 0, -43.0
1680119085.8920584, 0, 0.09337066, -0.001174754, 0.09373973, 359.0513, 0, 0, 0, -44.0
1680119090.6536937, 0, 0.09300508, -0.001174754, 0.09264304, 359.2763, 0, 0, 0, -45.0
1680119095.4411213, 0, 0.0926395, -0.001174754, 0.0930086, 359.4995, 0, 0, 0, -46.0
1680119130.2338395, 0, 0.07107033, -0.0008093381, 0.07144557, 359.0579, 0, 0, 0, -47.0
1680119135.0085266, 0, 0.07107033, -0.0008093381, 0.07108004, 359.6384, 0, 0, 0, -48.0
1680119139.7662027, 0, 0.0699736, -0.0008093381, 0.07071451, 359.3442, 0, 0, 0, -49.0
1680119144.5274513, 0, 0.06960802, -0.001174754, 0.06961793, 359.3408, 0, 0, 0, -50.0
1680119149.2865767, 0, 0.06924243, -0.001174754, 0.06961272, 359.3339, 0, 0, 0, -51.0
1680119154.0459101, 0, 0.06924243, -0.0008093381, 0.06924716, 359.6327, 0, 0, 0, -52.0
1680119158.8248296, 0, 0.06887686, -0.0008093381, 0.06924716, 359.3303, 0, 0, 0, -53.0
1680119163.5795557, 0, 0.06887686, -0.0008093381, 0.06888162, 359.0176, 0, 0, 0, -54.0
1680119168.3329284, 0, 0.06887686, -0.001174754, 0.06888688, 358.719, 0, 0, 0, -55.0
1680119173.098301, 0, 0.06851128, -0.0008093381, 0.06851606, 359.0176, 0, 0, 0, -56.0
1680119177.9030423, 0, 0.0681457, -0.0008093381, 0.06815051, 359.3232, 0, 0, 0, -57.0
1680119182.655794, 0, 0.0681457, -0.0004439224, 0.06815583, 359.3195, 0, 0, 0, -58.0
1680119187.45936, 0, 0.06778012, -0.0008093381, 0.06815051, 359.6227, 0, 0, 0, -59.0
1680119192.2410111, 0, 0.06741454, -0.0004439224, 0.06741939, 359.007, 0, 0, 0, -60.0
1680119197.0030606, 0, 0.06741454, -0.0008093381, 0.06815583, 359.3159, 0, 0, 0, -60.0
1680119201.774021, 0, 0.0681457, -0.0008093381, 0.06778495, 359.3159, 0, 0, 0, -59.0
1680119206.5316877, 0, 0.0681457, -0.001174754, 0.06814715, 359.3232, 0, 0, 0, -58.0
1680119211.2988641, 0, 0.06851128, -0.001174754, 0.06888162, 359.3268, 0, 0, 0, -57.0
1680119216.083799, 0, 0.06887686, -0.001174754, 0.0692524, 359.028, 0, 0, 0, -56.0
1680119220.8731406, 0, 0.06960802, -0.001174754, 0.06961793, 359.0331, 0, 0, 0, -55.0
1680119225.6185331, 0, 0.0699736, -0.0008093381, 0.06998345, 359.0331, 0, 0, 0, -54.0
1680119230.3680604, 0, 0.07070475, -0.001174754, 0.07034899, 359.0432, 0, 0, 0, -53.0
1680119235.1493769, 0, 0.07107033, -0.0008093381, 0.07070938, 359.053, 0, 0, 0, -52.0
1680119239.9519296, 0, 0.07143591, -0.0008093381, 0.07107494, 359.3509, 0, 0, 0, -51.0
1680119244.7008836, 0, 0.07216707, -0.001174754, 0.07181109, 359.0674, 0, 0, 0, -50.0
1680119249.4794583, 0, 0.07216707, -0.001540169, 0.07254216, 359.3575, 0, 0, 0, -49.0
1680119254.2423055, 0, 0.07289822, -0.001174754, 0.07290769, 359.6511, 0, 0, 0, -48.0
1680119259.008736, 0, 0.07326381, -0.001174754, 0.07327323, 359.0814, 0, 0, 0, -47.0
1680119263.7934108, 0, 0.07362939, -0.001174754, 0.07363875, 358.8076, 0, 0, 0, -46.0
1680119268.5567687, 0, 0.07472612, -0.001540169, 0.07436983, 359.0949, 0, 0, 0, -45.0
1680119273.3258731, 0, 0.0750917, -0.001540169, 0.0751075, 358.8134, 0, 0, 0, -44.0
1680119278.1045616, 0, 0.07545728, -0.001540169, 0.0751075, 358.8307, 0, 0, 0, -43.0
1680119282.8741796, 0, 0.07582286, -0.001174754, 0.07619749, 358.8474, 0, 0, 0, -42.0
1680119287.6353798, 0, 0.07618844, -0.001174754, 0.07619749, 358.8474, 0, 0, 0, -41.0
1680119292.4045494, 0, 0.0769196, -0.001174754, 0.07656951, 358.8529, 0, 0, 0, -40.0
1680119297.1804988, 0, 0.07728518, -0.001540169, 0.07693502, 359.1292, 0, 0, 0, -39.0
1680119301.9506001, 0, 0.07765076, -0.001905585, 0.07766603, 359.1333, 0, 0, 0, -38.0
1680119306.7458665, 0, 0.07838191, -0.001540169, 0.07839704, 358.8743, 0, 0, 0, -37.0
1680119311.4944584, 0, 0.0787475, -0.001540169, 0.07876255, 359.1453, 0, 0, 0, -36.0
1680119316.259094, 0, 0.07911307, -0.001174754, 0.07949357, 358.9, 0, 0, 0, -35.0
1680119321.013072, 0, 0.08020981, -0.001540169, 0.08023244, 358.9049, 0, 0, 0, -34.0
1680119325.7882679, 0, 0.08057539, -0.001905585, 0.08132114, 359.1722, 0, 0, 0, -33.0
1680119330.5714316, 0, 0.08167212, -0.001540169, 0.08095562, 359.1759, 0, 0, 0, -32.0
1680119335.330545, 0, 0.0820377, -0.001540169, 0.08241768, 358.9245, 0, 0, 0, -31.0
1680119340.1087606, 0, 0.08276886, -0.001540169, 0.08314274, 358.9387, 0, 0, 0, -30.0
1680119344.8777158, 0, 0.08350002, -0.001905585, 0.08387975, 358.9387, 0, 0, 0, -29.0
1680119349.6404805, 0, 0.08423118, -0.001905585, 0.08461822, 358.704, 0, 0, 0, -28.0
1680119354.4408188, 0, 0.08423118, -0.001905585, 0.08461822, 358.957, 0, 0, 0, -27.0
1680119359.2090886, 0, 0.08532792, -0.001540169, 0.08534182, 358.9615, 0, 0, 0, -26.0
1680119363.9947965, 0, 0.08532792, -0.001905585, 0.08534182, 359.2146, 0, 0, 0, -25.0
1680119368.7502444, 0, 0.08605908, -0.001540169, 0.08643837, 358.979, 0, 0, 0, -24.0
1680119373.532656, 0, 0.08642466, -0.001905585, 0.0868039, 358.7422, 0, 0, 0, -23.0
1680119378.277905, 0, 0.08679023, -0.001905585, 0.08717664, 358.7527, 0, 0, 0, -22.0
1680119383.0304813, 0, 0.08788697, -0.001905585, 0.08755086, 358.9918, 0, 0, 0, -21.0
1680119387.814002, 0, 0.08825255, -0.001540169, 0.08790047, 359.0043, 0, 0, 0, -20.0
1680119392.5884776, 0, 0.08898371, -0.002271, 0.08899704, 358.7782, 0, 0, 0, -19.0
1680119397.3596897, 0, 0.08971487, -0.001905585, 0.08974361, 358.55, 0, 0, 0, -18.0
1680119402.1308436, 0, 0.0908116, -0.001905585, 0.09045914, 358.793, 0, 0, 0, -17.0
1680119406.9197106, 0, 0.09117718, -0.001540169, 0.09119709, 359.0323, 0, 0, 0, -16.0
1680119411.6747491, 0, 0.09227392, -0.001905585, 0.09193639, 358.5789, 0, 0, 0, -15.0
1680119416.4411633, 0, 0.0926395, -0.002271, 0.09266733, 358.8262, 0, 0, 0, -14.0
1680119421.1948419, 0, 0.09337066, -0.001540169, 0.09412111, 358.8354, 0, 0, 0, -13.0
1680119425.9598658, 0, 0.09446739, -0.001905585, 0.09448661, 359.0623, 0, 0, 0, -12.0
1680119430.7364645, 0, 0.09556413, -0.002271, 0.09595659, 358.8577, 0, 0, 0, -11.0
1680119435.4967773, 0, 0.09666087, -0.002271, 0.09632207, 358.649, 0, 0, 0, -10.0
1680119440.2571633, 0, 0.09702645, -0.001905585, 0.09704516, 358.8749, 0, 0, 0, -9.0
1680119445.019411, 0, 0.09775761, -0.002271, 0.09814946, 358.8833, 0, 0, 0, -8.0
1680119449.7717106, 0, 0.09885435, -0.001905585, 0.09924591, 358.684, 0, 0, 0, -7.0
1680119454.553692, 0, 0.0995855, -0.001540169, 0.09923822, 358.9038, 0, 0, 0, -6.0
1680119459.306599, 0, 0.1006822, -0.001540169, 0.1003348, 358.9157, 0, 0, 0, -5.0
1680119464.0654926, 0, 0.1014134, -0.001905585, 0.1010547, 359.1299, 0, 0, 0, -4.0
1680119468.8480737, 0, 0.1028757, -0.001174754, 0.1025217, 359.1423, 0, 0, 0, -3.0
1680119473.6034443, 0, 0.1032413, -0.001540169, 0.1028873, 359.1483, 0, 0, 0, -2.0
1680119478.3687692, 0, 0.104338, -0.001540169, 0.1043447, 359.1543, 0, 0, 0, -1.0
1680119483.1247838, 0, 0.1054348, -0.001905585, 0.1054413, 359.3616, 0, 0, 0, -0.0
