f,v,x,y,r,theta
10.0,0.0,-6.38483e-07,9.72074e-09,6.38483e-07,179.124
10.0,0.020689655172413793,-2.13041e-08,2.9104e-10,2.12459e-08,179.1
10.0,0.041379310344827586,-4.26082e-08,6.40288e-10,4.255e-08,179.1
10.0,0.06206896551724138,-6.59497e-08,9.89537e-10,6.58915e-08,179.1
10.0,0.08275862068965517,-8.72537e-08,1.28058e-09,8.71955e-08,179.124
10.0,0.10344827586206896,-1.08383e-07,1.92087e-09,1.08325e-07,178.98
10.0,0.12413793103448276,-1.31958e-07,1.97907e-09,1.31899e-07,179.13
10.0,0.14482758620689656,-1.53203e-07,2.32832e-09,1.53145e-07,179.13
10.0,0.16551724137931034,-1.76603e-07,2.67757e-09,1.76603e-07,179.124
10.0,0.18620689655172412,-1.97907e-07,3.02681e-09,1.97849e-07,179.124
10.0,0.20689655172413793,-2.19153e-07,3.31785e-09,2.19153e-07,179.13
10.0,0.22758620689655173,-2.42611e-07,3.60889e-09,2.42553e-07,179.142
10.0,0.2482758620689655,-2.63799e-07,4.01636e-09,2.63799e-07,179.124
10.0,0.2689655172413793,-2.85103e-07,4.3074e-09,2.85045e-07,179.13
10.0,0.2896551724137931,-3.08502e-07,4.65664e-09,3.08444e-07,179.124
10.0,0.3103448275862069,-3.29748e-07,5.00589e-09,3.29748e-07,179.124
10.0,0.3310344827586207,-3.50994e-07,5.35513e-09,3.50994e-07,179.124
10.0,0.35172413793103446,-3.74393e-07,5.64617e-09,3.74393e-07,179.13
10.0,0.37241379310344824,-3.95697e-07,5.99542e-09,3.95639e-07,179.124
10.0,0.3931034482758621,-4.16943e-07,6.34466e-09,4.16943e-07,179.124
10.0,0.41379310344827586,-4.40343e-07,6.69391e-09,4.40343e-07,179.124
10.0,0.43448275862068964,-4.61589e-07,6.98495e-09,4.61589e-07,179.124
10.0,0.45517241379310347,-4.82836e-07,7.33419e-09,4.82836e-07,179.124
10.0,0.47586206896551725,-5.06236e-07,7.68347e-09,5.06236e-07,179.124
10.0,0.496551724137931,-5.27481e-07,8.03271e-09,5.2754e-07,179.124
10.0,0.5172413793103449,-5.49077e-07,8.32375e-09,5.49135e-07,179.124
10.0,0.5379310344827586,-5.72476e-07,8.73121e-09,5.72476e-07,179.124
10.0,0.5586206896551724,-5.9378e-07,9.02224e-09,5.9378e-07,179.124
10.0,0.5793103448275863,-6.15026e-07,9.31328e-09,6.15026e-07,179.13
10.0,0.6,-6.38425e-07,9.72074e-09,6.38425e-07,179.124
30.0,0.0,-6.37028e-07,3.09085e-08,6.37727e-07,177.222
30.0,0.020689655172413793,-2.13041e-08,9.89537e-10,2.12459e-08,177.216
30.0,0.041379310344827586,-4.24918e-08,2.03728e-09,4.24918e-08,177.216
30.0,0.06206896551724138,-6.58333e-08,3.14323e-09,6.58915e-08,177.216
30.0,0.08275862068965517,-8.70791e-08,4.19098e-09,8.71373e-08,177.216
30.0,0.10344827586206896,-1.08267e-07,5.23872e-09,1.08383e-07,177.216
30.0,0.12413793103448276,-1.31667e-07,6.34466e-09,1.31783e-07,177.216
30.0,0.14482758620689656,-1.52912e-07,7.3924e-09,1.52971e-07,177.216
30.0,0.16551724137931034,-1.76195e-07,8.55658e-09,1.7637e-07,177.216
30.0,0.18620689655172412,-1.97441e-07,9.54611e-09,1.97616e-07,177.228
30.0,0.20689655172413793,-2.18629e-07,1.05939e-08,2.18862e-07,177.222
30.0,0.22758620689655173,-2.42029e-07,1.16998e-08,2.42262e-07,177.222
30.0,0.2482758620689655,-2.63275e-07,1.27475e-08,2.63508e-07,177.216
30.0,0.2689655172413793,-2.84463e-07,1.37953e-08,2.84754e-07,177.222
30.0,0.2896551724137931,-3.07746e-07,1.49013e-08,3.08037e-07,177.222
30.0,0.3103448275862069,-3.2905e-07,1.5949e-08,3.29399e-07,177.216
30.0,0.3310344827586207,-3.50237e-07,1.69968e-08,3.50587e-07,177.222
30.0,0.35172413793103446,-3.7352e-07,1.81027e-08,3.73928e-07,177.222
30.0,0.37241379310344824,-3.94824e-07,1.91504e-08,3.95232e-07,177.222
30.0,0.3931034482758621,-4.16012e-07,2.01982e-08,4.16478e-07,177.222
30.0,0.41379310344827586,-4.39353e-07,2.13041e-08,4.39877e-07,177.222
30.0,0.43448275862068964,-4.60599e-07,2.22936e-08,4.61065e-07,177.222
30.0,0.45517241379310347,-4.8173e-07,2.33414e-08,4.82254e-07,177.222
30.0,0.47586206896551725,-5.0513e-07,2.45055e-08,5.05654e-07,177.222
30.0,0.496551724137931,-5.26317e-07,2.55533e-08,5.26899e-07,177.222
30.0,0.5172413793103449,-5.47912e-07,2.65428e-08,5.48494e-07,177.222
30.0,0.5379310344827586,-5.71137e-07,2.76488e-08,5.71719e-07,177.222
30.0,0.5586206896551724,-5.92383e-07,2.87547e-08,5.93023e-07,177.216
30.0,0.5793103448275863,-6.13687e-07,2.97442e-08,6.14327e-07,177.222
30.0,0.6,-6.3697e-07,3.08503e-08,6.37669e-07,177.222
50.0,0.0,-6.31499e-07,5.85571e-08,6.34118e-07,174.696
50.0,0.020689655172413793,-1.98489e-08,2.32832e-09,1.99071e-08,173.184
50.0,0.041379310344827586,-4.16187e-08,5.1223e-09,4.19097e-08,172.974
50.0,0.06206896551724138,-6.64154e-08,6.98495e-09,6.67064e-08,173.982
50.0,0.08275862068965517,-8.77776e-08,7.50885e-09,8.80104e-08,175.068
50.0,0.10344827586206896,-1.08907e-07,1.02446e-08,1.09314e-07,174.612
50.0,0.12413793103448276,-1.32016e-07,1.14088e-08,1.32423e-07,175.062
50.0,0.14482758620689656,-1.52796e-07,1.29804e-08,1.5332e-07,175.122
50.0,0.16551724137931034,-1.75381e-07,1.47848e-08,1.75963e-07,175.164
50.0,0.18620689655172412,-1.96103e-07,1.67639e-08,1.96743e-07,175.11
50.0,0.20689655172413793,-2.17115e-07,1.86848e-08,2.17872e-07,175.068
50.0,0.22758620689655173,-2.39235e-07,2.28175e-08,2.40283e-07,174.54
50.0,0.2482758620689655,-2.61762e-07,2.54951e-08,2.62984e-07,174.438
50.0,0.2689655172413793,-2.82309e-07,2.74159e-08,2.83531e-07,174.45
50.0,0.2896551724137931,-3.06232e-07,2.95114e-08,3.07629e-07,174.492
50.0,0.3103448275862069,-3.28177e-07,3.06175e-08,3.29574e-07,174.666
50.0,0.3310344827586207,-3.4919e-07,3.16652e-08,3.50587e-07,174.816
50.0,0.35172413793103446,-3.72182e-07,3.34114e-08,3.73637e-07,174.864
50.0,0.37241379310344824,-3.93136e-07,3.51577e-08,3.94592e-07,174.882
50.0,0.3931034482758621,-4.13858e-07,3.69039e-08,4.1543e-07,174.9
50.0,0.41379310344827586,-4.3685e-07,3.89994e-08,4.38538e-07,174.894
50.0,0.43448275862068964,-4.5763e-07,4.09202e-08,4.59377e-07,174.888
50.0,0.45517241379310347,-4.78471e-07,4.28411e-08,4.80333e-07,174.882
50.0,0.47586206896551725,-5.01055e-07,4.52276e-08,5.03034e-07,174.84
50.0,0.496551724137931,-5.21835e-07,4.73813e-08,5.23931e-07,174.804
50.0,0.5172413793103449,-5.43139e-07,4.95349e-08,5.45351e-07,174.786
50.0,0.5379310344827586,-5.66306e-07,5.16886e-08,5.68634e-07,174.78
50.0,0.5586206896551724,-5.87203e-07,5.41334e-08,5.89647e-07,174.732
50.0,0.5793103448275863,-6.08274e-07,5.60542e-08,6.10835e-07,174.732
50.0,0.6,-6.31615e-07,5.90228e-08,6.34293e-07,174.66
10.0,0.0,-6.38309e-07,9.72074e-09,6.38367e-07,179.124
10.0,0.020689655172413793,-2.13041e-08,2.9104e-10,2.12459e-08,179.1
10.0,0.041379310344827586,-4.26082e-08,5.8208e-10,4.255e-08,179.148
10.0,0.06206896551724138,-6.60079e-08,9.89537e-10,6.59497e-08,179.13
10.0,0.08275862068965517,-8.72537e-08,1.28058e-09,8.71955e-08,179.124
10.0,0.10344827586206896,-1.085e-07,1.62982e-09,1.08441e-07,179.118
10.0,0.12413793103448276,-1.31899e-07,1.97907e-09,1.31841e-07,179.118
10.0,0.14482758620689656,-1.53203e-07,2.32832e-09,1.53145e-07,179.13
10.0,0.16551724137931034,-1.76603e-07,2.67757e-09,1.76545e-07,179.124
10.0,0.18620689655172412,-1.97849e-07,3.02681e-09,1.97849e-07,179.124
10.0,0.20689655172413793,-2.19095e-07,3.31785e-09,2.19036e-07,179.13
10.0,0.22758620689655173,-2.42495e-07,3.6671e-09,2.42437e-07,179.124
10.0,0.2482758620689655,-2.63741e-07,4.01636e-09,2.63741e-07,179.124
10.0,0.2689655172413793,-2.85045e-07,4.3656e-09,2.84987e-07,179.124
10.0,0.2896551724137931,-3.08386e-07,4.65664e-09,3.08386e-07,179.124
10.0,0.3103448275862069,-3.2969e-07,5.00589e-09,3.29632e-07,179.124
10.0,0.3310344827586207,-3.50936e-07,5.35513e-09,3.50878e-07,179.124
10.0,0.35172413793103446,-3.74335e-07,5.64617e-09,3.74277e-07,179.13
10.0,0.37241379310344824,-3.95581e-07,5.99542e-09,3.95523e-07,179.124
10.0,0.3931034482758621,-4.16827e-07,6.34466e-09,4.16827e-07,179.124
10.0,0.41379310344827586,-4.40226e-07,6.69391e-09,4.40226e-07,179.13
10.0,0.43448275862068964,-4.6153e-07,6.98495e-09,4.6153e-07,179.124
10.0,0.45517241379310347,-4.8272e-07,7.33419e-09,4.8272e-07,179.124
10.0,0.47586206896551725,-5.06119e-07,7.68347e-09,5.06119e-07,179.124
10.0,0.496551724137931,-5.27423e-07,8.03271e-09,5.27423e-07,179.124
10.0,0.5172413793103449,-5.4896e-07,8.38196e-09,5.4896e-07,179.124
10.0,0.5379310344827586,-5.7236e-07,8.73121e-09,5.7236e-07,179.124
10.0,0.5586206896551724,-5.93664e-07,9.02224e-09,5.93664e-07,179.124
10.0,0.5793103448275863,-6.14909e-07,9.31328e-09,6.14909e-07,179.13
10.0,0.6,-6.38309e-07,9.72074e-09,6.38309e-07,179.124
30.0,0.0,-6.36854e-07,3.09085e-08,6.37552e-07,177.222
30.0,0.020689655172413793,-2.13041e-08,1.04775e-09,2.12459e-08,177.036
30.0,0.041379310344827586,-4.24918e-08,1.97907e-09,4.24918e-08,177.258
30.0,0.06206896551724138,-6.58333e-08,3.14323e-09,6.58333e-08,177.216
30.0,0.08275862068965517,-8.70791e-08,4.19098e-09,8.70791e-08,177.216
30.0,0.10344827586206896,-1.08267e-07,5.23872e-09,1.08383e-07,177.216
30.0,0.12413793103448276,-1.31608e-07,6.28646e-09,1.31725e-07,177.246
30.0,0.14482758620689656,-1.52738e-07,7.3924e-09,1.52854e-07,177.216
30.0,0.16551724137931034,-1.76254e-07,8.673e-09,1.7637e-07,177.174
30.0,0.18620689655172412,-1.97441e-07,9.4297e-09,1.97616e-07,177.258
30.0,0.20689655172413793,-2.18571e-07,1.05939e-08,2.18745e-07,177.222
30.0,0.22758620689655173,-2.41971e-07,1.1758e-08,2.42204e-07,177.21
30.0,0.2482758620689655,-2.63159e-07,1.27475e-08,2.63391e-07,177.216
30.0,0.2689655172413793,-2.84404e-07,1.37953e-08,2.84637e-07,177.222
30.0,0.2896551724137931,-3.07804e-07,1.49595e-08,3.08095e-07,177.21
30.0,0.3103448275862069,-3.28992e-07,1.58908e-08,3.29341e-07,177.234
30.0,0.3310344827586207,-3.50121e-07,1.69968e-08,3.5047e-07,177.222
30.0,0.35172413793103446,-3.7352e-07,1.81027e-08,3.7387e-07,177.222
30.0,0.37241379310344824,-3.94708e-07,1.90922e-08,3.95115e-07,177.222
30.0,0.3931034482758621,-4.15896e-07,2.01982e-08,4.16361e-07,177.222
30.0,0.41379310344827586,-4.39179e-07,2.12459e-08,4.39644e-07,177.222
30.0,0.43448275862068964,-4.60483e-07,2.23519e-08,4.61006e-07,177.222
30.0,0.45517241379310347,-4.8173e-07,2.33414e-08,4.82196e-07,177.222
30.0,0.47586206896551725,-5.05013e-07,2.45637e-08,5.05537e-07,177.216
30.0,0.496551724137931,-5.26259e-07,2.55533e-08,5.26841e-07,177.216
30.0,0.5172413793103449,-5.47796e-07,2.65428e-08,5.4832e-07,177.222
30.0,0.5379310344827586,-5.71079e-07,2.76488e-08,5.71719e-07,177.222
30.0,0.5586206896551724,-5.92267e-07,2.87547e-08,5.92907e-07,177.222
30.0,0.5793103448275863,-6.13571e-07,2.98025e-08,6.14269e-07,177.216
30.0,0.6,-6.36854e-07,3.08503e-08,6.37552e-07,177.228
50.0,0.0,-6.33769e-07,5.75094e-08,6.3633e-07,174.81
50.0,0.020689655172413793,-2.12459e-08,5.8208e-10,2.11877e-08,178.38
50.0,0.041379310344827586,-4.15605e-08,2.67757e-09,4.16187e-08,176.232
50.0,0.06206896551724138,-6.40871e-08,6.05363e-09,6.43199e-08,174.588
50.0,0.08275862068965517,-8.51583e-08,8.09092e-09,8.55075e-08,174.54
50.0,0.10344827586206896,-1.06288e-07,1.0361e-08,1.06753e-07,174.408
50.0,0.12413793103448276,-1.29629e-07,1.27475e-08,1.30211e-07,174.36
50.0,0.14482758620689656,-1.52098e-07,1.53087e-08,1.52796e-07,174.228
50.0,0.16551724137931034,-1.75439e-07,1.74624e-08,1.76254e-07,174.312
50.0,0.18620689655172412,-1.97208e-07,1.89758e-08,1.98023e-07,174.498
50.0,0.20689655172413793,-2.18338e-07,2.07802e-08,2.19269e-07,174.558
50.0,0.22758620689655173,-2.41738e-07,2.24101e-08,2.4267e-07,174.696
50.0,0.2482758620689655,-2.62809e-07,2.39817e-08,2.63857e-07,174.774
50.0,0.2689655172413793,-2.83706e-07,2.54369e-08,2.84812e-07,174.87
50.0,0.2896551724137931,-3.06756e-07,2.74159e-08,3.07979e-07,174.888
50.0,0.3103448275862069,-3.27944e-07,2.94532e-08,3.29224e-07,174.864
50.0,0.3310344827586207,-3.4884e-07,3.11995e-08,3.50179e-07,174.888
50.0,0.35172413793103446,-3.71949e-07,3.3295e-08,3.73404e-07,174.876
50.0,0.37241379310344824,-3.9302e-07,3.52159e-08,3.94533e-07,174.876
50.0,0.3931034482758621,-4.138e-07,3.69621e-08,4.15372e-07,174.894
50.0,0.41379310344827586,-4.36792e-07,3.89994e-08,4.3848e-07,174.894
50.0,0.43448275862068964,-4.56525e-07,4.13277e-08,4.58329e-07,174.828
50.0,0.45517241379310347,-4.77539e-07,4.32485e-08,4.7946e-07,174.816
50.0,0.47586206896551725,-5.00357e-07,4.65081e-08,5.02452e-07,174.684
50.0,0.496551724137931,-5.22534e-07,4.95932e-08,5.24862e-07,174.576
50.0,0.5172413793103449,-5.45293e-07,5.10483e-08,5.47621e-07,174.648
50.0,0.5379310344827586,-5.6846e-07,5.31438e-08,5.70904e-07,174.654
50.0,0.5586206896551724,-5.89764e-07,5.46572e-08,5.92267e-07,174.702
50.0,0.5793103448275863,-6.10777e-07,5.68691e-08,6.13338e-07,174.678
50.0,0.6,-6.3406e-07,5.88482e-08,6.36679e-07,174.69
10.0,0.0,-6.38192e-07,9.72074e-09,6.38192e-07,179.124
10.0,0.020689655172413793,-2.13041e-08,2.9104e-10,2.12459e-08,179.1
10.0,0.041379310344827586,-4.26082e-08,5.8208e-10,4.255e-08,179.148
10.0,0.06206896551724138,-6.60079e-08,9.89537e-10,6.59497e-08,179.13
10.0,0.08275862068965517,-8.72537e-08,1.28058e-09,8.71955e-08,179.124
10.0,0.10344827586206896,-1.085e-07,1.62982e-09,1.08441e-07,179.118
10.0,0.12413793103448276,-1.31899e-07,1.97907e-09,1.31841e-07,179.13
10.0,0.14482758620689656,-1.53145e-07,2.32832e-09,1.53145e-07,179.124
10.0,0.16551724137931034,-1.76545e-07,2.67757e-09,1.76487e-07,179.124
10.0,0.18620689655172412,-1.97791e-07,3.02681e-09,1.97791e-07,179.124
10.0,0.20689655172413793,-2.19036e-07,3.31785e-09,2.19036e-07,179.13
10.0,0.22758620689655173,-2.42437e-07,3.6671e-09,2.42437e-07,179.124
10.0,0.2482758620689655,-2.63741e-07,4.01636e-09,2.63683e-07,179.124
10.0,0.2689655172413793,-2.84928e-07,4.3656e-09,2.84928e-07,179.124
10.0,0.2896551724137931,-3.08328e-07,4.65664e-09,3.08328e-07,179.124
10.0,0.3103448275862069,-3.29632e-07,5.00589e-09,3.29574e-07,179.124
10.0,0.3310344827586207,-3.50819e-07,5.35513e-09,3.50819e-07,179.124
10.0,0.35172413793103446,-3.74219e-07,5.70438e-09,3.74219e-07,179.124
10.0,0.37241379310344824,-3.95523e-07,5.99542e-09,3.95465e-07,179.124
10.0,0.3931034482758621,-4.16769e-07,6.34466e-09,4.16769e-07,179.124
10.0,0.41379310344827586,-4.40168e-07,6.69391e-09,4.40168e-07,179.124
10.0,0.43448275862068964,-4.61414e-07,6.98495e-09,4.61414e-07,179.124
10.0,0.45517241379310347,-4.82662e-07,7.33419e-09,4.82662e-07,179.124
10.0,0.47586206896551725,-5.06061e-07,7.68347e-09,5.06061e-07,179.124
10.0,0.496551724137931,-5.27307e-07,8.03271e-09,5.27307e-07,179.13
10.0,0.5172413793103449,-5.48844e-07,8.32375e-09,5.48902e-07,179.124
10.0,0.5379310344827586,-5.72243e-07,8.73121e-09,5.72243e-07,179.124
10.0,0.5586206896551724,-5.93489e-07,9.02224e-09,5.93489e-07,179.124
10.0,0.5793103448275863,-6.14735e-07,9.31328e-09,6.14735e-07,179.124
10.0,0.6,-6.38192e-07,9.72074e-09,6.38192e-07,179.124
30.0,0.0,-6.36737e-07,3.08503e-08,6.37436e-07,177.222
30.0,0.020689655172413793,-2.12459e-08,9.89537e-10,2.12459e-08,177.216
30.0,0.041379310344827586,-4.24918e-08,2.03728e-09,4.24918e-08,177.216
30.0,0.06206896551724138,-6.58333e-08,3.14323e-09,6.58915e-08,177.216
30.0,0.08275862068965517,-8.70791e-08,4.19098e-09,8.70791e-08,177.24
30.0,0.10344827586206896,-1.08208e-07,5.23872e-09,1.08325e-07,177.216
30.0,0.12413793103448276,-1.31608e-07,6.34466e-09,1.31725e-07,177.216
30.0,0.14482758620689656,-1.52796e-07,7.3924e-09,1.52912e-07,177.228
30.0,0.16551724137931034,-1.76137e-07,8.49838e-09,1.76254e-07,177.228
30.0,0.18620689655172412,-1.97383e-07,9.54611e-09,1.97558e-07,177.216
30.0,0.20689655172413793,-2.18571e-07,1.05939e-08,2.18804e-07,177.222
30.0,0.22758620689655173,-2.41913e-07,1.16998e-08,2.42146e-07,177.222
30.0,0.2482758620689655,-2.631e-07,1.27475e-08,2.63333e-07,177.216
30.0,0.2689655172413793,-2.84346e-07,1.37953e-08,2.84637e-07,177.222
30.0,0.2896551724137931,-3.07629e-07,1.49013e-08,3.07979e-07,177.222
30.0,0.3103448275862069,-3.28875e-07,1.5949e-08,3.29224e-07,177.222
30.0,0.3310344827586207,-3.50063e-07,1.69968e-08,3.50412e-07,177.222
30.0,0.35172413793103446,-3.73404e-07,1.80445e-08,3.73811e-07,177.222
30.0,0.37241379310344824,-3.94592e-07,1.91504e-08,3.94999e-07,177.222
30.0,0.3931034482758621,-4.15837e-07,2.01982e-08,4.16303e-07,177.216
30.0,0.41379310344827586,-4.39179e-07,2.12459e-08,4.39644e-07,177.222
30.0,0.43448275862068964,-4.60366e-07,2.23519e-08,4.60832e-07,177.216
30.0,0.45517241379310347,-4.81556e-07,2.33414e-08,4.82021e-07,177.216
30.0,0.47586206896551725,-5.04897e-07,2.44473e-08,5.05421e-07,177.222
30.0,0.496551724137931,-5.26143e-07,2.54951e-08,5.26725e-07,177.222
30.0,0.5172413793103449,-5.4768e-07,2.65428e-08,5.48262e-07,177.222
30.0,0.5379310344827586,-5.70963e-07,2.7707e-08,5.71603e-07,177.222
30.0,0.5586206896551724,-5.92208e-07,2.86965e-08,5.92849e-07,177.222
30.0,0.5793103448275863,-6.13396e-07,2.97442e-08,6.14094e-07,177.222
30.0,0.6,-6.36737e-07,3.09085e-08,6.37494e-07,177.216
50.0,0.0,-6.31266e-07,5.84407e-08,6.33885e-07,174.702
50.0,0.020689655172413793,-1.97325e-08,2.1537e-09,1.98489e-08,173.64
50.0,0.041379310344827586,-4.09202e-08,4.3074e-09,4.10948e-08,173.946
50.0,0.06206896551724138,-6.47274e-08,7.21778e-09,6.50766e-08,173.592
50.0,0.08275862068965517,-8.64388e-08,9.37149e-09,8.68463e-08,173.79
50.0,0.10344827586206896,-1.07452e-07,1.12923e-08,1.07976e-07,173.976
50.0,0.12413793103448276,-1.31725e-07,1.30968e-08,1.32307e-07,174.318
50.0,0.14482758620689656,-1.53145e-07,1.35042e-08,1.53669e-07,174.948
50.0,0.16551724137931034,-1.7637e-07,1.58326e-08,1.7701e-07,174.87
50.0,0.18620689655172412,-1.97267e-07,1.74042e-08,1.98023e-07,174.948
50.0,0.20689655172413793,-2.17872e-07,1.88594e-08,2.18571e-07,175.05
50.0,0.22758620689655173,-2.39759e-07,2.08967e-08,2.40574e-07,175.008
50.0,0.2482758620689655,-2.60074e-07,2.40399e-08,2.61063e-07,174.714
50.0,0.2689655172413793,-2.81261e-07,2.67174e-08,2.82484e-07,174.57
50.0,0.2896551724137931,-3.04428e-07,2.88711e-08,3.05767e-07,174.576
50.0,0.3103448275862069,-3.26198e-07,3.14324e-08,3.27595e-07,174.492
50.0,0.3310344827586207,-3.47851e-07,3.34114e-08,3.49364e-07,174.504
50.0,0.35172413793103446,-3.7125e-07,3.55651e-08,3.7288e-07,174.522
50.0,0.37241379310344824,-3.91623e-07,3.75442e-08,3.93369e-07,174.522
50.0,0.3931034482758621,-4.12927e-07,3.95232e-08,4.1479e-07,174.534
50.0,0.41379310344827586,-4.36326e-07,4.16769e-08,4.38306e-07,174.54
50.0,0.43448275862068964,-4.57747e-07,4.35978e-08,4.59784e-07,174.558
50.0,0.45517241379310347,-4.79402e-07,4.51694e-08,4.81497e-07,174.612
50.0,0.47586206896551725,-5.02685e-07,4.72066e-08,5.04839e-07,174.63
50.0,0.496551724137931,-5.23989e-07,4.87782e-08,5.26201e-07,174.678
50.0,0.5172413793103449,-5.45526e-07,5.01752e-08,5.47738e-07,174.744
50.0,0.5379310344827586,-5.68576e-07,5.19215e-08,5.70904e-07,174.78
50.0,0.5586206896551724,-5.88832e-07,5.30274e-08,5.91161e-07,174.852
50.0,0.5793103448275863,-6.09321e-07,5.48901e-08,6.11766e-07,174.846
50.0,0.6,-6.32313e-07,5.71019e-08,6.34816e-07,174.834
