t,i,temp_desired,temp_tc
1681168596.9231074,25,0.8673618555000007,23.2909126
1681168597.9028864,25,0.8786389706040124,23.3339347
1681168598.8824759,25,0.9085982056600252,23.3393783
1681168599.871162,25,0.9313295878199852,23.3585872
1681168600.852297,25,0.9556166836279972,23.3740119
1681168601.8386507,25,0.9786664603160087,23.3912334
1681168602.8353293,25,0.987847889106027,23.4345493
1681168603.824815,25,0.980990619106027,23.507946
1681168604.820783,25,0.9663148111060275,23.5935554
1681168605.801306,25,0.9469933658899897,23.6839962
1681168606.7944548,25,0.9128797265800035,23.7995223
1681168607.7807064,25,0.8665364005800027,23.9348163
1681168608.7706885,25,0.8165215812360097,24.0713958
1681168609.7624419,25,0.7634193993160167,24.208744
1681168610.7536068,25,0.7149813497959996,24.3319416
1681168611.7435026,25,0.6507404737959991,24.4811763
1681168612.730125,25,0.5753459606280027,24.6459026
1681168613.7129939,25,0.5057740326280018,24.7933139
1681168614.7091854,25,0.4370797631720037,24.9333267
1681168615.6886535,25,0.3647822899140039,25.0750141
1681168616.675621,25,0.28539926791400416,25.2247886
1681168617.6615753,25,0.21399022951400032,25.353672
1681168618.6621232,25,0.13628525056999724,25.4898033
1681168619.64177,25,0.059690036569995775,25.6182632
1681168620.6151848,25,0,25.725563
1681168621.651237,25,0,25.8315353
1681168622.6311479,25,0,25.9264545
1681168623.6076963,25,0,25.9999732
1681168624.59326,25,0,26.0949707
1681168625.574282,25,0,26.1464481
1681168626.5505989,25,0,26.1882534
1681168627.5405934,25,0,26.2287349
1681168628.5334966,25,0,26.2696762
1681168629.519851,25,0,26.3001117
1681168630.4997432,25,0,26.3268203
1681168631.476412,25,0,26.3457736
1681168632.462751,25,0,26.3612346
1681168633.4526176,25,0,26.3743019
1681168634.4263258,25,0,26.3906574
1681168635.4021847,25,0,26.4013023
1681168636.4318094,25,0,26.406145
1681168637.4152114,25,0,26.404953
1681168638.3951907,25,0,26.4037551
1681168639.385606,25,0,26.3925895
1681168640.371155,25,0,26.3838901
1681168641.361116,25,0,26.3820533
1681168642.3541844,25,0,26.3799419
1681168643.3306947,25,0,26.3747272
1681168644.310541,25,0,26.3769531
1681168645.299297,25,0,26.3594665
1681168646.2834113,25,0,26.3436107
1681168647.2695546,25,0,26.3399829
1681168648.2490995,25,0,26.3320751
1681168649.2741375,25,0,26.3072509
1681168650.2528043,25,0,26.2975997
1681168651.2294765,25,0,26.2978477
1681168652.2119858,25,0,26.2817134
1681168653.2051766,25,0,26.2629375
1681168654.182348,25,0,26.2441577
1681168655.1589334,25,0,26.2285633
1681168656.1343787,25,0,26.2220687
1681168657.1111424,25,0,26.2081794
1681168658.1011608,25,0,26.1934223
1681168659.0774255,25,0,26.1782302
1681168660.0572379,25,0,26.1638278
1681168661.0442064,25,0,26.1596012
1681168662.030373,25,0,26.1412391
1681168663.0066159,25,0,26.1079273
1681168664.0233402,25,0,26.1021251
1681168665.0122344,25,0,26.0942535
1681168665.9896228,25,0,26.0797309
1681168666.9558723,25,0,26.0687122
1681168667.9322457,25,0,26.0500679
1681168668.9121678,25,0,26.0257244
1681168669.8812091,25,0,26.0050296
1681168670.8653982,25,0,25.9946098
1681168671.8518326,25,0,25.9706554
1681168672.8383963,25,0,25.948677
1681168673.824421,25,0,25.9339771
1681168674.810188,25,0,25.9201202
1681168675.8010955,25,0,25.9039573
1681168676.7740247,25,0,25.8915081
1681168677.7538831,25,0,25.875267
1681168678.8103266,25,0,25.8446979
1681168679.7896216,25,0,25.8320064
1681168680.7668293,25,0,25.823862
1681168681.753256,25,0,25.803133
1681168682.7429662,25,0,25.7871494
1681168683.717339,25,0,25.7608966
1681168684.6957831,25,0,25.7486991
1681168685.6722462,25,0,25.7384643
1681168686.648813,25,0,25.710453
1681168687.6188045,25,0,25.6916179
1681168688.595118,25,0,25.6800117
1681168689.581715,25,0,25.654848
1681168690.5643134,25,0,25.6392307
1681168691.5507843,25,0,25.6256847
1681168692.5309412,25,0,25.6152172
1681168693.510894,25,0,25.605112
1681168694.4970927,25,0,25.5748996
1681168695.4938731,25,0,25.5761051
1681168696.4837766,25,0,25.5526027
1681168697.4565482,25,0,25.5441436
1681168698.4364777,25,0,25.5207729
1681168699.423099,25,0,25.5006504
1681168700.4093354,25,0,25.5011653
1681168701.399233,25,0,25.4836902
1681168702.3857327,25,0,25.4706096
1681168703.3625152,25,0,25.4501152
1681168704.3353028,25,0,25.418148
1681168705.3155346,25,0,25.4059867
1681168706.3018749,25,0,25.3967514
1681168707.291623,25,0,25.3811359
1681168708.278378,25,0,25.3730201
1681168709.2578845,25,0,25.3631839
1681168710.2441952,25,0,25.3365745
1681168711.237553,25,0,25.3207931
1681168712.2163756,25,0,25.3145656
1681168713.2037108,25,0,25.289257
1681168714.1800914,25,0,25.275526
1681168715.1704488,25,0,25.2688388
1681168716.155907,25,0,25.2371921
1681168717.1530175,25,0,25.2301292
1681168718.1356406,25,0,25.227457
1681168719.1358495,25,0,25.2111473
1681168720.1345153,25,0,25.1999855
1681168721.195484,25,0,25.1831455
1681168722.1784372,25,0,25.1672878
1681168723.1507702,25,0,25.1575756
1681168724.1449847,25,0,25.1403598
1681168725.1414785,25,0,25.1341705
1681168726.1359828,25,0,25.1144084
1681168727.1144419,25,0,25.0994815
1681168728.0905762,25,0,25.092493
1681168729.0706735,25,0,25.0847415
1681168730.047499,25,0,25.0778942
1681168731.0234377,25,0,25.0416889
1681168732.0035117,25,0,25.0282917
1681168732.976504,25,0,25.0314254
1681168733.962813,25,0,25.0211219
1681168734.937744,25,0.003637633643999709,24.9929962
1681168735.919408,25,0.008191655314000885,24.9844989
1681168736.899449,25,0.01125819254600092,24.9791851
1681168737.8855064,25,0.018418992658000958,24.9661941
1681168738.8619466,25,0.026560957327999544,24.9518089
1681168739.844216,25,0.03028179900800055,24.946474
1681168740.834997,25,0.04303443472000121,24.9239616
1681168741.8113432,25,0.04765332031599911,24.9179058
1681168742.7913234,25,0.058647834975999555,24.8998622
