t,i,temp_desired,temp_tc
1682458129.7446952,-20,2,10.9017553
1682458130.7390363,-20,2,10.9873628
1682458131.719415,-20,2,11.0661602
1682458132.7596357,-20,2,11.149805
1682458133.7459934,-20,2,11.2243728
1682458134.7363448,-20,2,11.2973461
1682458135.7247436,-20,2,11.3573675
1682458136.7140577,-20,2,11.429243
1682458137.707443,-20,2,11.4773139
1682458138.7137127,-20,2,11.5139636
1682458139.7130377,-20,2,11.5524473
1682458140.706382,-20,2,11.5814628
1682458141.6977289,-20,2,11.6061487
1682458142.6901176,-20,2,11.6234292
1682458143.6814244,-20,2,11.632184
1682458144.673771,-20,2,11.6374435
1682458145.7578728,-20,2,11.6249923
1682458146.7492614,-20,2,11.6364097
1682458147.7435627,-20,2,11.6195621
1682458148.7369494,-20,2,11.5873899
1682458149.7332437,-20,2,11.5603904
1682458150.7235925,-20,2,11.5412769
1682458151.7149408,-20,2,11.5076637
1682458152.7082844,-20,2,11.4730062
1682458153.701628,-20,2,11.4226226
1682458154.6909823,-20,2,11.3889722
1682458155.6773474,-20,2,11.3586988
1682458156.668695,-20,2,11.3011856
1682458157.6580486,-20,2,11.2568063
1682458158.653426,-20,2,11.214549
1682458159.641743,-20,2,11.171873
1682458160.6320956,-20,2,11.107892
1682458161.6244407,-20,2,11.0634374
1682458162.617785,-20,2,11.0062236
1682458163.6111295,-20,2,10.9546337
1682458164.6024768,-20,2,10.9009399
1682458165.5948248,-20,2,10.838664
1682458166.5861728,-20,2,10.7857456
1682458167.578561,-20,2,10.7310333
1682458168.569869,-20,2,10.6710357
1682458169.5652475,-20,2,10.5889263
1682458170.5605454,-20,2,10.5383005
1682458171.5508955,-20,2,10.4772319
1682458172.5442388,-20,2,10.4243221
1682458173.538622,-20,2,10.3561792
1682458174.5329208,-20,2,10.2935447
1682458175.526266,-20,2,10.2315626
1682458176.519608,-20,2,10.1772384
1682458177.5129936,-20,2,10.1154327
1682458178.5043023,-20,2,10.0425167
1682458179.4976442,-20,2,9.97901725
1682458180.4899905,-20,2,9.9286251
1682458181.4813395,-20,2,9.87849807
1682458182.473728,-20,2,9.80899143
1682458183.4660742,-20,2,9.74184608
1682458184.4554296,-20,2,9.68760776
1682458185.4507244,-20,2,9.6124525
1682458186.4450653,-20,2,9.5676279
1682458187.438452,-20,2,9.49977111
1682458188.4327517,-20,2,9.44375228
1682458189.429127,-20,2,9.38709068
1682458190.4234264,-20,2,9.33357906
1682458191.4157727,-20,2,9.27156925
1682458192.4061244,-20,2,9.20412254
1682458193.3985128,-20,2,9.13845443
1682458194.391815,-20,2,9.08767986
1682458195.3871527,-20,2,9.03224372
1682458196.3814943,-20,2,8.97686767
1682458197.3758342,-20,2,8.91534233
1682458198.3661878,-20,2,8.8667612
1682458199.3585339,-20,2,8.79614067
1682458200.336916,-20,2,8.74887752
1682458201.3302596,-20,2,8.70582485
1682458202.3255994,-20,2,8.64242744
1682458203.3179886,-20,2,8.58779811
1682458204.3102918,-20,2,8.54243755
1682458205.29869,-20,2,8.48489952
1682458206.2919927,-20,2,8.43423938
1682458207.2843387,-20,2,8.38843822
1682458208.275733,-20,2,8.33178997
1682458209.2670796,-20,2,8.283535
1682458210.2603803,-20,2,8.23032855
1682458211.2547193,-20,2,8.17644786
1682458212.2481055,-20,2,8.11993694
1682458213.239412,-20,2,8.07245254
1682458214.234801,-20,2,8.02352523
1682458215.2241044,-20,2,7.98382282
1682458216.2164512,-20,2,7.93203639
1682458217.1988237,-20,2,7.88575839
1682458218.1921692,-20,2,7.83672237
1682458219.1845553,-20,2,7.78047943
1682458220.1769044,-20,2,7.72336578
1682458221.1682105,-20,2,7.68229055
1682458222.1605551,-20,2,7.62783527
1682458223.139936,-20,2,7.58651542
1682458224.1312869,-20,2,7.530303
1682458225.1256676,-20,2,7.48184061
1682458226.1169748,-20,2,7.44243288
1682458227.1093209,-20,2,7.39379644
1682458228.103662,-20,2,7.34970188
1682458229.0830429,-20,2,7.298707
1682458230.0923457,-20,2,7.25434875
1682458231.0727239,-20,2,7.21050357
1682458232.0621214,-20,2,7.17218446
1682458233.0554614,-20,2,7.13146686
1682458234.036797,-20,2,7.08783864
1682458235.0281463,-20,2,7.05763149
1682458236.018496,-20,2,7.01151657
1682458237.0128372,-20,2,6.9683361
1682458237.9912224,-20,2,6.92845153
1682458238.9845643,-20,2,6.89462327
1682458239.974958,-20,2,6.8548913
1682458240.966307,-20,2,6.81276178
1682458241.9536257,-20,2,6.76974678
1682458242.9469697,-20,2,6.73182249
1682458243.9393165,-20,2,6.70041847
1682458244.9615824,-20,2,6.65713644
1682458245.9439557,-20,2,6.62091541
1682458246.9343514,-20,2,6.57738161
1682458247.9276922,-20,2,6.54883956
1682458248.9180422,-20,2,6.51409578
1682458249.9053617,-20,2,6.48806476
1682458250.9006999,-20,2,6.43827247
1682458251.8960364,-20,2,6.40875864
1682458252.8903773,-20,2,6.37304735
1682458253.8717604,-20,2,6.34397554
1682458254.8581173,-20,2,6.30861997
1682458255.8504634,-20,2,6.2792201
1682458256.8448045,-20,2,6.25887346
1682458257.824225,-20,2,6.2254939
1682458258.817527,-20,2,6.18852996
1682458259.8098752,-20,2,6.1562004
1682458260.7852695,-20,2,6.12097501
1682458261.7985926,-20,2,6.08369731
1682458262.7869134,-20,2,6.06227874
1682458263.7822523,-20,2,6.03661727
1682458264.774634,-20,2,6.01571893
1682458265.76695,-20,2,5.97698211
1682458266.7503157,-20,2,5.96293926
1682458267.729695,-20,2,5.93868017
1682458268.7210429,-20,2,5.91175079
1682458269.7123923,-20,2,5.88471508
1682458270.7087276,-20,2,5.86796188
1682458271.6881456,-20,2,5.83472537
1682458272.6804564,-20,2,5.81685829
1682458273.6608348,-20,2,5.8023734
1682458274.6482346,-20,2,5.76406478
1682458275.638544,-20,2,5.73783159
1682458276.6787632,-20,2,5.71774196
1682458277.668124,-20,2,5.69015598
1682458278.661463,-20,2,5.66586589
1682458279.6528113,-20,2,5.64713716
1682458280.6451564,-20,2,5.62318801
1682458281.6365077,-20,2,5.58978891
1682458282.6268575,-20,2,5.5673213
1682458283.6062748,-20,2,5.55552577
1682458284.5856557,-20,2,5.52718496
1682458285.5779834,-20,2,5.50600624
1682458286.5723052,-20,2,5.49383544
1682458287.5556755,-20,2,5.46833467
1682458288.5350568,-20,2,5.44949293
1682458289.5284028,-20,2,5.43243122
1682458290.5207834,-20,2,5.40685176
1682458291.5041165,-20,2,5.38774776
1682458292.4965048,-20,2,5.3821392
1682458293.5237174,-20,2,5.35429096
1682458294.5130699,-20,2,5.34160566
1682458295.4924507,-20,2,5.33524513
1682458296.4848409,-20,2,5.30872106
1682458297.4771447,-20,2,5.29244661
1682458298.4684923,-20,2,5.2793374
1682458299.4478734,-20,2,5.26039648
1682458300.4422145,-20,2,5.24616527
1682458301.4335632,-20,2,5.22606992
1682458302.4259112,-20,2,5.21026802
1682458303.4182556,-20,2,5.20132732
1682458304.4125972,-20,2,5.18261289
1682458305.408933,-20,2,5.17371702
1682458306.4033158,-20,2,5.1415472
1682458307.397614,-20,2,5.14250564
1682458308.388965,-20,2,5.11796283
1682458309.3823066,-20,2,5.11126232
1682458310.3746967,-20,2,5.106431
1682458311.3680384,-20,2,5.09284162
1682458312.3583498,-20,2,5.0755887
1682458313.3526907,-20,2,5.06332445
1682458314.3450356,-20,2,5.05621576
1682458315.325456,-20,2,5.04433631
1682458316.3177598,-20,2,5.03180599
1682458317.3111055,-20,2,5.02653694
1682458318.3034496,-20,2,5.00998783
1682458319.29879,-20,2,4.99762439
1682458320.2951658,-20,2,4.99053621
1682458321.2874699,-20,2,4.98529148
1682458322.2698426,-20,2,4.96690082
1682458323.2632282,-20,2,4.95529556
1682458324.2565303,-20,2,4.94680261
1682458325.2508707,-20,2,4.93626594
1682458326.246209,-20,2,4.92816066
1682458327.2265897,-20,2,4.91026115
1682458328.2189758,-20,2,4.89214181
1682458329.2092853,-20,2,4.88672304
1682458330.2016315,-20,2,4.88255548
1682458331.1959743,-20,2,4.87094831
1682458332.190351,-20,2,4.85482883
1682458333.2036057,-20,2,4.83825492
1682458334.3096476,-20,2,4.84050321
1682458335.3827786,-20,2,4.83575344
1682458336.372136,-20,2,4.8334136
1682458337.3874156,-20,2,4.82108688
1682458338.3817568,-20,2,4.82349157
1682458339.3751018,-20,2,4.81083536
1682458340.367446,-20,2,4.79933643
1682458341.3617942,-20,2,4.77860021
1682458342.3561304,-20,2,4.78463697
1682458343.350469,-20,2,4.77194356
1682458344.3418179,-20,2,4.76197767
1682458345.3321712,-20,2,4.75834131
1682458346.3584251,-20,2,4.74638509
1682458347.3517704,-20,2,4.74594783
1682458348.346112,-20,2,4.73846578
1682458349.3404508,-20,2,4.73738861
1682458350.3357887,-20,2,4.71376991
1682458351.3291323,-20,2,4.71578693
1682458352.3214843,-20,2,4.70346164
1682458353.3327744,-20,2,4.70161962
1682458354.3271155,-20,2,4.69581747
1682458355.3195016,-20,2,4.68468952
1682458356.3128467,-20,2,4.69034576
1682458357.3061485,-20,2,4.68247747
1682458358.3054798,-20,2,4.67504549
1682458359.3038068,-20,2,4.67469501
1682458360.2991867,-20,2,4.65923643
1682458361.2924902,-20,2,4.66112756
1682458362.2868311,-20,2,4.6505413
1682458363.3260508,-20,2,4.64931488
1682458364.3213947,-20,2,4.64835739
1682458365.3157294,-20,2,4.64491271
1682458366.3101122,-20,2,4.64560174
1682458367.2924452,-20,2,4.63989067
1682458368.2838347,-20,2,4.6297245
1682458369.2801278,-20,2,4.62402486
1682458370.2764635,-20,2,4.6222701
1682458371.2728007,-20,2,4.61957883
1682458372.2671402,-20,2,4.61900615
1682458373.2614825,-20,2,4.61209011
1682458374.2558641,-20,2,4.61064386
1682458375.2491653,-20,2,4.60121011
1682458376.2425091,-20,2,4.60461091
1682458377.2318633,-20,2,4.60050296
1682458378.2112455,-20,2,4.60333538
1682458379.2055852,-20,2,4.59735774
1682458380.230885,-20,2,4.59785127
1682458381.224189,-20,2,4.59033966
1682458382.219525,-20,2,4.58330678
1682458383.2118714,-20,2,4.59399795
1682458384.2072122,-20,2,4.59835195
1682458385.1995578,-20,2,4.58158397
1682458386.1948948,-20,2,4.58102941
1682458387.1922278,-20,2,4.56967973
1682458388.182581,-20,2,4.57130432
1682458389.1739278,-20,2,4.56521654
1682458390.163284,-20,2,4.56540298
1682458391.170589,-20,2,4.57864236
1682458392.1609406,-20,2,4.5614438
1682458393.1523306,-20,2,4.56338214
1682458394.1456344,-20,2,4.56757926
1682458395.138976,-20,2,4.57223415
1682458396.1313229,-20,2,4.5761938
1682458397.184506,-20,2,4.56570005
1682458398.1608956,-20,2,4.56880235
1682458399.154241,-20,2,4.56952047
1682458400.150575,-20,2,4.57393455
1682458401.1429203,-20,2,4.56637096
1682458402.1342692,-20,2,4.56814575
1682458403.1246226,-20,2,4.58047103
1682458404.1169677,-20,2,4.56569099
1682458405.1093152,-20,2,4.56372547
1682458406.088696,-20,2,4.57521104
1682458407.0820827,-20,2,4.57148504
1682458408.0764217,-20,2,4.56993675
1682458409.0727153,-20,2,4.56845426
1682458410.0660598,-20,2,4.57118749
1682458411.0554142,-20,2,4.56117677
1682458412.0637167,-20,2,4.55861949
1682458413.0570595,-20,2,4.56714296
1682458414.0484097,-20,2,4.56500482
1682458415.041794,-20,2,4.57628393
1682458416.0371351,-20,2,4.57333183
1682458417.0294785,-20,2,4.58049392
1682458418.0237794,-20,2,4.5809617
1682458419.0171213,-20,2,4.57791996
1682458420.0094674,-20,2,4.57326221
1682458421.0028129,-20,2,4.58582639
1682458421.9981494,-20,2,4.57630205
1682458422.9904974,-20,2,4.56719303
1682458423.9848366,-20,2,4.56450557
1682458424.9751883,-20,2,4.57473087
1682458425.9695308,-20,2,4.57717466
1682458426.9629147,-20,2,4.58776235
1682458427.9542234,-20,2,4.57576942
1682458428.9365966,-20,2,4.57324028
1682458429.916975,-20,2,4.58280515
1682458430.9053297,-20,2,4.58266925
1682458431.8946838,-20,2,4.57592344
1682458432.883041,-20,2,4.57784843
1682458433.877426,-20,2,4.57881641
1682458434.8699129,-20,2,4.59011697
1682458435.8612626,-20,2,4.60238409
1682458436.855604,-20,2,4.59841728
1682458437.8479497,-20,2,4.59333038
1682458438.8273296,-20,2,4.5947771
1682458439.8196769,-20,2,4.59419059
1682458440.811026,-20,2,4.59219264
1682458441.8053243,-20,2,4.60428667
1682458442.7967694,-20,2,4.60609579
1682458443.810017,-20,2,4.60306215
1682458444.798372,-20,2,4.62509775
1682458445.7897623,-20,2,4.63651323
1682458446.779118,-20,2,4.64006662
1682458447.7714653,-20,2,4.6415863
1682458448.7638092,-20,2,4.64094305
1682458449.7421522,-20,2,4.64507436
1682458450.7335014,-20,2,4.63132667
1682458451.7138796,-20,2,4.64316034
1682458452.703233,-20,2,4.64756488
1682458453.6976204,-20,2,4.63633584
1682458454.689131,-20,2,4.63364648
1682458455.6794827,-20,2,4.63864374
1682458456.6708305,-20,2,4.63964509
1682458457.6621788,-20,2,4.64435195
1682458458.6545267,-20,2,4.64613246
1682458459.6478705,-20,2,4.63966798
1682458460.6452014,-20,2,4.64933013
1682458461.638547,-20,2,4.64565181
1682458462.630893,-20,2,4.65168142
1682458463.6252341,-20,2,4.6607213
1682458464.618577,-20,2,4.64624643
1682458465.6099267,-20,2,4.64946508
1682458466.60327,-20,2,4.64783716
1682458467.5926228,-20,2,4.6652708
1682458468.585968,-20,2,4.67491292
1682458469.575363,-20,2,4.67927122
1682458470.56667,-20,2,4.68274974
1682458471.557065,-20,2,4.68029356
1682458472.551364,-20,2,4.67271709
1682458473.5447075,-20,2,4.67267417
1682458474.5370524,-20,2,4.68128061
1682458475.5294402,-20,2,4.69477796
1682458476.5217872,-20,2,4.69506454
1682458477.5160873,-20,2,4.70505046
1682458478.5114238,-20,2,4.70520925
1682458479.5027742,-20,2,4.70871448
1682458480.4971573,-20,2,4.70597887
1682458481.4894598,-20,2,4.71526193
1682458482.4808507,-20,2,4.7184329
1682458483.473157,-20,2,4.722826
1682458484.4655015,-20,2,4.71847057
1682458485.4568517,-20,2,4.72260332
1682458486.4491982,-20,2,4.71856021
1682458487.4375556,-20,2,4.72898101
1682458488.4289024,-20,2,4.71532344
1682458489.4242425,-20,2,4.72368431
1682458490.4155915,-20,2,4.72095012
1682458491.4079845,-20,2,4.7413516
1682458492.4012814,-20,2,4.74124193
1682458493.394625,-20,2,4.74511432
1682458494.3880086,-20,2,4.74466705
1682458495.37832,-20,2,4.74826622
1682458496.3736966,-20,2,4.75539684
1682458497.3679974,-20,2,4.75658416
1682458498.361341,-20,2,4.76213407
1682458499.355684,-20,2,4.76801538
1682458500.34508,-20,2,4.76749277
1682458501.3363874,-20,2,4.76486206
1682458502.3277361,-20,2,4.7637391
1682458503.3200803,-20,2,4.77159833
1682458504.3134239,-20,2,4.76752567
1682458505.3047748,-20,2,4.77610635
1682458506.284197,-20,2,4.77931976
1682458507.2944522,-20,2,4.79025602
1682458508.285802,-20,2,4.78243255
1682458509.2771513,-20,2,4.78773164
1682458510.2714927,-20,2,4.80485725
1682458511.2518692,-20,2,4.79946565
1682458512.245215,-20,2,4.79941749
1682458513.240596,-20,2,4.79465198
1682458514.2349372,-20,2,4.80821657
1682458515.229275,-20,2,4.81309509
1682458516.2195852,-20,2,4.81774663
1682458517.2099376,-20,2,4.81414985
1682458518.1903145,-20,2,4.80879211
1682458519.1846948,-20,2,4.82260513
1682458520.1640363,-20,2,4.83383369
1682458521.1564243,-20,2,4.84074926
1682458522.1487288,-20,2,4.84125137
1682458523.141075,-20,2,4.84559059
1682458524.146389,-20,2,4.85061168
1682458525.1347442,-20,2,4.85579299
1682458526.1280873,-20,2,4.85202646
1682458527.1224298,-20,2,4.84669923
1682458528.1137772,-20,2,4.85761308
1682458529.1061232,-20,2,4.87284564
1682458530.0974724,-20,2,4.87394762
1682458531.0908158,-20,2,4.88760995
1682458532.0791728,-20,2,4.88993644
1682458533.0576012,-20,2,4.89005947
1682458534.0499043,-20,2,4.88522624
1682458535.0432482,-20,2,4.8862462
1682458536.03659,-20,2,4.89083433
1682458537.029934,-20,2,4.90139627
1682458538.024317,-20,2,4.9028263
1682458539.0315807,-20,2,4.91438484
1682458540.0109665,-20,2,4.91979885
1682458541.0023124,-20,2,4.92132616
1682458541.9937015,-20,2,4.91917705
1682458542.9889977,-20,2,4.92550182
1682458543.9833405,-20,2,4.93661451
1682458544.9786787,-20,2,4.9343748
1682458545.971025,-20,2,4.94000911
1682458546.9504051,-20,2,4.94466352
1682458547.9407969,-20,2,4.94825935
1682458548.9201782,-20,2,4.95798444
1682458549.9144797,-20,2,4.9477415
1682458550.9088612,-20,2,4.96884965
1682458551.8991702,-20,2,4.97425174
1682458552.8805475,-20,2,4.96773338
1682458553.8718948,-20,2,4.97933864
1682458554.8523188,-20,2,4.98030567
1682458555.8625712,-20,2,4.98689651
1682458556.85392,-20,2,4.98925781
1682458557.8452709,-20,2,4.98882007
1682458558.839612,-20,2,4.99108934
1682458559.830961,-20,2,5.00570964
1682458560.8243027,-20,2,5.0117402
1682458561.8146558,-20,2,5.01524305
1682458562.8080401,-20,2,5.01630544
1682458563.8013415,-20,2,5.03249454
1682458564.7936876,-20,2,5.02557611
1682458565.7900674,-20,2,5.02409219
1682458566.784364,-20,2,5.01999855
1682458567.7767525,-20,2,5.03923225
1682458568.7670643,-20,2,5.03575897
1682458569.7604055,-20,2,5.03256702
1682458570.7527518,-20,2,5.02459907
1682458571.7450984,-20,2,5.04141187
1682458572.7324576,-20,2,5.05194139
1682458573.727796,-20,2,5.04662466
1682458574.7202318,-20,2,5.04745769
1682458575.7105424,-20,2,5.05382156
1682458576.700936,-20,2,5.04978704
1682458577.6942773,-20,2,5.05996513
1682458578.6855845,-20,2,5.05362606
1682458579.6809247,-20,2,5.06669044
1682458580.6713164,-20,2,5.06927728
1682458581.663623,-20,2,5.07760429
1682458582.6570063,-20,2,5.0773673
1682458583.6493108,-20,2,5.08438396
1682458584.6426563,-20,2,5.08905744
1682458585.6360414,-20,2,5.09448051
1682458586.6293435,-20,2,5.09995889
1682458587.6217303,-20,2,5.09990978
1682458588.614077,-20,2,5.09972
1682458589.6074197,-20,2,5.10469293
1682458590.5997653,-20,2,5.11284446
1682458591.5931096,-20,2,5.10013294
1682458592.5844183,-20,2,5.11155509
1682458593.5758073,-20,2,5.10742092
1682458594.5661187,-20,2,5.13039779
1682458595.5574682,-20,2,5.12158203
1682458596.551851,-20,2,5.13086748
1682458597.541203,-20,2,5.12423086
1682458598.5365415,-20,2,5.1432538
1682458599.5308824,-20,2,5.1503086
1682458600.5242703,-20,2,5.14840126
1682458601.5016608,-20,2,5.14094686
1682458602.5099158,-20,2,5.14496564
1682458603.503261,-20,2,5.14751291
1682458604.4956055,-20,2,5.14890575
1682458605.4899893,-20,2,5.15291833
1682458606.4812953,-20,2,5.15456295
1682458607.4716487,-20,2,5.15265369
1682458608.4659896,-20,2,5.16386222
1682458609.4593315,-20,2,5.15575504
1682458610.4546697,-20,2,5.16661882
1682458611.4480133,-20,2,5.16947746
1682458612.4384077,-20,2,5.17504692
1682458613.4307132,-20,2,5.17909049
1682458614.4220603,-20,2,5.18968248
1682458615.4144485,-20,2,5.18906784
1682458616.4077501,-20,2,5.18765926
1682458617.402091,-20,2,5.18732404
1682458618.3944397,-20,2,5.18941783
1682458619.3867857,-20,2,5.19559907
1682458620.3791316,-20,2,5.19493675
1682458621.3725176,-20,2,5.19665241
1682458622.3658607,-20,2,5.20198774
1682458623.357166,-20,2,5.21752357
1682458624.3485167,-20,2,5.21479701
1682458625.3428578,-20,2,5.21854066
1682458626.336241,-20,2,5.22200393
1682458627.3285458,-20,2,5.23795795
1682458628.3228874,-20,2,5.2242794
1682458629.315235,-20,2,5.23954153
1682458630.3091822,-20,2,5.23968601
1682458631.3015697,-20,2,5.23785448
1682458632.296865,-20,2,5.25346803
1682458633.2912073,-20,2,5.26374721
1682458634.2786086,-20,2,5.25644207
1682458635.2739055,-20,2,5.25764369
1682458636.2832046,-20,2,5.26229429
1682458637.270564,-20,2,5.27603578
1682458638.2609165,-20,2,5.27057361
1682458639.2543025,-20,2,5.25527048
1682458640.2486024,-20,2,5.25736618
1682458641.239949,-20,2,5.26978874
1682458642.2303011,-20,2,5.26784181
1682458643.2266386,-20,2,5.26540231
1682458644.220979,-20,2,5.27669906
1682458645.2133253,-20,2,5.29232406
1682458646.2067103,-20,2,5.28198194
1682458647.1970217,-20,2,5.29294872
1682458648.1913598,-20,2,5.29588937
1682458649.1857023,-20,2,5.29226398
1682458650.176054,-20,2,5.29965019
1682458651.1544812,-20,2,5.30766105
1682458652.1338167,-20,2,5.30113744
1682458653.127163,-20,2,5.3069148
1682458654.117514,-20,2,5.31685972
1682458655.1118536,-20,2,5.319839
1682458656.1051984,-20,2,5.31062221
1682458657.0995798,-20,2,5.31200981
1682458658.0919259,-20,2,5.31448745
1682458659.0832345,-20,2,5.31639099
1682458660.0775754,-20,2,5.3157339
1682458661.0689247,-20,2,5.31559753
1682458662.062266,-20,2,5.31273841
1682458663.0436416,-20,2,5.32132768
1682458664.0379827,-20,2,5.31938695
1682458665.0323257,-20,2,5.31838941
1682458666.0247116,-20,2,5.32163953
1682458667.0130267,-20,2,5.33050441
1682458668.0053732,-20,2,5.33747339
1682458668.9967234,-20,2,5.31801986
1682458669.986076,-20,2,5.32470083
1682458670.9824536,-20,2,5.3275814
1682458671.973761,-20,2,5.33166742
1682458672.9671044,-20,2,5.3269205
1682458673.9484825,-20,2,5.33760643
1682458674.9418244,-20,2,5.35049343
1682458675.9321752,-20,2,5.33072376
1682458676.9105606,-20,2,5.33855867
1682458677.9058971,-20,2,5.33504247
1682458678.8972485,-20,2,5.34683656
1682458679.8866005,-20,2,5.35932397
1682458680.8729637,-20,2,5.36862277
1682458681.8663075,-20,2,5.36079216
1682458682.8726163,-20,2,5.3619666
1682458683.86197,-20,2,5.37519264
1682458684.8543193,-20,2,5.37404537
1682458685.8446703,-20,2,5.37490034
1682458686.8360193,-20,2,5.38202047
1682458687.8293614,-20,2,5.37581157
1682458688.8217084,-20,2,5.38252925
1682458689.8140526,-20,2,5.37895536
1682458690.7944324,-20,2,5.38087463
1682458691.7887726,-20,2,5.37516832
1682458692.7831128,-20,2,5.3749957
1682458693.77546,-20,2,5.38061475
1682458694.7668083,-20,2,5.38481473
1682458695.760152,-20,2,5.38699817
1682458696.752501,-20,2,5.39219188
1682458697.7608018,-20,2,5.3923254
1682458698.7501576,-20,2,5.38640689
1682458699.7434995,-20,2,5.38351488
1682458700.7348864,-20,2,5.39553785
1682458701.726198,-20,2,5.40719079
1682458702.715552,-20,2,5.41431045
1682458703.7078986,-20,2,5.41358757
1682458704.6992466,-20,2,5.40801382
1682458705.6886044,-20,2,5.42171716
1682458706.6809494,-20,2,5.41775274
1682458707.6712985,-20,2,5.41781997
1682458708.664644,-20,2,5.415555
1682458709.6570303,-20,2,5.42447233
1682458710.6493773,-20,2,5.43196678
1682458711.6307101,-20,2,5.43440818
1682458712.622061,-20,2,5.43178987
1682458713.6124127,-20,2,5.43745231
1682458714.607751,-20,2,5.43894386
1682458715.6040847,-20,2,5.44217967
1682458716.5834656,-20,2,5.45598888
1682458717.5768092,-20,2,5.44848489
1682458718.571152,-20,2,5.44950437
1682458719.5644937,-20,2,5.44091367
1682458720.5598347,-20,2,5.43429899
1682458721.5511835,-20,2,5.43941307
1682458722.5305617,-20,2,5.46075057
1682458723.5229099,-20,2,5.45875406
1682458724.5162952,-20,2,5.45122528
1682458725.5076025,-20,2,5.46163845
1682458726.4979947,-20,2,5.4502263
1682458727.4933326,-20,2,5.45440626
1682458728.4866762,-20,2,5.45566272
1682458729.4949393,-20,2,5.4580841
1682458730.4753165,-20,2,5.46106386
1682458731.4656675,-20,2,5.45638561
1682458732.4630024,-20,2,5.47083806
1682458733.4543512,-20,2,5.47014284
1682458734.446696,-20,2,5.45806932
1682458735.4400399,-20,2,5.46301507
1682458736.4324293,-20,2,5.46227598
1682458737.4237363,-20,2,5.46397018
1682458738.4120934,-20,2,5.46360778
1682458739.3935091,-20,2,5.46308803
1682458740.3858135,-20,2,5.4586668
1682458741.379157,-20,2,5.46636533
1682458742.370549,-20,2,5.47360897
1682458743.3638513,-20,2,5.46304368
1682458744.3571942,-20,2,5.47723579
1682458745.3505366,-20,2,5.47507429
1682458746.3459172,-20,2,5.47696304
1682458747.3372703,-20,2,5.48563766
1682458748.330609,-20,2,5.47312211
1682458749.3229554,-20,2,5.47298812
1682458750.3162572,-20,2,5.47449731
1682458751.309645,-20,2,5.46584749
1682458752.302987,-20,2,5.47517442
1682458753.2962897,-20,2,5.46972084
1682458754.2886362,-20,2,5.46567296
1682458755.278986,-20,2,5.4673171
1682458756.2703369,-20,2,5.46957254
1682458757.2796772,-20,2,5.47530937
1682458758.2719824,-20,2,5.47706651
1682458759.2653277,-20,2,5.47783946
1682458760.2546802,-20,2,5.48163461
1682458761.248117,-20,2,5.49287509
1682458762.2274995,-20,2,5.48112154
1682458763.2078323,-20,2,5.48956251
1682458764.2011774,-20,2,5.49095106
1682458765.1915703,-20,2,5.49455928
1682458766.184871,-20,2,5.49723148
1682458767.1662922,-20,2,5.4981575
1682458768.1556451,-20,2,5.49129152
1682458769.1499836,-20,2,5.47952365
1682458770.1423323,-20,2,5.48621225
1682458771.1376262,-20,2,5.49347496
1682458772.127029,-20,2,5.49707746
1682458773.1163347,-20,2,5.50425815
1682458774.1057343,-20,2,5.48399496
1682458775.0960405,-20,2,5.48578691
1682458776.0913792,-20,2,5.48948717
1682458777.0737984,-20,2,5.48419666
1682458778.0680947,-20,2,5.49778795
1682458779.0604389,-20,2,5.49127006
1682458780.0518327,-20,2,5.49093055
1682458781.0441344,-20,2,5.49535703
1682458782.0335326,-20,2,5.49964666
1682458783.012931,-20,2,5.50215005
1682458784.003375,-20,2,5.50412321
1682458784.9977148,-20,2,5.50496816
1682458785.9880266,-20,2,5.5036354
1682458786.979417,-20,2,5.51190757
1682458787.9727175,-20,2,5.49992275
1682458788.9640687,-20,2,5.51242303
1682458789.9574552,-20,2,5.52692937
1682458790.9488025,-20,2,5.51737165
1682458791.941105,-20,2,5.52530336
1682458792.9504511,-20,2,5.51838588
1682458793.9437943,-20,2,5.5185523
1682458794.9371388,-20,2,5.51543235
1682458795.9284875,-20,2,5.51614713
1682458796.9238257,-20,2,5.52452421
1682458797.9181666,-20,2,5.5134902
1682458798.9125073,-20,2,5.5182271
1682458799.908843,-20,2,5.51562976
1682458800.903182,-20,2,5.53860998
1682458801.894533,-20,2,5.54522037
1682458802.8868797,-20,2,5.54097318
1682458803.8792253,-20,2,5.53278493
1682458804.8716114,-20,2,5.53753185
1682458805.863916,-20,2,5.55409097
1682458806.8442962,-20,2,5.5471878
1682458807.8356457,-20,2,5.53758907
1682458808.8279896,-20,2,5.54700899
1682458809.8193402,-20,2,5.55750274
1682458810.8146768,-20,2,5.55359363
1682458811.7950568,-20,2,5.55880498
1682458812.782415,-20,2,5.55819511
1682458813.7767558,-20,2,5.56020593
1682458814.7671096,-20,2,5.56671142
1682458815.7604525,-20,2,5.55333757
1682458816.7567887,-20,2,5.55188369
1682458817.7491343,-20,2,5.56597185
1682458818.7265618,-20,2,5.56380796
1682458819.717868,-20,2,5.57053375
1682458820.710216,-20,2,5.5741887
1682458821.7045567,-20,2,5.57709312
1682458822.697943,-20,2,5.57835054
1682458823.6892493,-20,2,5.5780611
1682458824.6975513,-20,2,5.58383512
1682458825.688902,-20,2,5.5869646
1682458826.6822438,-20,2,5.58182239
1682458827.6745918,-20,2,5.58719682
1682458828.6669388,-20,2,5.57698869
1682458829.6592834,-20,2,5.58621454
1682458830.6536677,-20,2,5.59158372
1682458831.6479664,-20,2,5.58636999
1682458832.6273453,-20,2,5.59347248
1682458833.6196935,-20,2,5.59243202
1682458834.613035,-20,2,5.60843229
1682458835.609371,-20,2,5.58811521
1682458836.5878003,-20,2,5.6047964
1682458837.5820973,-20,2,5.61135435
1682458838.5744414,-20,2,5.61464023
1682458839.567787,-20,2,5.61692714
1682458840.5651183,-20,2,5.610785
1682458841.5555146,-20,2,5.6129961
1682458842.547818,-20,2,5.61987066
1682458843.5371728,-20,2,5.6164956
1682458844.5295591,-20,2,5.61896514
1682458845.5228617,-20,2,5.62422227
1682458846.5142107,-20,2,5.63066196
1682458847.5065649,-20,2,5.63319778
1682458848.5008986,-20,2,5.62111663
1682458849.492247,-20,2,5.63608217
1682458850.483596,-20,2,5.6388278
1682458851.474945,-20,2,5.63537216
1682458852.4662938,-20,2,5.63679933
1682458853.4606347,-20,2,5.64899539
1682458854.4520273,-20,2,5.64204359
1682458855.44433,-20,2,5.65765428
1682458856.4366746,-20,2,5.65014076
1682458857.4290624,-20,2,5.6573162
1682458858.4213688,-20,2,5.67080736
1682458859.4127157,-20,2,5.67060422
1682458860.404106,-20,2,5.68059396
1682458861.3974526,-20,2,5.6743431
1682458862.3788257,-20,2,5.68150711
1682458863.3751202,-20,2,5.69915962
1682458864.368508,-20,2,5.70594215
1682458865.3608582,-20,2,5.71340513
1682458866.3502085,-20,2,5.71666479
1682458867.345502,-20,2,5.71159553
1682458868.3388457,-20,2,5.71853446
1682458869.3311918,-20,2,5.73350763
1682458870.3245373,-20,2,5.74135637
1682458871.316924,-20,2,5.75832271
1682458872.3092706,-20,2,5.75573396
1682458873.3006186,-20,2,5.7692852
1682458874.2939222,-20,2,5.77976608
1682458875.2883034,-20,2,5.77828693
1682458876.2806096,-20,2,5.80376005
1682458877.2739942,-20,2,5.8017292
1682458878.265302,-20,2,5.80200767
1682458879.2586863,-20,2,5.79069328
1682458880.2370696,-20,2,5.79410791
1682458881.2263818,-20,2,5.79602861
1682458882.2227614,-20,2,5.80297327
1682458883.2290685,-20,2,5.82093954
1682458884.22237,-20,2,5.83087301
1682458885.2147179,-20,2,5.84853506
1682458886.2090573,-20,2,5.86540985
1682458887.204441,-20,2,5.87834167
1682458888.197781,-20,2,5.88584041
1682458889.1920822,-20,2,5.89887666
1682458890.1864212,-20,2,5.91658496
1682458891.1787689,-20,2,5.91005325
1682458892.1721106,-20,2,5.92653989
1682458893.166496,-20,2,5.93448162
1682458894.1588006,-20,2,5.93877696
1682458895.1521435,-20,2,5.97009944
1682458896.145487,-20,2,5.96573257
1682458897.140825,-20,2,5.99500989
1682458898.1322186,-20,2,6.00173711
1682458899.1255178,-20,2,6.01533126
1682458900.1169062,-20,2,6.03489255
1682458901.1112058,-20,2,6.03243207
1682458902.1035953,-20,2,6.04051446
1682458903.0939035,-20,2,6.04474735
1682458904.086293,-20,2,6.04474401
1682458905.077599,-20,2,6.05772447
1682458906.0719416,-20,2,6.07772159
1682458907.064288,-20,2,6.09231805
1682458908.0586283,-20,2,6.10233926
1682458909.049978,-20,2,6.12048864
1682458910.0423222,-20,2,6.12452554
1682458911.036709,-20,2,6.14084434
1682458912.0310059,-20,2,6.16883373
1682458913.0233502,-20,2,6.17713117
1682458914.0176933,-20,2,6.19097709
1682458915.0110767,-20,2,6.22263479
1682458916.0024257,-20,2,6.21662425
1682458916.9977221,-20,2,6.23471117
1682458917.987118,-20,2,6.24980068
1682458918.9824145,-20,2,6.26696777
1682458919.9737654,-20,2,6.28290462
1682458920.9631195,-20,2,6.29947757
1682458921.9564617,-20,2,6.31446838
1682458922.950802,-20,2,6.31527423
1682458923.9311824,-20,2,6.34746646
1682458924.924526,-20,2,6.36143302
1682458925.915873,-20,2,6.37664222
1682458926.9072223,-20,2,6.39513206
1682458927.898571,-20,2,6.40591526
1682458928.890917,-20,2,6.41702651
1682458929.881313,-20,2,6.43608951
1682458930.873615,-20,2,6.45285701
1682458931.8510032,-20,2,6.46525526
1682458932.8433478,-20,2,6.46632814
1682458933.836736,-20,2,6.49284791
1682458934.828042,-20,2,6.50684118
1682458935.8223813,-20,2,6.516222
1682458936.8137724,-20,2,6.52815485
1682458937.8081136,-20,2,6.54931354
1682458938.7984226,-20,2,6.55912017
1682458939.7888138,-20,2,6.57769823
1682458940.7821593,-20,2,6.59304189
1682458941.7764611,-20,2,6.60858345
1682458942.768807,-20,2,6.60736894
1682458943.7631483,-20,2,6.6288042
1682458944.757489,-20,2,6.64135646
1682458945.7448466,-20,2,6.65128564
1682458946.7371953,-20,2,6.67755889
1682458947.7315357,-20,2,6.6912136
1682458948.7268722,-20,2,6.69968557
1682458949.71922,-20,2,6.71840238
1682458950.7126048,-20,2,6.72900295
1682458951.705953,-20,2,6.73567152
1682458952.6992512,-20,2,6.74037122
1682458953.687652,-20,2,6.75918817
1682458954.6769605,-20,2,6.78084945
1682458955.6722984,-20,2,6.78015327
1682458956.6646466,-20,2,6.79290819
1682458957.6569912,-20,2,6.78903245
1682458958.6473887,-20,2,6.80387163
1682458959.6396906,-20,2,6.81694698
1682458960.6340299,-20,2,6.83424043
1682458961.6164029,-20,2,6.84075212
1682458962.606796,-20,2,6.84754848
1682458963.5991006,-20,2,6.86110401
1682458964.5924442,-20,2,6.87494325
1682458965.5857882,-20,2,6.87572145
1682458966.5801713,-20,2,6.8982253
1682458967.5714796,-20,2,6.90455436
1682458968.5638657,-20,2,6.9129424
1682458969.5592039,-20,2,6.92571496
1682458970.5515084,-20,2,6.93674612
1682458971.5428574,-20,2,6.93674373
1682458972.5312142,-20,2,6.94836711
1682458973.527552,-20,2,6.96405267
1682458974.5189006,-20,2,6.96907377
1682458975.5102496,-20,2,6.97540712
1682458976.5015976,-20,2,6.99201917
1682458977.4929478,-20,2,6.98766946
1682458978.4873302,-20,2,7.00536108
1682458979.4736915,-20,2,7.01912593
1682458980.465997,-20,2,7.02847385
1682458981.4573874,-20,2,7.03844976
1682458982.4496922,-20,2,7.04993057
1682458983.457996,-20,2,7.07147693
1682458984.4513395,-20,2,7.07718658
1682458985.4457245,-20,2,7.08948659
1682458986.4350345,-20,2,7.09859371
1682458987.424389,-20,2,7.09945774
1682458988.4177725,-20,2,7.11175346
1682458989.410077,-20,2,7.13143873
1682458990.4024675,-20,2,7.13101291
1682458991.3927748,-20,2,7.1269803
1682458992.3841236,-20,2,7.13925933
1682458993.3764703,-20,2,7.14603757
1682458994.3698134,-20,2,7.15114545
1682458995.3651538,-20,2,7.16540002
1682458996.356501,-20,2,7.17418193
1682458997.342863,-20,2,7.17906332
1682458998.335252,-20,2,7.1842432
1682458999.3275557,-20,2,7.18864059
1682459000.3249316,-20,2,7.19486665
1682459001.317235,-20,2,7.20506906
1682459002.3135722,-20,2,7.21699285
1682459003.3059168,-20,2,7.22078657
1682459004.2962701,-20,2,7.22862005
1682459005.3046174,-20,2,7.23500776
1682459006.2969182,-20,2,7.2481594
1682459007.2912998,-20,2,7.24163961
1682459008.2846026,-20,2,7.25247478
1682459009.2789435,-20,2,7.24935102
1682459010.2712917,-20,2,7.25718307
1682459011.2586505,-20,2,7.26407337
1682459012.240025,-20,2,7.2754507
1682459013.2194078,-20,2,7.28018379
1682459014.1998265,-20,2,7.28844261
1682459015.2230477,-20,2,7.29740047
1682459016.2163937,-20,2,7.30559206
1682459017.2097366,-20,2,7.31588268
1682459018.2021234,-20,2,7.31766748
1682459019.1944294,-20,2,7.33204841
1682459020.1857781,-20,2,7.33823108
1682459021.1771257,-20,2,7.33523416
1682459022.1694736,-20,2,7.34620046
1682459023.1608214,-20,2,7.35065937
1682459024.1541643,-20,2,7.35349798
1682459025.1445568,-20,2,7.34696388
1682459026.1358666,-20,2,7.34074306
1682459027.12921,-20,2,7.35311555
1682459028.1205592,-20,2,7.35758733
1682459029.1149,-20,2,7.37782573
1682459030.1062472,-20,2,7.38155603
1682459031.0995913,-20,2,7.38714075
1682459032.0779808,-20,2,7.38578557
1682459033.0733147,-20,2,7.39826679
1682459034.0526955,-20,2,7.40467071
1682459035.0470366,-20,2,7.40824079
1682459036.039423,-20,2,7.40562772
1682459037.0317276,-20,2,7.40320539
1682459038.0241163,-20,2,7.40967512
1682459039.017417,-20,2,7.40315151
1682459040.0097651,-20,2,7.41705608
1682459041.004106,-20,2,7.41149473
1682459041.9964917,-20,2,7.41718578
1682459042.9888387,-20,2,7.42424297
1682459043.9821403,-20,2,7.4268155
1682459044.9754858,-20,2,7.43176364
1682459045.962845,-20,2,7.43390321
1682459046.9561872,-20,2,7.43141078
1682459047.946541,-20,2,7.43612098
1682459048.9389277,-20,2,7.43764543
1682459049.933269,-20,2,7.43906307
1682459050.927569,-20,2,7.42340564
1682459051.9189582,-20,2,7.44179582
1682459052.9093149,-20,2,7.45273303
1682459053.887651,-20,2,7.46365165
1682459054.8780026,-20,2,7.45789241
1682459055.8713899,-20,2,7.45667219
1682459056.8636925,-20,2,7.45751142
1682459057.859069,-20,2,7.47589445
1682459058.850421,-20,2,7.47450828
1682459059.8437233,-20,2,7.48223972
1682459060.8360693,-20,2,7.47348499
1682459061.8304124,-20,2,7.48554706
1682459062.8237956,-20,2,7.49306392
1682459063.8141074,-20,2,7.50322198
1682459064.810442,-20,2,7.48396873
1682459065.804784,-20,2,7.49470376
1682459066.7951336,-20,2,7.5068655
1682459067.7755122,-20,2,7.49701976
1682459068.7718496,-20,2,7.49292325
1682459069.7671862,-20,2,7.4968419
1682459070.7455695,-20,2,7.49846172
1682459071.7369633,-20,2,7.49498033
1682459072.7262728,-20,2,7.50432538
1682459073.717663,-20,2,7.49573421
1682459074.7089727,-20,2,7.49940776
1682459075.7043526,-20,2,7.49659872
1682459076.6966553,-20,2,7.4864993
1682459077.6890032,-20,2,7.50301361
1682459078.7143009,-20,2,7.49749898
1682459079.7026186,-20,2,7.4955902
1682459080.688979,-20,2,7.50009775
1682459081.6853564,-20,2,7.49901247
1682459082.6776624,-20,2,7.49502563
1682459083.6580408,-20,2,7.50141048
1682459084.6493888,-20,2,7.51633024
1682459085.6417363,-20,2,7.51473522
1682459086.633083,-20,2,7.5123372
1682459087.6254706,-20,2,7.50590896
1682459088.6197727,-20,2,7.50853347
1682459089.6111212,-20,2,7.50895166
1682459090.603466,-20,2,7.51607275
1682459091.5958135,-20,2,7.51442432
1682459092.5921493,-20,2,7.51556158
1682459093.5854936,-20,2,7.51331949
1682459094.576842,-20,2,7.52017688
1682459095.568233,-20,2,7.51427459
1682459096.560537,-20,2,7.50981473
1682459097.5399606,-20,2,7.51688957
1682459098.5302694,-20,2,7.51667213
1682459099.5236123,-20,2,7.50930261
1682459100.5169961,-20,2,7.51855468
1682459101.5103004,-20,2,7.51172351
1682459102.5016909,-20,2,7.51454687
1682459103.494991,-20,2,7.51903963
1682459104.4763687,-20,2,7.53089904
1682459105.468713,-20,2,7.52516746
1682459106.4620564,-20,2,7.52333641
1682459107.4563978,-20,2,7.5119214
1682459108.447748,-20,2,7.51244735
1682459109.4420874,-20,2,7.50618028
1682459110.4494388,-20,2,7.51397037
1682459111.4257843,-20,2,7.51617336
1682459112.4191277,-20,2,7.5161252
1682459113.4095218,-20,2,7.51744508
1682459114.401824,-20,2,7.51682901
1682459115.3941703,-20,2,7.50100612
1682459116.3875554,-20,2,7.4919629
1682459117.3808582,-20,2,7.50938558
1682459118.3752003,-20,2,7.50108194
1682459119.365552,-20,2,7.49164104
1682459120.357896,-20,2,7.50735139
1682459121.3532362,-20,2,7.51113462
1682459122.3456275,-20,2,7.50168085
1682459123.3419583,-20,2,7.50139856
1682459124.3342643,-20,2,7.50775623
1682459125.3246162,-20,2,7.50859308
1682459126.315964,-20,2,7.51258087
1682459127.3093069,-20,2,7.50757551
1682459128.3026931,-20,2,7.51137495
1682459129.2860224,-20,2,7.50377225
1682459130.27841,-20,2,7.49555015
1682459131.274703,-20,2,7.50011062
1682459132.2660534,-20,2,7.49399232
1682459133.2593951,-20,2,7.50535726
1682459134.2517433,-20,2,7.50365209
1682459135.2460842,-20,2,7.50565052
1682459136.2264626,-20,2,7.50108623
1682459137.220803,-20,2,7.49241256
1682459138.212192,-20,2,7.48780155
1682459139.203501,-20,2,7.49548149
1682459140.1968453,-20,2,7.49343919
1682459141.1921813,-20,2,7.50031709
1682459142.1875215,-20,2,7.50435018
1682459143.1798675,-20,2,7.4926629
1682459144.1722138,-20,2,7.50218963
1682459145.1645582,-20,2,7.49511146
1682459146.1608956,-20,2,7.493896
1682459147.154282,-20,2,7.49682855
1682459148.1475828,-20,2,7.48771476
1682459149.1419663,-20,2,7.49494075
1682459150.1372626,-20,2,7.48426675
1682459151.1326003,-20,2,7.48605012
1682459152.1259441,-20,2,7.48407793
1682459153.1192865,-20,2,7.489326
1682459154.1096394,-20,2,7.48738145
1682459155.1029809,-20,2,7.48280048
1682459156.0963264,-20,2,7.47674798
1682459157.091663,-20,2,7.48680353
1682459158.0850062,-20,2,7.47572612
1682459159.0773985,-20,2,7.47211456
1682459160.0716941,-20,2,7.48117399
1682459161.112911,-20,2,7.47773838
1682459162.090297,-20,2,7.47360754
1682459163.0826423,-20,2,7.47690343
1682459164.0769827,-20,2,7.4875884
1682459165.0713236,-20,2,7.4867587
1682459166.0636718,-20,2,7.48589801
1682459167.0540235,-20,2,7.49158287
1682459168.0473654,-20,2,7.49587726
1682459169.0387158,-20,2,7.50421428
1682459170.0310621,-20,2,7.50141239
1682459171.0204568,-20,2,7.49490499
1682459172.0157545,-20,2,7.50589513
1682459173.008099,-20,2,7.49353599
1682459174.000488,-20,2,7.49890661
1682459174.9957836,-20,2,7.5037899
1682459175.9881713,-20,2,7.50850009
1682459176.9805176,-20,2,7.50347185
1682459177.9738624,-20,2,7.50389909
1682459178.966166,-20,2,7.50197887
1682459179.957515,-20,2,7.50312566
1682459180.9478683,-20,2,7.51076173
1682459181.9402146,-20,2,7.52270984
1682459182.9335582,-20,2,7.51780414
1682459183.9139347,-20,2,7.51903629
1682459184.9083188,-20,2,7.50963306
1682459185.9026184,-20,2,7.51384353
1682459186.8810425,-20,2,7.5100913
1682459187.8733468,-20,2,7.52058362
1682459188.8656926,-20,2,7.52381467
1682459189.8610327,-20,2,7.5341506
1682459190.8533773,-20,2,7.51959705
1682459191.8457255,-20,2,7.53227949
1682459192.838113,-20,2,7.52997016
1682459193.830417,-20,2,7.54065322
1682459194.8227623,-20,2,7.54583263
1682459195.8151085,-20,2,7.56104326
1682459196.8094497,-20,2,7.56083154
1682459197.8027933,-20,2,7.54674816
1682459198.7931445,-20,2,7.56551265
1682459199.7834961,-20,2,7.56752729
1682459200.76188,-20,2,7.57793712
1682459201.7522335,-20,2,7.57483911
1682459202.7465725,-20,2,7.58281373
1682459203.736966,-20,2,7.59297227
1682459204.731267,-20,2,7.60524129
1682459205.7256076,-20,2,7.60590171
1682459206.716957,-20,2,7.60997819
1682459207.7272952,-20,2,7.61496496
1682459208.719601,-20,2,7.61045026
1682459209.7000191,-20,2,7.60878992
1682459210.692324,-20,2,7.61002206
1682459211.68567,-20,2,7.5972557
1682459212.6680424,-20,2,7.61727046
1682459213.662382,-20,2,7.61812639
1682459214.652735,-20,2,7.62477636
1682459215.6321585,-20,2,7.64735651
1682459216.6254995,-20,2,7.65086317
1682459217.6198003,-20,2,7.6538763
1682459218.6121466,-20,2,7.67601299
1682459219.606487,-20,2,7.683784
1682459220.5988321,-20,2,7.70451593
1682459221.5961666,-20,2,7.69794034
1682459222.5875177,-20,2,7.71043395
