t,i,temp_desired,temp_tc
1681413758.6751924,25,1.2681043585000005,22.5012722
1681413759.6694932,25,1.3228813224999993,22.4920368
1681413760.6581957,25,1.3730250936358372,22.4905223
1681413761.6460388,25,1.424281007668038,22.4869251
1681413762.6280386,25,1.4615912761680678,22.510395
1681413763.6081803,25,1.4862435401999077,22.5572376
1681413764.5874443,25,1.498666155409935,22.6259307
1681413765.5639596,25,1.4959252569299701,22.7197055
1681413766.547204,25,1.472618399989996,22.8509902
1681413767.5441804,25,1.4375002635098655,22.9999485
1681413768.537951,25,1.379704050469982,23.1891345
1681413769.5181623,25,1.3159717728540081,23.3793506
1681413770.5034173,25,1.2358725537340232,23.5949096
1681413771.4764385,25,1.1414541354299472,23.8298053
1681413772.4580488,25,1.0494066085778972,24.0506954
1681413773.4268987,25,0.9377328076499526,24.3015346
1681413774.438644,25,0.8261018356499529,24.5430736
1681413775.4084234,25,0.711032602289955,24.7818088
1681413776.4035456,25,0.5840526308339572,25.0344142
1681413777.4030812,25,0.4589986754099399,25.2734107
1681413778.374702,25,0.3331770496979316,25.5054817
1681413779.3531938,25,0.21547255578396984,25.7132453
1681413780.3313622,25,0.10301829929396034,25.9025917
1681413781.31227,25,0,26.0871982
1681413782.3008316,25,0,26.2646675
1681413783.296698,25,0,26.4173355
1681413784.2940936,25,0,26.5520744
1681413785.2785037,25,0,26.6846237
1681413786.2585716,25,0,26.7896766
1681413787.2429638,25,0,26.8666915
1681413788.2278554,25,0,26.9429397
1681413789.2063904,25,0,26.9999389
1681413790.182425,25,0,27.0551624
1681413791.1584687,25,0,27.1018066
1681413792.1430283,25,0,27.133583
1681413793.1249669,25,0,27.1666488
1681413794.1087089,25,0,27.1813583
1681413795.0891032,25,0,27.1950798
1681413796.074259,25,0,27.2129287
1681413797.0559824,25,0,27.2275218
1681413798.0366957,25,0,27.2226104
1681413799.075823,25,0,27.2417392
1681413800.0678823,25,0,27.2433547
1681413801.0494592,25,0,27.2418689
1681413802.0335937,25,0,27.2322692
1681413803.0228746,25,0,27.2213745
1681413804.0044487,25,0,27.2118682
1681413804.9898698,25,0,27.1960811
1681413805.9814482,25,0,27.1923961
1681413806.966329,25,0,27.1763
1681413807.9395957,25,0,27.1700668
1681413808.9089122,25,0,27.1491641
1681413809.8755107,25,0,27.1295795
1681413810.8521988,25,0,27.112997
1681413811.819661,25,0,27.0765056
1681413812.7996767,25,0,27.0627288
1681413813.7673845,25,0,27.0404129
1681413814.7437074,25,0,27.0131053
1681413815.717571,25,0,26.9792366
1681413816.6932943,25,0,26.9740753
1681413817.672067,25,0,26.9407577
1681413818.6393647,25,0,26.917406
1681413819.6161263,25,0,26.8993263
1681413820.5923781,25,0,26.8784084
1681413821.56665,25,0,26.862894
1681413822.5476146,25,0,26.8353271
1681413823.5269194,25,0,26.8085136
1681413824.4995465,25,0,26.7662868
1681413825.4650483,25,0,26.7530612
1681413826.4424453,25,0,26.7265377
1681413827.4199193,25,0,26.7086277
1681413828.3989093,25,0,26.6602802
1681413829.3739884,25,0,26.6482753
1681413830.358655,25,0,26.6243019
1681413831.3414872,25,0,26.5890407
1681413832.307945,25,0,26.5596866
1681413833.2699904,25,0,26.5355758
1681413834.2466538,25,0,26.517477
1681413835.2230847,25,0,26.4604759
1681413836.206342,25,0,26.4427413
1681413837.1856456,25,0,26.4218292
1681413838.1534839,25,0,26.3812503
1681413839.139003,25,0,26.3617267
1681413840.1227882,25,0,26.3402729
1681413841.0963278,25,0,26.3082351
1681413842.0716019,25,0,26.2900695
1681413843.0478346,25,0,26.2612457
1681413844.0221252,25,0,26.249073
1681413845.0044985,25,0,26.2091522
1681413845.998896,25,0,26.1788253
1681413846.9697995,25,0,26.1522922
1681413847.9622655,25,0,26.1333122
1681413848.9417777,25,0,26.1014366
1681413849.970083,25,0,26.0753307
1681413850.946448,25,0,26.0494327
1681413851.9285853,25,0,26.0176506
1681413852.909213,25,0,25.9782371
1681413853.8978984,25,0,25.9529132
1681413854.87932,25,0,25.9424247
1681413855.861024,25,0,25.9035511
1681413856.8445556,25,0,25.8820247
1681413857.8234575,25,0,25.8387451
1681413858.8069527,25,0,25.8214073
1681413859.7878938,25,0,25.7910194
1681413860.7733502,25,0,25.7758674
1681413861.7634294,25,0,25.7437133
1681413862.7622519,25,0,25.7242603
1681413863.7526805,25,0,25.703125
1681413864.7470753,25,0,25.6724109
1681413865.7385597,25,0,25.6571331
1681413866.7196496,25,0,25.6289997
1681413867.6987748,25,0,25.6066761
1681413868.6869297,25,0,25.5818881
1681413869.6681266,25,0,25.5537929
1681413870.6450095,25,0,25.5413932
1681413871.6263418,25,0,25.5164165
1681413872.6161916,25,0,25.4975147
1681413873.5929422,25,0,25.4641094
1681413874.5770514,25,0,25.4421215
1681413875.5531664,25,0,25.4191455
1681413876.536324,25,0,25.4047775
1681413877.5331647,25,0,25.3844852
1681413878.5202324,25,0,25.3458232
1681413879.5006962,25,0,25.3344326
1681413880.4855883,25,0,25.3071479
1681413881.4675744,25,0,25.2929553
1681413882.4567423,25,0,25.2706317
1681413883.4413507,25,0,25.2453899
1681413884.4217503,25,0,25.2309455
1681413885.4134858,25,0,25.2149696
1681413886.3882084,25,0,25.1839942
1681413887.3730469,25,0,25.1762466
1681413888.3462634,25,0,25.1544799
1681413889.3163238,25,0,25.1379795
1681413890.3074672,25,0,25.0963821
1681413891.289939,25,0,25.0797672
1681413892.277354,25,0,25.0503387
1681413893.2568643,25,0,25.0316619
1681413894.246612,25,0,25.0204181
1681413895.240447,25,0.0012876111359998526,24.9975223
1681413896.222055,25,0.0122213891359997,24.9765911
1681413897.2094052,25,0.021561203205999815,24.9595069
1681413898.1984444,25,0.030071665685996937,24.944664
1681413899.179778,25,0.04436164149400389,24.9192619
1681413900.1548378,25,0.05474654546400372,24.9023399
1681413901.1365309,25,0.06725254791200652,24.8819007
1681413902.110844,25,0.07141489240200662,24.8783683
1681413903.1057947,25,0.08705810569799785,24.8528728
1681413904.0981328,25,0.09887773370800015,24.8357067
1681413905.0879729,25,0.10406196370799907,24.832056
1681413906.0593233,25,0.11408256249198889,24.8191337
1681413907.047329,25,0.12570552206000368,24.8036174
1681413908.0396063,25,0.13062296191000705,24.8015995
1681413909.0198328,25,0.14181292963799258,24.7875804
1681413910.0033195,25,0.1452687575420089,24.7889747
1681413910.9830525,25,0.1492931206320118,24.7892303
1681413911.9835784,25,0.15822763293599715,24.7800197
1681413912.971888,25,0.16790506009599923,24.7697372
1681413913.963093,25,0.16920062009599918,24.776102
1681413914.9527261,25,0.17272472396798466,24.7777996
1681413915.9357455,25,0.17674129196798494,24.7786216
1681413916.9192047,25,0.1747304837760023,24.7908744
1681413917.9087424,25,0.174941639857991,24.7982711
1681413918.8941042,25,0.17921323385799148,24.7978153
1681413919.8744063,25,0.1790172755380078,24.805849
1681413920.8500562,25,0.17904916343999655,24.8130321
1681413921.8311303,25,0.18106512952999892,24.8162403
1681413922.8159688,25,0.17787477671400187,24.8292331
1681413923.7990067,25,0.17535405471400095,24.8406486
1681413924.784047,25,0.17478204762400357,24.8477897
1681413925.7640812,25,0.17198488123999434,24.8589363
1681413926.7474318,25,0.16100332421000424,24.8853435
1681413927.7363987,25,0.15832353168199703,24.8948421
1681413928.716582,25,0.15277577368199868,24.9095554
1681413929.6960175,25,0.14661339464399353,24.9247951
1681413930.6727822,25,0.14231666419599986,24.9359111
1681413931.6560426,25,0.13694280243599877,24.9486808
1681413932.6373503,25,0.12460213312399784,24.9743709
1681413933.6136994,25,0.11939177376599924,24.9853591
1681413934.6187515,25,0.11151195976599867,25.0010757
1681413935.5971088,25,0.10842301501399974,25.0069789
1681413936.580401,25,0.10107022376399961,25.0208625
1681413937.5603495,25,0.09451708413200227,25.0326824
1681413938.5523067,25,0.09068494167599796,25.0388412
1681413939.5309687,25,0.08389967367599724,25.0503959
1681413940.5221314,25,0.08303494434799756,25.0501823
1681413941.507207,25,0.0753871023479977,25.0629596
1681413942.4927454,25,0.06834403590799593,25.0741252
1681413943.4741218,25,0.062592279428002,25.082386
1681413944.4633656,25,0.05763274925800112,25.0888061
1681413945.4464061,25,0.05404834018600617,25.0923404
1681413946.4275944,25,0.05785225180200056,25.0815238
1681413947.417382,25,0.052885852741999737,25.0879898
1681413948.403936,25,0.05210974909400559,25.0861511
1681413949.3850977,25,0.049353732501996886,25.0881919
1681413950.3673642,25,0.05053358408199603,25.0825786
1681413951.3453686,25,0.04405135044200119,25.091978
1681413952.3312118,25,0.050936818442002235,25.0751991
1681413953.3118408,25,0.04348983045800808,25.0866813
1681413954.2930634,25,0.0444093918260003,25.0816764
1681413955.2774513,25,0.04487360065800411,25.0776901
1681413956.2697344,25,0.04950899971399979,25.0658283
1681413957.252089,25,0.048825791993998544,25.0646476
1681413958.2341046,25,0.046852419993998334,25.0659561
1681413959.2207406,25,0.05091885271400301,25.0556335
1681413960.2116733,25,0.05767060261400207,25.040533
1681413961.203257,25,0.06224801605400131,25.0302085
1681413962.198999,25,0.06258109405400077,25.0284061
1681413963.1901667,25,0.058966084054001514,25.0342655
1681413964.1863964,25,0.06692784406400122,25.0176467
1681413965.1681898,25,0.06206505406400155,25.0263195
1681413966.1627867,25,0.06298535267200234,25.0235519
1681413967.1394918,25,0.06621708788800139,25.0164413
1681413968.1293874,25,0.07143527507800236,25.0057773
1681413969.1290548,25,0.07606457307800106,24.9966526
1681413970.1174777,25,0.07516602776600212,24.9985084
1681413971.1015768,25,0.07948549576600175,24.9902591
1681413972.0834413,25,0.08244593733600193,24.9849319
1681413973.061536,25,0.08820701668000047,24.9744167
1681413974.0508654,25,0.08344550086000058,24.984539
1681413975.0325487,25,0.08593279286000192,24.9803504
1681413976.0068996,25,0.09223697734000229,24.9689445
1681413976.9875271,25,0.09495483898800064,24.9648704
1681413977.9587305,25,0.09870491084800143,24.9589862
1681413978.9390707,25,0.09472944739199785,24.9681892
1681413979.913155,25,0.10093810515600242,24.9574222
1681413980.8887098,25,0.10912685789199954,24.9432773
1681413981.8731775,25,0.11102127749200265,24.94178
1681413982.848291,25,0.10993847655600085,24.9460372
1681413983.8224454,25,0.11012340326999791,24.9476947
1681413984.802412,25,0.11522664703000242,24.9398555
1681413985.7900712,25,0.11579590903000268,24.94104
1681413986.7706063,25,0.11150064119000036,24.951538
1681413987.770078,25,0.11154441367000294,24.953289
1681413988.753709,25,0.10037942967000389,24.9765567
1681413989.7755158,25,0.11049228002199986,24.9580364
1681413990.754695,25,0.10177279733400232,24.9764041
1681413991.7251012,25,0.10155343761200047,24.9777069
1681413992.7000248,25,0.1011907145820017,24.9792499
1681413993.6849756,25,0.10507724282200039,24.972557
1681413994.6702676,25,0.10196568560600162,24.9795837
1681413995.6514125,25,0.09966779688200107,24.9847698
1681413996.6267874,25,0.10252684728200154,24.979845
1681413997.6174884,25,0.10547924109400084,24.9749126
1681413998.5937228,25,0.10163285309400115,24.9832744
1681413999.576469,25,0.1070920462640005,24.9734039
1681414000.5626652,25,0.09673836411400079,24.9943275
1681414001.544242,25,0.09735366611400179,24.9933624
1681414002.5254223,25,0.09940627859399986,24.989664
1681414003.501191,25,0.10141746058200227,24.9861774
1681414004.522187,25,0.10227745532200046,24.985073
1681414005.5013807,25,0.09673396505000034,24.9963054
1681414006.4722185,25,0.09291333267800174,25.0037994
1681414007.456526,25,0.08474324130000171,25.0193881
1681414008.433102,25,0.08507135850000012,25.0180225
1681414009.4174232,25,0.08858714479000127,25.0105743
1681414010.3974092,25,0.07963953203800267,25.0273914
1681414011.3797724,25,0.0784472834939997,25.0286483
1681414012.3592582,25,0.0729052004320018,25.0382499
1681414013.3330626,25,0.0789883309020021,25.0250949
1681414014.3144615,25,0.07175717584600451,25.0380592
1681414015.297995,25,0.07282507600600212,25.034563
1681414016.279518,25,0.07113310855600095,25.0365085
1681414017.2715082,25,0.07829374959600306,25.021347
1681414018.2472801,25,0.08236284434800145,25.0127086
1681414019.272335,25,0.08302314434800079,25.01095
1681414020.248543,25,0.07876244434800182,25.0187225
1681414021.2404094,25,0.08228092903800109,25.0112495
1681414022.2302275,25,0.07481665503800243,25.0251712
1681414023.213032,25,0.07965170908800247,25.0149135
1681414024.1981523,25,0.0770338386720033,25.0193862
1681414025.1882212,25,0.08484959467200325,25.0036125
1681414026.1838706,25,0.08259136867200188,25.0078163
1681414027.1687326,25,0.08231349108200327,25.0080547
1681414028.1468847,25,0.07932308236200303,25.013504
1681414029.1281574,25,0.08303110873000309,25.0058574
1681414030.1129744,25,0.0844947744300037,25.002819
1681414031.0954742,25,0.08046156185400385,25.0104732
1681414032.0799565,25,0.07716650680400448,25.0164165
1681414033.071658,25,0.08165774560400403,25.0071525
1681414034.0659065,25,0.07676710920400345,25.0162925
1681414035.034449,25,0.08269200549400342,25.0042743
1681414036.008672,25,0.07663692666200232,25.0157737
1681414036.987633,25,0.08032645913000389,25.0080814
1681414037.9533987,25,0.08114564277000295,25.0061988
1681414038.928671,25,0.08193202107400208,25.0044536
1681414039.907567,25,0.07898673115800346,25.0099582
1681414040.8741508,25,0.07916144152600325,25.0092449
1681414041.850853,25,0.08188586925400361,25.0036544
1681414042.8188279,25,0.08456506020600248,24.9983596
1681414043.8010623,25,0.08726464652800256,24.9932231
1681414044.7733967,25,0.08368588971200419,25.0003662
1681414045.758822,25,0.07762539828800213,25.0120143
1681414046.746595,25,0.08523540690600272,24.9969139
1681414047.7228882,25,0.08104375782600257,25.0050964
1681414048.7098932,25,0.0836444974740014,24.9998989
1681414049.6911347,25,0.0825125453620024,25.0020809
1681414050.6654859,25,0.08422907309200225,24.9986991
1681414050.569775,25,0.08488208446800251,24.9974918
1681414051.5639853,25,0.08156828475600163,25.0039634
1681414052.5582879,25,0.0779134967560025,25.0108394
1681414053.5488534,25,0.0786634324060008,25.0089855
1681414054.5313025,25,0.08161791840600235,25.0029582
1681414055.5214324,25,0.07780702923000277,25.0101852
1681414056.5024755,25,0.08150415723000158,25.0026836
1681414057.489196,25,0.0851550837260017,24.9955539
1681414058.4837074,25,0.09129212572600234,24.9839229
1681414059.4626853,25,0.08658817880600175,24.9935836
1681414060.4370346,25,0.08885345643800094,24.9894676
1681414061.4275126,25,0.08594202148200233,24.9954662
1681414062.4127886,25,0.08727840948200226,24.9930706
1681414063.4045599,25,0.08990472285800194,24.9882793
1681414064.378907,25,0.08712626990200145,24.9940662
1681414065.3701103,25,0.08208875691000046,25.0039844
1681414066.3606846,25,0.08655854891000132,24.9952354
1681414067.3523815,25,0.08228287691000091,25.0036411
1681414068.3462157,25,0.08417680855000145,24.9998588
1681414069.3387306,25,0.0843174845500015,24.9995937
1681414070.3187702,25,0.08854507426199942,24.9914741
1681414071.3073158,25,0.08429106275799932,24.9999828
1681414072.2877033,25,0.08165766593799971,25.0050506
1681414073.2902758,25,0.08798962593799933,24.9926795
1681414074.260894,25,0.09007216059799988,24.988943
1681414075.2439833,25,0.08345633413399899,25.0020923
1681414076.232452,25,0.08922860995800076,24.9909057
1681414077.2267518,25,0.0809621599580002,25.0071525
1681414078.219969,25,0.07943861773800065,25.009819
1681414079.1987064,25,0.08221471373800042,25.0041027
1681414080.1932106,25,0.07977592460200082,25.0086402
1681414081.174738,25,0.07650860060199921,25.0145912
1681414082.156252,25,0.07972621864200029,25.0078468
1681414083.1486068,25,0.08108141205000102,25.0049419
1681414084.1291835,25,0.07853478768400017,25.0096607
1681414085.1185102,25,0.07957241368399992,25.0072937
1681414086.104836,25,0.07093917331599976,25.0236301
1681414087.097781,25,0.08138237122599912,25.0026397
1681414088.0816457,25,0.0771123252259993,25.0107498
1681414089.056672,25,0.0736243468259993,25.017065
1681414090.040622,25,0.07664158254599887,25.0106124
1681414091.0326674,25,0.07833086171399994,25.0069599
1681414092.0070186,25,0.07404540234399944,25.0149421
1681414092.9881685,25,0.07082627096800005,25.0205707
1681414093.9836676,25,0.07634589552799964,25.0091705
1681414094.9839766,25,0.07727133352800002,25.0070381
1681414095.966906,25,0.07567358352799927,25.00984
1681414096.9433017,25,0.07448531116200018,25.0117607
1681414097.942618,25,0.07808390218600068,25.0043907
1681414098.921541,25,0.07755233431600067,25.0052471
1681414099.9046333,25,0.07725777717999958,25.0056152
1681414100.8893478,25,0.07695208518000084,25.0059871
1681414101.8647902,25,0.07398896983600112,25.0114688
1681414102.8585403,25,0.08155913943600038,24.9964675
1681414103.8470404,25,0.0779947794060014,25.0034599
1681414104.8218057,25,0.07591059001400187,25.0073394
1681414105.8021493,25,0.07968240713400221,24.9998035
1681414106.783103,25,0.08098677546400089,24.9973011
1681414107.7639823,25,0.0767073176560026,25.0056381
1681414108.746439,25,0.07719045610600254,25.0044975
1681414109.7375321,25,0.07899420412200278,25.0008563
1681414110.7208693,25,0.07676432212200254,25.0051116
1681414111.7078502,25,0.07494476782200213,25.008419
1681414112.6869254,25,0.0753371662540034,25.0073451
1681414113.6584668,25,0.077457393310002,25.0029888
1681414114.6460135,25,0.07876460875800147,25.0003604
1681414115.6671007,25,0.07859828408600157,25.0006656
1681414116.6472132,25,0.07929387269400275,24.9993019
1681414117.6264708,25,0.08043272379400299,24.997137
1681414118.605414,25,0.08450799787400229,24.989397
1681414119.594127,25,0.08547023409400285,24.9879474
1681414120.5685363,25,0.08661536219000161,24.9862003
1681414121.5438397,25,0.0803525317600025,24.9987735
1681414122.5376365,25,0.07732271779200253,25.0046501
1681414123.525687,25,0.07854786379200283,25.0021152
1681414124.519778,25,0.07945781702200308,25.0002841
1681414125.5007038,25,0.08333507902200162,24.9928169
1681414126.4812737,25,0.07858951110200228,25.002222
1681414127.4670367,25,0.08304000310200306,24.9935779
1681414128.4472353,25,0.08196874676400152,24.9958801
1681414129.4336157,25,0.08332356207600237,24.9934291
1681414130.414279,25,0.08620767865600282,24.9881286
1681414131.3953068,25,0.0847542706240019,24.9913749
1681414132.3898966,25,0.0871048982640028,24.9871788
1681414133.365383,25,0.08787269007200138,24.9861869
1681414134.3466105,25,0.08757558621600209,24.9872817
1681414135.321699,25,0.08714843101000096,24.9885787
1681414136.3110907,25,0.08812252878600363,24.9871368
1681414137.2931173,25,0.08741542428600312,24.988985
1681414138.2924316,25,0.08441926428600269,24.9951705
1681414139.2844315,25,0.08510009214200183,24.9940433
1681414140.273424,25,0.08580823409200249,24.9929065
1681414141.2529135,25,0.08964109599600102,24.9857997
1681414142.2507727,25,0.09348174599600123,24.97896
1681414143.229193,25,0.09517251105200297,24.9765033
1681414144.202962,25,0.09758317967200351,24.9727554
1681414145.1807241,25,0.09790361823200366,24.973154
1681414146.1713834,25,0.09324624222200505,24.9831333
1681414147.1465409,25,0.08772907654200429,24.9943885
1681414148.146838,25,0.086557938952004,24.9968547
1681414149.1289663,25,0.09095410895200357,24.9885215
1681414150.0999053,25,0.07983195223200314,25.0103645
1681414151.0850978,25,0.08212077248200302,25.0055675
1681414152.0691562,25,0.07912479742600431,25.0111217
1681414153.0547376,25,0.07817145862600361,25.012535
1681414154.047549,25,0.08147812378600332,25.0056972
1681414155.0403578,25,0.07285635578600402,25.0220584
1681414156.0198505,25,0.06906599713000486,25.0285167
1681414157.009307,25,0.06389390747000422,25.0373878
1681414158.003284,25,0.06706247140600585,25.0298748
1681414158.9974005,25,0.06304519540600698,25.0364513
1681414159.9839778,25,0.060912381406003496,25.039175
1681414160.9708743,25,0.06398015740600325,25.0317687
1681414161.9520843,25,0.06560840882600269,25.0274314
1681414162.934376,25,0.06854640204200267,25.0207519
1681414163.9099758,25,0.06929237164800443,25.0185413
1681414164.8800616,25,0.07228348654800353,25.012083
1681414165.8595877,25,0.07048452242000539,25.0150871
1681414166.835482,25,0.06410370237200233,25.0268096
1681414167.8294363,25,0.06643173104400361,25.0213146
1681414168.8279455,25,0.07049543104400392,25.01268
1681414169.8063526,25,0.06551186368400166,25.0217895
1681414170.801634,25,0.06784819408400192,25.016468
1681414171.789593,25,0.06389271808400085,25.0234413
1681414172.7751448,25,0.07180317826000256,25.0073318
1681414173.74823,25,0.06968320619000284,25.0111331
1681414174.7344155,25,0.06953300486200234,25.0110073
1681414175.727071,25,0.07087047981200184,25.0080165
1681414176.710046,25,0.06589385781200141,25.0172786
1681414177.7093337,25,0.0766524128520015,24.995922
1681414178.690399,25,0.08639630085200078,24.9773406
1681414179.672384,25,0.0797144109000015,24.9910564
1681414180.6568065,25,0.07899518333800157,24.9927749
1681414181.6327798,25,0.07594073916800265,24.9989261
1681414182.62627,25,0.07627607204800209,24.9983215
1681414183.6112256,25,0.07686022556800112,24.997261
1681414184.5975626,25,0.07522313203800257,25.0005149
1681414185.5737507,25,0.07680883215000227,24.9974441
1681414186.5514014,25,0.07482811888600141,25.0013523
1681414187.538127,25,0.08274686717200083,24.9860553
1681414188.5205107,25,0.07269274814200002,25.0059299
1681414189.4943178,25,0.0740589026220017,25.0030765
1681414190.4894085,25,0.07592824075000049,24.9993629
1681414191.4706624,25,0.08548724675000126,24.9810047
1681414192.451452,25,0.07979104634000041,24.9926853
1681414193.4274583,25,0.07920654171600078,24.9940834
1681414194.421942,25,0.08894118663600084,24.9755764
1681414195.3939047,25,0.08666629185200064,24.9808788
1681414196.385181,25,0.08127592056199978,24.9919757
1681414197.3596509,25,0.08551067641799978,24.9841308
1681414198.3738227,25,0.08805121421000091,24.9798431
1681414199.352938,25,0.08322050021000169,24.9899082
1681414200.3331637,25,0.08287421013999981,24.9909515
1681414201.3181858,25,0.08882806010800158,24.9798374
1681414202.3101547,25,0.09296356010800144,24.97266
1681414203.2957585,25,0.08771116410800188,24.9838123
1681414204.288034,25,0.09291271497599993,24.9744014
1681414205.2677608,25,0.09247251497600154,24.9762325
1681414206.2447824,25,0.09771693055399949,24.9670219
1681414207.217789,25,0.09634386468200215,24.9709129
1681414208.1900415,25,0.09636076941600065,24.9719657
1681414209.1782532,25,0.08920977107800068,24.9867801
1681414210.1590803,25,0.09087744002199936,24.9840717
1681414211.1692822,25,0.08849772848599982,24.9892673
1681414212.1572206,25,0.08937787848600108,24.9879875
1681414213.1308014,25,0.09273615376199881,24.9819698
1681414214.11717,25,0.08444366880199924,24.9986095
1681414215.0977526,25,0.0893101380980008,24.9892978
1681414216.0885148,25,0.08688723577800136,24.9943656
1681414217.0742602,25,0.08191118112200153,25.0041542
1681414218.0717463,25,0.07563219312200122,25.0160694
1681414219.047964,25,0.07824299296200021,25.010437
1681414220.030383,25,0.08080696930199938,25.0051078
1681414221.0156722,25,0.07671483768599996,25.0127887
1681414221.9906244,25,0.07280261096600227,25.019844
1681414222.974507,25,0.07165677813399922,25.0212974
1681414223.947097,25,0.06923798121000098,25.0251598
1681414224.9415243,25,0.06924437951400003,25.0241947
1681414225.9218612,25,0.06711239548399933,25.0273799
1681414226.9037921,25,0.07054531738799964,25.0197372
1681414227.8802974,25,0.06659888819800078,25.0265827
1681414228.8518322,25,0.06679255029400043,25.0252189
1681414229.840895,25,0.06532530215399979,25.0270862
1681414230.8221579,25,0.06483259428199874,25.0270252
1681414231.799893,25,0.06713269428199817,25.0215625
1681414232.7787242,25,0.06819872445199941,25.0186939
1681414233.762731,25,0.0669379612080001,25.0204238
1681414234.7446952,25,0.06742015240800162,25.0187225
1681414235.7194898,25,0.06725686327199948,25.0183277
1681414236.7183692,25,0.07650500861199881,24.9998378
1681414237.695776,25,0.07093260595600123,25.0105667
1681414238.6868846,25,0.07259804773200025,25.0069618
1681414239.6618419,25,0.06944456147199947,25.0127658
1681414240.6638756,25,0.07416616547200004,25.0031948
1681414241.6412477,25,0.07526898601599888,25.0009517
1681414242.6216412,25,0.07481862566200001,25.0017833
1681414243.6136928,25,0.06494874222199863,25.020708
1681414244.5911982,25,0.06599848622199894,25.0178928
1681414245.565995,25,0.06839680287199812,25.0126075
1681414246.559583,25,0.07065245354399881,25.0077896
1681414247.5515707,25,0.07485158986399867,24.9994144
1681414248.5468607,25,0.0757629018639979,24.9976844
1681414249.5342917,25,0.07737161834399757,24.9946765
1681414250.5094662,25,0.07854307160399712,24.9926242
1681414251.4881222,25,0.0765441822599985,24.9967479
1681414252.4794369,25,0.07039049225999743,25.008707
1681414253.4726586,25,0.07997383729999871,24.9899368
1681414254.4694111,25,0.07495913729999795,24.9999675
1681414255.466681,25,0.06984397529999814,25.0098056
1681414256.4494164,25,0.07521563059599741,24.9990978
1681414257.441665,25,0.08031731139599824,24.989315
1681414258.438685,25,0.07112857939599894,25.0073966
1681414259.436676,25,0.07893701139599943,24.9920959
1681414260.4194446,25,0.081837517715999,24.9868144
1681414261.4176817,25,0.0846382577159997,24.9819355
1681414262.4124994,25,0.08643899715599775,24.9791545
1681414263.4038272,25,0.08377527115599763,24.9850788
1681414264.4036572,25,0.08522819915599764,24.9828586
1681414265.3966823,25,0.08682568315599862,24.9804458
1681414266.3927205,25,0.08737148819599778,24.9801368
1681414267.3866754,25,0.08031320019599722,24.9944744
1681414268.3794384,25,0.08619875885199736,24.9833583
1681414269.3714223,25,0.08675373685199776,24.9829311
1681414270.3661985,25,0.07900781485199683,24.9984836
1681414271.3606374,25,0.07743683533199763,25.001564
1681414272.4016597,25,0.08164781869399745,24.9934177
1681414273.3926597,25,0.08157527473399592,24.9938068
1681414274.3873792,25,0.08656800273399734,24.9844436
1681414275.3787177,25,0.08286519873399593,24.9921627
1681414276.3746865,25,0.07740819199799667,25.0029602
1681414277.3676994,25,0.07540704799799657,25.0066947
1681414278.3576908,25,0.07711990046199728,25.0031452
1681414279.3526714,25,0.08128215246199713,24.9950199
1681414280.3455071,25,0.08582010950199767,24.9864768
1681414281.336715,25,0.07359159350199712,25.0105133
1681414282.33203,25,0.0777995812299978,25.0020179
1681414283.3240275,25,0.06833094722999768,25.0201492
1681414284.3050563,25,0.06902771375799648,25.0180454
1681414285.2928944,25,0.07820013932799501,24.9997119
1681414286.2812448,25,0.07908302897599562,24.9980239
1681414287.2965603,25,0.0789762969919965,24.9983062
1681414288.286353,25,0.07930002815999469,24.9977474
1681414289.2763727,25,0.07900786015999625,24.9983959
1681414290.266848,25,0.07658018855999531,25.003128
1681414291.2550707,25,0.07771404942399623,25.0008277
1681414292.2445362,25,0.08006198742399621,24.9962806
1681414293.2290514,25,0.08040775737599522,24.9957561
1681414294.213024,25,0.07772380379599565,25.0010814
1681414295.2006185,25,0.07869074533199562,24.9991798
1681414296.1860614,25,0.0753576012359961,25.0056247
1681414297.1738405,25,0.06727615574599465,25.0209617
1681414298.1590118,25,0.06970544760199647,25.0154933
1681414299.145054,25,0.0767721221219965,25.0013084
1681414300.1294017,25,0.0772647061219955,25.0003108
1681414301.1118374,25,0.07826858765799508,24.9983673
1681414302.100215,25,0.07838501128999617,24.9982051
1681414303.0927455,25,0.07806151796999565,24.9988956
1681414304.08062,25,0.07479939464199714,25.0052146
1681414305.066861,25,0.07764870264199619,24.9995346
1681414306.0554397,25,0.07709291758599641,25.0006217
1681414307.0390456,25,0.08161759912599585,24.9918918
1681414308.029059,25,0.07471378187799599,25.0054836
1681414309.0146499,25,0.07145361854799609,25.0115489
1681414310.006059,25,0.07232457593999737,25.0094356
1681414310.9968462,25,0.07005898393999804,25.0134296
1681414311.98259,25,0.0652698356519957,25.0221366
1681414312.973023,25,0.06585770954199546,25.0201663
1681414313.9610484,25,0.07331751154199452,25.0050449
1681414314.9416285,25,0.06731357178199583,25.016407
1681414315.9250686,25,0.07062844202199581,25.009407
1681414316.9250698,25,0.06737162602199506,25.0153083
1681414317.915677,25,0.07361920797199623,25.0027065
1681414318.9033697,25,0.0679775132039966,25.0134601
1681414319.8870218,25,0.06785609825399615,25.0131835
1681414320.877239,25,0.06530989906999711,25.0175838
1681414321.8659697,25,0.06793470306999748,25.0118598
1681414322.8500636,25,0.06880546630199647,25.0097351
1681414323.849318,25,0.068030548301996,25.0108509
1681414324.8404322,25,0.07049417603199598,25.0056991
1681414325.841659,25,0.06560357803199733,25.0148849
1681414326.8318324,25,0.07169007897599754,25.0026092
1681414327.8149152,25,0.07468774697599634,24.9967441
1681414328.8048005,25,0.08230682699199743,24.9822063
1681414329.793021,25,0.07516947331199893,24.9966144
1681414330.7833858,25,0.07766752873599816,24.9919357
1681414331.7954733,25,0.07618796459199778,24.9950942
1681414332.7840414,25,0.07823498859199801,24.9913463
1681414333.7706144,25,0.07744778300799827,24.9931888
1681414334.751601,25,0.08416682249799785,24.9805183
1681414335.7380567,25,0.07681483752199837,24.9954032
1681414336.7227929,25,0.08214185806599787,24.9853267
1681414337.7228105,25,0.08225379206599912,24.9856758
1681414338.7248151,25,0.07799480006599886,24.9944171
1681414339.7118175,25,0.08166332500599924,24.9875698
1681414340.7024183,25,0.07910879895799806,24.9929561
1681414341.6894085,25,0.08384269330999937,24.9841136
1681414342.6751635,25,0.07229521730999887,25.0069313
1681414343.6606236,25,0.07204304139400042,25.0071582
1681414344.6448262,25,0.0697218053940009,25.0113468
1681414345.629045,25,0.07075023073399904,25.0089378
1681414346.613035,25,0.07394248484600081,25.0024566
1681414347.5968351,25,0.0708144633100002,25.0083827
1681414348.6606297,25,0.06812283563999869,25.0132045
1681414349.6480453,25,0.0745724556239988,25.0002937
1681414350.6315475,25,0.07879338983399932,24.9921607
1681414351.6181614,25,0.0754814016579994,24.9988307
1681414352.604566,25,0.06742603984999729,25.0143756
1681414353.588865,25,0.07321023408999804,25.0027008
1681414354.576053,25,0.07068600394599885,25.0074558
1681414355.5645342,25,0.06864311738599829,25.0111045
1681414356.5502026,25,0.06825483259599822,25.0114307
1681414357.5368338,25,0.07308847059599659,25.0016956
1681414358.5280302,25,0.07237218969999763,25.0030097
1681414359.5116658,25,0.07132754740999833,25.0049057
1681414360.4994085,25,0.06646132822599757,25.0140838
1681414361.5176375,25,0.0700991907219988,25.0065422
1681414362.5060816,25,0.06593163872199727,25.0143051
1681414363.4930408,25,0.07249544324999713,25.0011329
1681414364.4768312,25,0.07391136217799771,24.9983654
1681414365.4639924,25,0.07149125540799871,25.0030841
1681414366.4516332,25,0.07237913222399889,25.0012588
1681414367.4356034,25,0.07397399372799827,24.9981422
1681414368.4206305,25,0.06674970777799737,25.0121135
1681414369.4061437,25,0.0694323834099979,25.0064926
1681414370.3868253,25,0.06571714599999891,25.0133953
1681414371.3767586,25,0.06481717833600024,25.0146198
1681414372.3668394,25,0.0659311743359991,25.0119152
1681414373.3516307,25,0.0674372474239984,25.0085659
1681414374.3350558,25,0.06277517299399879,25.0172119
1681414375.3248906,25,0.06803578692999805,25.0064373
1681414376.3080168,25,0.06703686995399767,25.0081157
1681414377.2910428,25,0.0675063993339989,25.0069046
1681414378.2780359,25,0.06607006957399908,25.009407
1681414379.2646565,25,0.06952561396399935,25.0024013
1681414380.2520742,25,0.06921170857199815,25.0029144
1681414381.2416098,25,0.0729213405719992,24.9956684
1681414382.223781,25,0.07205307759599888,24.9975032
1681414383.2094052,25,0.07105548481599999,24.9995174
1681414384.1964486,25,0.07567314084799867,24.9906501
1681414385.1860774,25,0.07139273190399917,24.9992408
1681414386.174494,25,0.073743064033998,24.9947471
1681414387.1568263,25,0.07209990056199816,24.9981079
1681414388.1445563,25,0.07426441097199811,24.9940147
1681414389.1314015,25,0.07598296097199947,24.99094
1681414390.120612,25,0.07620190074799747,24.9908618
1681414391.1250494,25,0.0735769764279976,24.9962635
1681414392.1160545,25,0.07600663593199745,24.9917297
1681414393.100622,25,0.08016396772399849,24.9840431
1681414394.0894127,25,0.07434549486399933,24.9958438
1681414395.0760634,25,0.07737808388799912,24.9901657
1681414396.0605276,25,0.08180909363199931,24.9820117
1681414397.046301,25,0.0838197990120004,24.9788246
1681414398.036832,25,0.08375731501200001,24.9797592
1681414399.0194035,25,0.08334484921999873,24.9813194
1681414400.0018213,25,0.0775017144599983,24.9932708
1681414400.9880395,25,0.07754195388399872,24.9934482
1681414401.9755452,25,0.07483307673199859,24.9989089
1681414402.9650624,25,0.0740734623019988,25.0004119
1681414403.9516394,25,0.07384625902199925,25.0008335
1681414404.9361477,25,0.07295066111799924,25.0025253
1681414405.9218361,25,0.07275919051799923,25.002798
1681414406.9116285,25,0.07362758251799767,25.0010204
1681414407.8951385,25,0.06949199922199951,25.0089397
1681414408.880613,25,0.06722237962199852,25.012968
1681414409.874034,25,0.07049288637399932,25.0061836
1681414410.858268,25,0.07161218896599893,25.0037956
1681414411.8406353,25,0.07203700325599897,25.0028343
1681414412.8260548,25,0.07369305015199913,24.9995403
1681414413.8115065,25,0.07616527631199925,24.9948005
1681414414.7945552,25,0.07131839548199968,25.0043239
1681414415.7788208,25,0.07044629773799937,25.0058383
1681414416.7608113,25,0.06923793836799905,25.0079421
1681414417.7427762,25,0.06520201876800139,25.0154075
1681414418.7263696,25,0.06357948755199876,25.0179462
1681414419.7145295,25,0.06914964392199853,25.0065479
1681414420.7016265,25,0.06399635910600074,25.0162162
1681414421.6894078,25,0.06569529763399887,25.0123329
1681414422.6745431,25,0.06552502763399923,25.012186
1681414423.660033,25,0.059571381633998874,25.02318
1681414424.6418297,25,0.05169900185800087,25.0374507
1681414425.6316442,25,0.05698303893800048,25.0258636
1681414426.6190608,25,0.05610631772200304,25.0265712
1681414427.6058698,25,0.056947296666000916,25.0239467
1681414428.5894063,25,0.04839093756600042,25.039503
1681414429.5794206,25,0.049599891390002496,25.0356807
1681414430.5714824,25,0.05836410939000351,25.0174541
1681414431.5568297,25,0.0553502889900018,25.0225925
1681414432.5391412,25,0.05679552155000038,25.0189552
1681414433.5617104,25,0.05054075842000062,25.0302371
1681414434.5487657,25,0.05629597745999998,25.0180168
1681414435.5380378,25,0.06187866946000102,25.0065879
1681414436.5252566,25,0.06460367379600054,25.0010948
1681414437.5140252,25,0.06746171196600045,24.9955539
1681414438.5030246,25,0.0675462490380006,24.9955596
1681414439.4886057,25,0.06341780503800078,25.0036697
1681414440.4716322,25,0.06914291511400102,24.9925098
1681414441.4568324,25,0.06532049111400107,25.0001487
1681414442.4420428,25,0.06969571279400003,24.991724
1681414443.4330428,25,0.06285766338600009,25.0051956
1681414444.4172535,25,0.062174441376000936,25.0063133
1681414445.4060707,25,0.06314651255999976,25.0042037
1681414446.3930314,25,0.062972492320001,25.0043792
1681414447.381617,25,0.06600022832000002,24.9983882
1681414448.4127705,25,0.06761729379999996,24.995346
1681414449.4014356,25,0.0591269929360015,25.0118598
1681414450.3906221,25,0.06536122925600188,24.9994144
1681414451.3790636,25,0.06562087725600071,24.9989376
1681414452.361657,25,0.06622164423200101,24.9978218
1681414453.3480349,25,0.06136891773600053,25.0072422
1681414454.331386,25,0.058499328526001274,25.0124893
1681414455.316069,25,0.06314814518200092,25.0030708
1681414456.299406,25,0.0603366462100003,25.0083694
1681414457.288056,25,0.059692210209999125,25.0092868
1681414458.2765045,25,0.06701783459400018,24.9948387
1681414459.263794,25,0.06451550338399911,24.9998493
1681414460.255574,25,0.06832273463199919,24.9925289
1681414461.2380574,25,0.0743596486319997,24.9812068
1681414462.2200246,25,0.07094898271200066,24.9884815
1681414463.2068353,25,0.0654038491120005,24.999588
1681414464.1960547,25,0.06763130267999924,24.9953174
1681414465.180612,25,0.06922512357599962,24.9924278
1681414466.1668513,25,0.07024759979600047,24.9907474
1681414467.1572788,25,0.06822723515600093,24.9949855
1681414468.144025,25,0.06888802438599936,24.9939041
1681414469.1287782,25,0.0658014383859995,25.0000743
1681414470.1145616,25,0.06938794656199977,24.9931659
1681414471.1006138,25,0.06987573256199969,24.9924907
1681414472.0894046,25,0.0681025947219996,24.9961872
1681414473.0776505,25,0.06641232963400033,24.9995841
1681414474.0660818,25,0.06912648830600007,24.9943771
1681414475.0541074,25,0.07211324630599977,24.9888496
1681414476.0416348,25,0.06630116704600013,25.0004558
1681414477.025826,25,0.061660289062000856,25.0093688
1681414478.0130358,25,0.06381998646200185,25.004858
1681414479.0016396,25,0.06465216572600109,25.0030727
1681414479.9917083,25,0.06421579172600178,25.0037937
1681414480.9768276,25,0.06364057593400087,25.0047569
1681414481.9768503,25,0.06523252593400077,25.0015125
1681414482.9652977,25,0.06746082618400116,24.9971675
1681414483.9490354,25,0.06717955730400077,24.997816
1681414484.9368355,25,0.060101675192000006,25.0115184
1681414485.9218316,25,0.06219330032199946,25.0070571
1681414486.906828,25,0.06305552814600088,25.0051307
1681414487.8901384,25,0.06536315891599989,25.0004959
1681414488.875503,25,0.06964039582799898,24.9922466
1681414489.856282,25,0.06425412936399967,25.0029048
1681414490.8416271,25,0.07076986252400036,24.9902572
1681414491.8294091,25,0.06938655468399932,24.993288
1681414492.8790467,25,0.07257949979999821,24.9874286
1681414493.8730333,25,0.07264643179999808,24.9877834
1681414494.8606155,25,0.07359263189599961,24.9864253
1681414495.846391,25,0.0656594473359992,25.0022048
1681414496.8361037,25,0.061893035335998964,25.0093631
1681414497.8216374,25,0.07160602315999873,24.9903182
1681414498.8018267,25,0.06610502562399881,25.0012702
1681414499.786754,25,0.06740232736399956,24.9987258
1681414500.7659364,25,0.07027114623999821,24.9932498
1681414501.7558727,25,0.07536819823999863,24.9837074
1681414502.7417874,25,0.07075858047999757,24.9931945
1681414503.7303762,25,0.0625227025439983,25.0093002
1681414504.716687,25,0.06086156574399776,25.012144
1681414505.700643,25,0.06152452843199842,25.0104084
1681414506.687717,25,0.062297053295998245,25.0085277
1681414507.7088058,25,0.06761056559999674,24.9979839
1681414508.6976168,25,0.06094668225599824,25.0108833
1681414509.6806412,25,0.06330766921599719,25.005928
1681414510.665402,25,0.05793230316599657,25.0160465
1681414511.6506257,25,0.0587712889739979,25.0138244
1681414512.6380403,25,0.061696714363999025,25.0076713
1681414513.6226552,25,0.06057040775599887,25.0095481
1681414514.608049,25,0.057430666779998016,25.0152282
1681414515.5930307,25,0.05404885023999814,25.0211582
1681414516.5760844,25,0.05979580969599747,25.0092983
1681414517.5607383,25,0.05946018913599653,25.009592
1681414518.5460684,25,0.06360495306599744,25.0012531
1681414519.5291305,25,0.07013813397799713,24.9886341
1681414520.5145526,25,0.06474465687799681,24.999443
1681414521.501781,25,0.06714541908599533,24.9948444
1681414522.4860077,25,0.07006433108599677,24.9894294
1681414523.470637,25,0.06474340161799681,25.0000686
1681414524.4580488,25,0.07067840817799519,24.9886455
1681414525.4460156,25,0.07360918617799632,24.9834461
1681414526.4345086,25,0.06957266907399624,24.9918403
1681414527.4180357,25,0.07091396568399651,24.9895687
1681414528.405887,25,0.06761832541199568,24.9963054
1681414529.3906245,25,0.07122886284199681,24.9894981
1681414530.379052,25,0.0735524928419966,24.9854335
1681414531.3625407,25,0.0680514854019956,24.9965705
1681414532.3466372,25,0.06555215997399602,25.0015106
1681414533.3325152,25,0.06304144397399634,25.0062808
1681414534.3150766,25,0.0662016957499952,24.9999618
1681414535.304034,25,0.06048612342999467,25.0109615
1681414536.2899013,25,0.06239248076999401,25.0068778
1681414537.2765303,25,0.06283797200199528,25.0057601
1681414538.264593,25,0.056898920881995274,25.0169696
1681414539.253414,25,0.059445736881995614,25.0114192
1681414540.2423437,25,0.06547649912199466,24.999382
1681414541.2287855,25,0.06676634660999523,24.9969234
1681414542.2276297,25,0.06737237060999572,24.9958763
1681414543.2159402,25,0.06912984787999481,24.9926509
1681414544.1988354,25,0.06591225250399584,24.9991207
1681414545.1835938,25,0.06692474432799625,24.9972057
1681414546.166834,25,0.07033320825799605,24.9907531
1681414547.1482053,25,0.07183247211399499,24.9882183
1681414548.133031,25,0.07497390417399534,24.9826202
1681414549.128585,25,0.06973639431799485,24.9933567
1681414550.134028,25,0.07312544831799402,24.9870948
1681414551.1234016,25,0.06492034431799512,25.0033702
1681414552.1106179,25,0.059629311965993914,25.0134239
1681414553.0950618,25,0.06121255054599309,25.0098686
1681414554.08305,25,0.0618622065459931,25.0082397
1681414555.0680623,25,0.06599598396999376,24.9999732
1681414556.0552614,25,0.06039020355399209,25.0107612
1681414557.0390487,25,0.0676096060939933,24.9964618
1681414558.0240495,25,0.06342695626999352,25.0046443
1681414559.0065808,25,0.06369925355999265,25.0039443
1681414559.991871,25,0.0664782587279929,24.9984474
1681414560.981369,25,0.06472366112799234,25.0018825
1681414561.965333,25,0.06491160597799284,25.0014495
1681414562.9506297,25,0.06529638132199292,25.0006542
1681414563.933033,25,0.0662122787619925,24.998867
1681414564.921839,25,0.06722088552199347,24.9969692
1681414565.9063392,25,0.06825888123399229,24.9950866
1681414566.8928423,25,0.061268214493992626,25.0087242
1681414567.8780427,25,0.06859903846199153,24.9942874
1681414568.864564,25,0.06491656246199184,25.0015888
1681414569.853036,25,0.06784310556599149,24.9958972
1681414570.843035,25,0.06298849573599155,25.0053939
1681414571.8342478,25,0.06091675811999345,25.0091762
1681414572.827638,25,0.061311474119993006,25.0080642
1681414573.8151634,25,0.06391029667999264,25.002758
1681414574.8002796,25,0.061015572679992414,25.0082187
1681414575.7854884,25,0.06613106187999299,24.998064
1681414576.771817,25,0.06382992677599257,25.0025653
1681414577.759074,25,0.060691644785991886,25.0085067
1681414578.7457535,25,0.05864387478599295,25.012125
1681414579.782412,25,0.06316829943599352,25.0029525
1681414580.7749152,25,0.06761426079599268,24.9942855
1681414581.7610235,25,0.06517536929599263,24.999195
1681414582.7430809,25,0.06828377540799321,24.9932441
1681414583.7326412,25,0.06885383436799325,24.992403
1681414584.7192743,25,0.07587387729799314,24.9791831
1681414585.7024312,25,0.07898854025799211,24.973978
1681414586.6913311,25,0.0801368282579913,24.9727706
1681414587.6768384,25,0.08032181491399348,24.9734458
1681414588.6661751,25,0.07373668393399302,24.9871234
1681414589.6539526,25,0.07191548089399354,24.9911155
1681414590.6382277,25,0.07737086542399386,24.9809551
1681414591.6230369,25,0.07434976812799206,24.9874897
1681414592.611643,25,0.06962211355199355,24.9970607
1681414593.5960717,25,0.07888572371199344,24.9793472
1681414594.5840425,25,0.07573771551999232,24.9861869
1681414595.5751777,25,0.07892296151999278,24.9805927
1681414596.5568297,25,0.07496437391999261,24.988945
1681414597.541629,25,0.08091455235999308,24.9779148
1681414598.5290358,25,0.07870365411999183,24.9830055
1681414599.5160728,25,0.08111911668999246,24.9790019
1681414600.5050664,25,0.07568912934599172,24.9902458
1681414601.4930494,25,0.07415843734599231,24.9935646
1681414602.4806325,25,0.07539127686599247,24.991436
1681414603.4668527,25,0.06925862516599188,25.003561
1681414604.45415,25,0.07398404778999224,24.9943332
1681414605.4397027,25,0.0714024327499916,24.9995155
1681414606.4254882,25,0.06849375795999277,25.0051307
1681414607.4165497,25,0.0740940879599926,24.9941635
1681414608.3980389,25,0.06231841203999404,25.017044
1681414609.384577,25,0.06301055986999388,25.0150661
1681414610.370624,25,0.061771411469994,25.01688
1681414611.359034,25,0.05701741185399188,25.0253887
1681414612.3468387,25,0.06109388857399159,25.0165824
1681414613.3362052,25,0.057891892573991854,25.0221023
1681414614.3240304,25,0.060139143693993494,25.016941
1681414615.3068466,25,0.05703730551799173,25.0222682
1681414616.2906349,25,0.061320927997991506,25.0131816
1681414617.2730396,25,0.05794114751799177,25.019186
1681414618.2599847,25,0.05969634393799239,25.0150814
1681414619.244615,25,0.05896540131399358,25.0159168
1681414620.2311575,25,0.05913883900999141,25.0149803
1681414621.2163696,25,0.06596387694999259,25.0012798
1681414622.2020297,25,0.05728643422999388,25.017929
1681414623.1850736,25,0.05887636322199255,25.0141906
1681414624.171821,25,0.056613321381992154,25.0180072
1681414625.1551678,25,0.06221015914199182,25.0065555
1681414626.1416483,25,0.06103324862199236,25.0085716
1681414627.1261005,25,0.06578987870199246,24.999094
1681414628.1134589,25,0.057981582701991996,25.0141448
1681414629.098053,25,0.057448465901991846,25.014635
1681414630.0785017,25,0.06873647018799073,24.9923553
1681414631.0668204,25,0.07185460249199203,24.9866447
1681414632.0506299,25,0.07829280849199258,24.9747772
1681414633.0360634,25,0.0707883444819926,24.9901733
1681414634.023029,25,0.07244577643399132,24.9873561
1681414635.0060635,25,0.07865420919399083,24.9758892
1681414635.9921834,25,0.07950241162598987,24.9751701
1681414636.9799087,25,0.07863511500199064,24.9777793
1681414637.963035,25,0.0791541438719917,24.9776229
1681414638.9460711,25,0.07989386087998958,24.9770469
1681414639.9316456,25,0.08017803305599232,24.9773693
1681414640.92063,25,0.07852042406599201,24.9814167
1681414641.9080489,25,0.07877612715399014,24.9816284
1681414642.8958693,25,0.08014830315399135,24.9796962
1681414643.8806326,25,0.080451156083992,24.9798831
1681414644.8668418,25,0.0811612552039902,24.9792785
1681414645.8516455,25,0.08769473035599248,24.9674911
1681414646.8360796,25,0.08786332005599212,24.968399
1681414647.8216507,25,0.09030410773599111,24.964899
1681414648.8106165,25,0.08921369221599325,24.9683265
1681414649.7990272,25,0.08855301373599372,24.9707984
1681414650.7889018,25,0.08999000173599282,24.9691581
1681414651.7766,25,0.08827654715999246,24.9736232
1681414652.759382,25,0.08688403790999186,24.9773025
1681414653.7466974,25,0.08103454166999108,24.989418
1681414654.733005,25,0.07838814122199204,24.9949111
1681414655.7211492,25,0.08019529523199127,24.9916267
1681414656.7080486,25,0.08636330123199196,24.9800872
1681414657.6964433,25,0.08681364913599075,24.9799747
1681414658.683045,25,0.08363837692799084,24.9868431
1681414659.664585,25,0.08827988613799118,24.9784107
1681414660.6506097,25,0.08068490589799233,24.993843
1681414661.6350713,25,0.08087952846799083,24.9937019
1681414662.625189,25,0.07580262157199087,25.0037097
1681414663.6116555,25,0.07267171361999163,25.0095939
1681414664.5968356,25,0.0723271116199915,25.0098876
1681414665.5841753,25,0.07430415219999177,25.0057086
1681414666.5694063,25,0.07567066032799104,25.0028629
1681414667.5530193,25,0.07542697381599113,25.0032234
1681414668.5390577,25,0.07013565462599007,25.0132827
1681414669.5216327,25,0.0687511706419918,25.0154438
1681414670.508829,25,0.07463037035199165,25.0035457
1681414671.4980392,25,0.0706363833599933,25.0110969
1681414672.48465,25,0.07342829473599263,25.0053043
1681414673.4755554,25,0.07191285273599246,25.0080146
1681414674.4606154,25,0.07167368403599154,25.008171
1681414675.4436057,25,0.0678979327079925,25.0151271
1681414676.4303007,25,0.06503098542799053,25.020071
1681414677.4150715,25,0.06503508011799124,25.0193023
1681414678.402972,25,0.06495158435799231,25.018732
1681414679.3871102,25,0.06643519051799186,25.0151672
1681414680.3760755,25,0.06530609547799228,25.0167655
1681414681.3610303,25,0.0635586712699925,25.0194931
1681414682.3455508,25,0.062487769709991314,25.0208148
1681414683.3294063,25,0.061366432685993205,25.0221843
1681414684.3150654,25,0.05898509916599043,25.0259265
1681414685.299039,25,0.06404215306599095,25.015213
1681414686.284592,25,0.059723025065989685,25.0229339
1681414687.272676,25,0.06677612495399163,25.0084934
1681414688.2652485,25,0.06547580700399135,25.0106735
1681414689.2607956,25,0.06805234500399071,25.0053081
1681414690.241721,25,0.06191285116399162,25.0169315
1681414691.229754,25,0.0630579891639913,25.0140781
1681414692.2139277,25,0.056694391923991325,25.0257892
1681414693.2046475,25,0.06312833016399111,25.012432
1681414694.2576873,25,0.06972789828599121,24.9992637
1681414695.2505984,25,0.0655968202859913,25.0072364
1681414696.2333775,25,0.06551484671798989,25.0071201
1681414697.2187786,25,0.07150745650799156,24.9953193
1681414698.210584,25,0.07541662250799139,24.9879817
1681414699.1970284,25,0.07169027084399071,24.9956073
1681414700.1834207,25,0.07420814599599118,24.9909286
1681414701.1712565,25,0.06889040143599161,25.0015048
1681414702.1596782,25,0.06888157417199094,25.0014648
1681414703.1461291,25,0.06418673417199157,25.010437
1681414704.1452067,25,0.06494405017199147,25.0085792
1681414705.1312068,25,0.07129150626199106,24.9960403
1681414706.1079497,25,0.06838844192599111,25.0017776
1681414707.0749185,25,0.06547818497799131,25.0073146
1681414708.0619526,25,0.06851898859399136,25.0011863
1681414709.0916364,25,0.0707129504019911,24.9969253
1681414710.0758703,25,0.06962860545799208,24.9991283
1681414711.0652745,25,0.07159050700999134,24.9953861
1681414712.0488312,25,0.06787995124999209,25.0027008
1681414713.030186,25,0.07114739880199171,24.9963111
1681414714.019724,25,0.07192977245199164,24.9949455
1681414715.0038307,25,0.07457765179599152,24.9900417
1681414715.9915857,25,0.07201709251599067,24.995346
1681414716.9789755,25,0.07997231251599109,24.9802265
1681414717.9691808,25,0.07826439323599226,24.9842624
1681414718.9381502,25,0.07571612481999239,24.9897556
1681414719.9195075,25,0.07801144700999159,24.9857273
1681414720.912633,25,0.08507124753799075,24.9726829
1681414721.9105773,25,0.08352386153799038,24.9767093
1681414722.905007,25,0.0802534755379905,24.9838943
1681414723.948466,25,0.08708299573998934,24.9714317
1681414724.9480162,25,0.09068228177199257,24.9655876
1681414725.9444659,25,0.08402708977199237,24.9797096
1681414726.9267359,25,0.08148023377199136,24.9853878
1681414727.8992956,25,0.08680083288999006,24.9756889
1681414728.8981533,25,0.0856184365699902,24.9788856
