t,i,temp_desired,temp_tc
1680570811.9331734,25,1.2552973426363072,22.5446987
1680570812.9292655,25,1.2991274811189961,22.553339
1680570813.9038239,25,1.3496398710999826,22.5487937
1680570814.8884106,25,1.392336975029302,22.5595531
1680570815.8784475,25,1.426952929029302,22.5868473
1680570816.9056995,25,1.4508291270293021,22.6337451
1680570817.932348,25,1.4554730598842363,22.7199459
1680570818.9219604,25,1.4504301440306366,22.8159942
1680570819.9120538,25,1.423177145852117,22.9511432
1680570820.8833678,25,1.3817794333815887,23.1084651
1680570821.8722975,25,1.3323729889514837,23.2751674
1680570822.900719,25,1.2564385806302454,23.489336
1680570823.881637,25,1.1834745515498784,23.6869964
1680570824.8641527,25,1.0838043629430572,23.9285106
1680570825.8393164,25,0.9808449936837388,24.166727
1680570826.806337,25,0.874353715720838,24.4028549
1680570827.7779195,25,0.7522970256892121,24.6603374
1680570828.7716968,25,0.6364912177850548,24.8959808
1680570829.743013,25,0.5183530133689156,25.1272487
1680570830.7213748,25,0.3927485316886158,25.364336
1680570831.7083228,25,0.2659947824413479,25.5944461
1680570832.689672,25,0.14272799077157372,25.8091011
1680570833.6568096,25,0.025974956514471903,26.0031242
1680570834.627178,25,0,26.1856956
1680570835.5993717,25,0,26.3557109
1680570836.5812361,25,0,26.4984893
1680570837.5512462,25,0,26.6454257
1680570838.533573,25,0,26.7497596
1680570839.5211177,25,0,26.8509597
1680570840.4970527,25,0,26.9431533
1680570841.4923575,25,0,27.0151309
1680570842.4750335,25,0,27.0838756
1680570843.456946,25,0,27.1370868
1680570844.4396143,25,0,27.1814537
1680570845.4144793,25,0,27.219099
1680570846.3959508,25,0,27.2548809
1680570847.3607128,25,0,27.2841854
1680570848.344119,25,0,27.314867
1680570849.315897,25,0,27.3234024
1680570850.3432162,25,0,27.3328151
1680570851.3180978,25,0,27.3290405
1680570852.307291,25,0,27.3293666
1680570853.2907338,25,0,27.3213329
1680570854.2785926,25,0,27.343935
1680570855.2532685,25,0,27.3425426
1680570856.2226758,25,0,27.3320178
1680570857.1895185,25,0,27.3334426
1680570858.1760845,25,0,27.3273429
1680570859.1607249,25,0,27.3171939
1680570860.1379814,25,0,27.2964973
1680570861.1204858,25,0,27.2933006
1680570862.0958853,25,0,27.2775363
1680570863.0800707,25,0,27.2619915
1680570864.059814,25,0,27.2428359
1680570865.1204004,25,0,27.218357
1680570866.1073372,25,0,27.1994018
1680570867.0909543,25,0,27.1909084
1680570868.0760646,25,0,27.171812
1680570869.0501523,25,0,27.157444
1680570870.0275605,25,0,27.13097
1680570870.9944477,25,0,27.106594
1680570871.9813552,25,0,27.0897178
1680570872.970464,25,0,27.0662364
1680570873.9507773,25,0,27.0456485
1680570874.9441185,25,0,27.0250568
1680570875.9170926,25,0,26.9972419
1680570876.9030075,25,0,26.9679183
1680570877.8913136,25,0,26.9488086
1680570878.882717,25,0,26.9286022
1680570879.8608503,25,0,26.9075832
1680570880.8370714,25,0,26.8782291
1680570881.8293588,25,0,26.8459568
1680570882.8209753,25,0,26.8341293
1680570883.8053045,25,0,26.8073902
1680570884.793467,25,0,26.7876892
1680570885.772964,25,0,26.7599754
1680570886.7515082,25,0,26.7422485
1680570887.7354915,25,0,26.710781
1680570888.7227232,25,0,26.6806907
1680570889.699176,25,0,26.6539669
1680570890.680199,25,0,26.6308345
1680570891.6671185,25,0,26.5990371
1680570892.6468127,25,0,26.5757923
1680570893.6262393,25,0,26.5511455
1680570894.59471,25,0,26.5162162
1680570895.5722218,25,0,26.4988346
1680570896.546783,25,0,26.4786262
1680570897.5280335,25,0,26.459238
1680570898.5173354,25,0,26.4441928
1680570899.5021503,25,0,26.4097537
1680570900.4731982,25,0,26.3938884
1680570901.4642954,25,0,26.3723239
1680570902.4572554,25,0,26.354763
1680570903.438178,25,0,26.3320102
1680570904.4190712,25,0,26.3033485
1680570905.4402463,25,0,26.2927913
1680570906.4274135,25,0,26.2673778
1680570907.4141262,25,0,26.2443675
1680570908.395909,25,0,26.2130699
1680570909.389416,25,0,26.1813716
1680570910.3689058,25,0,26.1552619
1680570911.3545425,25,0,26.134119
1680570912.3398702,25,0,26.1033782
1680570913.3152401,25,0,26.0915145
1680570914.3011863,25,0,26.0654087
1680570915.2763236,25,0,26.0343971
1680570916.2585144,25,0,26.0096435
1680570917.2321303,25,0,25.9872093
1680570918.234715,25,0,25.9806079
1680570919.2167885,25,0,25.9642925
1680570920.187094,25,0,25.9350624
1680570921.159001,25,0,25.9123687
1680570922.1528978,25,0,25.8836116
1680570923.1449518,25,0,25.862564
1680570924.1310549,25,0,25.8494396
1680570925.1065145,25,0,25.8232173
1680570926.0859008,25,0,25.8060493
1680570927.072441,25,0,25.7925376
1680570928.046758,25,0,25.7664775
1680570929.0265243,25,0,25.7450714
1680570930.0014386,25,0,25.7205543
1680570930.9817307,25,0,25.7073764
1680570931.9508529,25,0,25.6993198
1680570932.9794137,25,0,25.672039
1680570933.9673345,25,0,25.6554679
1680570934.95796,25,0,25.6248264
1680570935.9235866,25,0,25.6005229
1680570936.9050434,25,0,25.5913543
1680570937.8935306,25,0,25.569498
1680570938.8594437,25,0,25.5504493
1680570939.8411803,25,0,25.5354003
1680570940.8217728,25,0,25.5197734
1680570941.7946603,25,0,25.4949836
1680570942.7798557,25,0,25.4791374
1680570943.7515411,25,0,25.4688835
1680570944.7311647,25,0,25.4417037
1680570945.7054534,25,0,25.4364719
1680570946.6813674,25,0,25.4177532
1680570947.6652322,25,0,25.4003334
1680570948.645569,25,0,25.376295
1680570949.6192446,25,0,25.3596706
1680570950.602988,25,0,25.3330554
1680570951.5878024,25,0,25.3171443
1680570952.5646796,25,0,25.3008861
1680570953.5437245,25,0,25.2818126
1680570954.5357108,25,0,25.2626609
1680570955.5223904,25,0,25.2544937
1680570956.5083482,25,0,25.2305126
1680570957.4862113,25,0,25.2138175
1680570958.4701009,25,0,25.2016525
1680570959.4524415,25,0,25.1748371
1680570960.469092,25,0,25.1788616
1680570961.4531124,25,0,25.1571331
1680570962.4347043,25,0,25.1414127
1680570963.4206204,25,0,25.1213359
1680570964.4002316,25,0,25.1065063
1680570965.3776128,25,0,25.0859775
1680570966.3666117,25,0,25.0773487
1680570967.3491182,25,0,25.0584201
1680570968.3341632,25,0,25.0476684
1680570969.317531,25,0,25.0424137
1680570970.3025293,25,0,25.02845
1680570971.296569,25,0,25.0098743
1680570972.2854831,25,0.0049115039999990985,24.9905548
1680570973.3252575,25,0.00853808693998721,24.983963
1680570974.3023653,25,0.01576800069997861,24.9706592
1680570975.2879667,25,0.027885462395971467,24.9484214
1680570976.2672749,25,0.03323937839597272,24.9401092
1680570977.2439973,25,0.04072330584803079,24.9279346
1680570978.2293746,25,0.048245033578100546,24.9161415
1680570979.2132165,25,0.05731722757809951,24.9019203
1680570980.1900501,25,0.06917441540195614,24.8828182
1680570981.1685088,25,0.07282933863405398,24.8801536
1680570982.1481786,25,0.08025697844189451,24.8703994
1680570983.1277058,25,0.08589011187000557,24.8643894
1680570984.1030881,25,0.09399271356996469,24.853939
1680570985.0802372,25,0.10065363449813411,24.8466529
1680570986.0745962,25,0.10828345694988892,24.8376846
1680570987.0650072,25,0.10898176494988931,24.8425846
1680570988.06758,25,0.11042971392993194,24.8459434
1680570989.0473528,25,0.11796535932806593,24.8371829
1680570990.0267346,25,0.11894531748786974,24.841463
1680570991.01271,25,0.1190411919178275,24.8472881
1680570991.983,25,0.12507375007800128,24.841463
1680570992.948417,25,0.1312102275101363,24.8355636
1680570993.9413188,25,0.13104762719789737,24.8420124
1680570994.9216585,25,0.14473061919789815,24.8217754
1680570995.8991559,25,0.14780960118187586,24.8224906
1680570996.8898113,25,0.1426588323018309,24.8391304
1680570997.8613846,25,0.14118093751799743,24.8480663
1680570998.840881,25,0.14101780627011684,24.8540496
1680570999.8232887,25,0.1310747493739667,24.8787097
1680571000.8031461,25,0.13529761641206983,24.8751049
1680571001.7749207,25,0.13163289009193124,24.8868865
1680571002.7570813,25,0.1344421570380238,24.8856983
1680571003.7316375,25,0.12650092048799816,24.9053115
1680571004.7166057,25,0.12090152552808714,24.919672
1680571005.691196,25,0.11537440540000463,24.9333496
1680571006.6610188,25,0.1110729908080499,24.9441184
1680571007.6458874,25,0.11035879765598648,24.9476089
1680571008.6344473,25,0.10185212064597711,24.9659633
1680571009.6168501,25,0.09688494197400106,24.9768104
1680571010.6004806,25,0.08602962310400218,24.9985771
1680571011.5795105,25,0.08450638097599922,25.0015621
1680571012.5596213,25,0.07698789439002433,25.0159797
1680571013.5987117,25,0.07317690291198922,25.0226669
1680571014.58971,25,0.06438531291198928,25.038702
1680571015.568385,25,0.06205754990404097,25.0417156
1680571016.5601552,25,0.05374786301405629,25.0561237
1680571017.5370333,25,0.05855491647000821,25.0447483
1680571018.5198317,25,0.05538061027806711,25.0491619
1680571019.5087166,25,0.046055916518085244,25.0652408
1680571020.48651,25,0.04099546301400615,25.0725078
1680571021.6443555,25,0.03540370153402812,25.0801334
1680571022.6155398,25,0.03414718696400659,25.0794219
1680571023.6234128,25,0.02789518096400631,25.0883903
1680571024.6186619,25,0.027039870964006563,25.0866355
1680571025.5923002,25,0.03198722888994622,25.0738773
1680571026.5607898,25,0.028937490282040984,25.0769481
1680571027.5389895,25,0.02460605851197263,25.0824165
1680571028.5157807,25,0.02864160671808169,25.0715713
1680571029.4949965,25,0.026568984462000816,25.0728492
1680571030.4583018,25,0.025677222159941226,25.0718479
1680571031.4265335,25,0.022577971364054976,25.0751342
1680571032.4149466,25,0.02184075776397379,25.0737075
1680571033.3870454,25,0.024092529218075448,25.0666217
1680571034.3736396,25,0.03312865870602316,25.0467109
1680571035.363284,25,0.032883752706023804,25.0453853
1680571036.3533082,25,0.03760803505603244,25.0345745
1680571037.34193,25,0.03588190879999254,25.0365867
1680571038.3236244,25,0.03732369937603302,25.0324268
1680571039.3129928,25,0.046017508106037164,25.0144691
1680571040.2825236,25,0.04517669861801899,25.0155391
1680571041.280818,25,0.055824756138012376,24.994461
1680571042.2651272,25,0.052929312138013544,25.0002422
1680571043.232438,25,0.05600848899001788,24.9943046
1680571044.2086625,25,0.055296635364020595,24.9958877
1680571045.2303755,25,0.05749404933201213,24.9918251
1680571046.2227254,25,0.058210983332011856,24.9907608
1680571047.2129326,25,0.06082132739602794,24.9860877
1680571048.1816385,25,0.06618497131599788,24.9762935
1680571049.164805,25,0.06501479659801537,24.9794311
1680571050.15088,25,0.07187038038997416,24.9670181
1680571051.131218,25,0.07023235244996612,24.9714202
1680571052.1226652,25,0.07598111967199837,24.9614181
1680571053.1172302,25,0.07767334837200932,24.959671
1680571054.0996146,25,0.07477546511199978,24.9667758
1680571055.0832155,25,0.07556209560803734,24.9665203
1680571056.0599427,25,0.07563223063199667,24.9676532
1680571057.0433412,25,0.08083118131198619,24.9588756
1680571058.0754414,25,0.08252840388199832,24.9572181
1680571059.0693207,25,0.08544006988199787,24.9532642
1680571060.0546036,25,0.08360510786198552,24.9585666
1680571061.043795,25,0.08685989509403652,24.9538726
1680571062.0240438,25,0.09579549109396168,24.938425
1680571062.9985166,25,0.08829543627394766,24.9551906
1680571063.9888916,25,0.08567038068999103,24.9619388
1680571064.9653847,25,0.09382589578203408,24.9476566
1680571065.9458055,25,0.0877936666299855,24.9612464
1680571066.9451487,25,0.08899519062998473,24.9604263
1680571067.926493,25,0.08943974192997449,24.961071
1680571068.9098644,25,0.08727881901801125,24.9667034
1680571069.9010477,25,0.08570685156197472,24.9709892
1680571070.8786228,25,0.08064227375999002,24.9818229
1680571071.8607981,25,0.08542534775999085,24.9733238
1680571072.8566754,25,0.08506072673998391,24.9750366
1680571073.8462472,25,0.08453346273998301,24.9770107
1680571074.8357928,25,0.08252967661200351,24.9817371
1680571075.81427,25,0.08528086571597518,24.9771347
1680571076.7907503,25,0.08682461338799648,24.9750156
1680571077.775406,25,0.07390721121199634,25.0008182
1680571078.7582743,25,0.06843128038199973,25.0113239
1680571079.7450092,25,0.0697438205899912,25.0083694
1680571080.7299492,25,0.06978017124999278,25.0079822
1680571081.7170117,25,0.06959138107398458,25.0080432
1680571082.6972065,25,0.06751332907398369,25.0117301
1680571083.6879878,25,0.06285189686201403,25.0202674
1680571084.670017,25,0.06515110905399857,25.0150756
1680571085.6511338,25,0.061340552958025,25.0218372
1680571086.6250637,25,0.06287207170803057,25.0180625
1680571087.6502078,25,0.06429663976802691,25.0146198
1680571088.6473966,25,0.05902831176802682,25.0241889
1680571089.6304443,25,0.06495324715802984,25.0118713
1680571090.6134477,25,0.05640635098199867,25.0278682
1680571091.600073,25,0.05851422031998012,25.0227699
1680571092.5798368,25,0.05603015835201354,25.0266876
1680571093.5494564,25,0.05778132227201846,25.0223064
1680571094.5289202,25,0.051848067487983665,25.0328788
1680571095.5091727,25,0.0598255180480024,25.016283
1680571096.485668,25,0.061410001361992775,25.0126247
1680571097.4557474,25,0.05901068674597931,25.0167732
1680571098.4429057,25,0.057202636416008826,25.0196285
1680571099.43171,25,0.05705805441600825,25.0191516
1680571100.4170218,25,0.060571631311995444,25.0116653
1680571101.4016118,25,0.06096273705201073,25.010477
1680571102.3904223,25,0.05858802105201223,25.0146408
1680571103.3777235,25,0.061204173756002,25.0090522
1680571104.3483028,25,0.06647074231600061,24.9985752
1680571105.3333573,25,0.06708972167600132,24.9974365
1680571106.3201206,25,0.06769333933600004,24.9963722
1680571107.320224,25,0.0682122113360005,24.9955139
1680571108.3149714,25,0.0679518173359992,24.9961872
1680571109.3026822,25,0.07422600533599921,24.9842681
1680571110.2900734,25,0.07659832298402096,24.9802989
1680571111.2762153,25,0.0778057318959953,24.9787216
1680571112.2724419,25,0.07155236789599592,24.9915657
1680571113.2584302,25,0.07664205746599018,24.9820919
1680571114.2383265,25,0.07351498362400043,24.9887809
1680571115.2728627,25,0.07252458753999405,24.9911327
1680571116.2470474,25,0.0714125803919994,24.9936046
1680571117.2344112,25,0.07721368839200074,24.9826946
1680571118.2148492,25,0.07481588173200908,24.987957
1680571119.1946046,25,0.07377920425999752,24.9904079
1680571120.166806,25,0.07404253769999608,24.9902648
1680571121.147444,25,0.07739420089398964,24.9841651
1680571122.123379,25,0.0762041124300035,24.9870548
1680571123.109765,25,0.08353469245999504,24.9734401
1680571124.0804644,25,0.0778325603160121,24.9854183
1680571125.062904,25,0.07428060004400196,24.9928054
1680571126.0537193,25,0.07918793979201567,24.9836254
1680571127.029225,25,0.07738899579201544,24.9877147
1680571128.0096865,25,0.08243264835598413,24.9784622
1680571129.0023646,25,0.07875686067599919,24.986351
1680571130.0482862,25,0.07696703740000305,24.9903354
1680571131.0444148,25,0.07821759340000287,24.9883022
1680571132.031911,25,0.07554653659999581,24.993885
1680571133.0154073,25,0.0780935853399921,24.9892158
1680571134.0021029,25,0.07774491333999223,24.9903011
1680571134.9814956,25,0.07106473463598888,25.0035228
1680571135.9576786,25,0.07094888756398537,25.0036144
1680571136.9301534,25,0.07340500093598296,24.9987506
1680571137.921355,25,0.0761266763599907,24.9935607
1680571138.9072165,25,0.06851895237600175,25.0084438
1680571139.8942692,25,0.07590395445599976,24.9939136
1680571140.8692946,25,0.07038473909599391,25.0047645
1680571141.8503294,25,0.07337763659599368,24.998825
1680571142.8892915,25,0.070048499613998,25.0052661
1680571143.87179,25,0.06624364983798432,25.0123882
1680571144.859739,25,0.07260638583798393,24.9996757
1680571145.835778,25,0.07263645837598541,24.9996299
1680571146.815931,25,0.05763184972001935,25.0285167
1680571147.802733,25,0.06024502197002607,25.0224075
1680571148.7946122,25,0.05902795225799924,25.0239009
1680571149.7887757,25,0.06163232123402268,25.0179843
1680571150.7830644,25,0.062351739234022804,25.0159091
1680571151.7683144,25,0.06400591416402522,25.0121231
1680571152.748128,25,0.01196568112390331,25.111803
1680571153.7145011,25,0.05125684154391133,25.0319614
1680571154.68488,25,0.02749564691992218,25.0765209
1680571155.6601825,25,0.05240922549390113,25.0256977
1680571156.6509888,25,0.02916016726998623,25.0694618
1680571157.6490052,25,0.04937578726998626,25.027914
1680571158.6308007,25,0.07093568644998197,24.9853706
1680571159.6269057,25,0.06446156884998262,24.9983825
1680571160.6131737,25,0.07900129484998397,24.9704837
1680571161.583329,25,0.08033509539000842,24.969017
1680571162.5596707,25,0.07377543948598703,24.9828128
1680571163.5490813,25,0.08089931704601275,24.969738
1680571164.5353696,25,0.0795853930460128,24.9734287
1680571165.5250409,25,0.08350816672597126,24.9668865
1680571166.507805,25,0.08541245997596138,24.9644775
1680571167.4854405,25,0.09287658111201598,24.9514598
1680571168.465621,25,0.08931070547200322,24.9601612
1680571169.4414914,25,0.08953841174798738,24.9611854
1680571170.4312968,25,0.08893706774798835,24.9638347
1680571171.4140847,25,0.08638770491602066,24.9701099
1680571172.4409723,25,0.08610336617799837,24.9718399
1680571173.4211023,25,0.09249291298603078,24.9605884
1680571174.3971963,25,0.09268669954598234,24.961708
1680571175.3637335,25,0.09557352627801712,24.9575786
1680571176.3397589,25,0.09200216565204512,24.9660377
1680571177.3200123,25,0.09064155709200891,24.969942
1680571178.2932444,25,0.09531859366199753,24.9620819
1680571179.2796376,25,0.09426271383799352,24.9655284
1680571180.2690775,25,0.09118620183799335,24.9727706
1680571181.2460248,25,0.09466464271798411,24.9671096
1680571182.2313228,25,0.0883873969160001,24.9804229
1680571183.221699,25,0.08372341139601168,24.990139
1680571184.2118986,25,0.08095210739601193,24.9958477
1680571185.198339,25,0.07864106203601227,25.000452
1680571186.1872725,25,0.07983354812601173,24.9981403
1680571187.163631,25,0.07845765678201,25.0008583
1680571188.147226,25,0.0789502597100096,24.9998779
1680571189.1344604,25,0.07167592962001394,25.0138797
1680571190.1132421,25,0.07861577962001413,25.0
1680571191.1006923,25,0.07566086936001655,25.0056858
1680571192.083903,25,0.07662462100801715,25.0036182
1680571193.0641406,25,0.07086257549802005,25.0145683
1680571194.0500765,25,0.06783377349801988,25.0198326
1680571195.0288591,25,0.0675063207300222,25.0197238
1680571196.0222723,25,0.05783530473002356,25.0375633
1680571197.0021746,25,0.06234396590003015,25.0274639
1680571197.9992929,25,0.05940942720400347,25.0320892
1680571198.9863544,25,0.06266847520400406,25.0245876
1680571199.972594,25,0.06569275520400449,25.017826
1680571200.9577768,25,0.059739854244008794,25.0286235
1680571201.9516268,25,0.06347979624400857,25.0203304
1680571202.9350896,25,0.05688597049401678,25.0322475
1680571203.924506,25,0.05565958007798086,25.0333862
1680571204.9010978,25,0.05824082164601406,25.0271549
1680571205.9011421,25,0.05659371211602189,25.0292949
1680571206.87642,25,0.05271841574798315,25.0356426
1680571207.8566525,25,0.057396762597990064,25.0252895
1680571208.8404133,25,0.05391849256595653,25.0310249
1680571209.8169706,25,0.048411341670005936,25.0404472
1680571210.8032873,25,0.052261533320013515,25.0315055
1680571211.7826345,25,0.05274618997601846,25.0293979
1680571212.7665331,25,0.046965043976017834,25.0393848
1680571213.7586071,25,0.05523342118600051,25.0219955
1680571214.749349,25,0.05338415518600033,25.0247058
1680571215.7294047,25,0.06819440466599941,24.9952716
1680571216.7106616,25,0.06607507788199922,24.9995288
1680571217.7047632,25,0.06894399423399238,24.9940261
1680571218.694578,25,0.06651053223399232,24.9989356
1680571219.6715894,25,0.07063535300399917,24.9910335
1680571220.6451826,25,0.06886010351599375,24.9947891
1680571221.6248581,25,0.06792290207599629,24.996788
1680571222.601277,25,0.07108681261599353,24.9908218
1680571223.607881,25,0.06643921261599298,25.0001125
1680571224.5935907,25,0.0709985417840035,24.9913349
1680571225.5739903,25,0.07539760317598239,24.9831981
1680571226.5477505,25,0.07316621975597888,24.9881286
1680571227.545525,25,0.07127071994798662,24.9922256
1680571228.547046,25,0.07606061690796699,24.983303
1680571229.5296154,25,0.07002705290796575,24.9955482
1680571230.5089464,25,0.06883208179796621,24.9980163
1680571231.4964125,25,0.07154638168597445,24.9928684
1680571232.4726315,25,0.0751597636739858,24.9861774
1680571233.4509869,25,0.07356832389797337,24.9897632
1680571234.4356997,25,0.07719475988796767,24.9831733
1680571235.4150395,25,0.07299606665597677,24.9918899
1680571236.387089,25,0.07446999611196384,24.9893608
1680571237.3643336,25,0.07522303900997407,24.9883079
1680571238.3874822,25,0.07438782670596357,24.9903697
1680571239.3848283,25,0.07597991536197643,24.9876708
1680571240.370972,25,0.07632067136197587,24.9874897
1680571241.3503337,25,0.07843565365197229,24.9838943
1680571242.3436806,25,0.0755777847719828,24.9900035
1680571243.3209124,25,0.07714434040396798,24.9873676
1680571244.3008485,25,0.0807436526139628,24.9809207
1680571245.2869117,25,0.083724029237989,24.9759082
1680571246.2728844,25,0.07404774854998228,24.9954376
1680571247.2522004,25,0.07607407254998162,24.9917163
1680571248.2263854,25,0.0716925286799813,25.0004615
1680571249.1928842,25,0.07041760210398149,25.0028991
1680571250.1630783,25,0.0717532520699809,25.0002193
1680571251.1390314,25,0.07572272133397229,24.9925727
1680571252.135339,25,0.06996245444396978,25.0039405
1680571253.1255038,25,0.0712017404439695,25.0014057
1680571254.113658,25,0.07083146644396879,25.0020637
1680571255.088297,25,0.07046272494397034,25.002695
1680571256.070947,25,0.06929906740797001,25.0048351
1680571257.0544686,25,0.07231338891797053,24.9988517
1680571258.0409873,25,0.06909370394196454,25.0050907
1680571259.027173,25,0.07022365349396827,25.0027236
1680571260.0139542,25,0.06590560022397186,25.0109291
1680571261.007109,25,0.06443236222397092,25.0133419
1680571261.987282,25,0.0620280816079561,25.0174732
1680571262.9635706,25,0.06658913360795655,25.0080299
1680571263.9428873,25,0.06349456456795884,25.013689
1680571264.9198525,25,0.06917935401795884,25.0022315
1680571265.9012733,25,0.06646643403396063,25.0073719
1680571266.8860016,25,0.05750901849396725,25.0243282
1680571267.8792157,25,0.061347814493966826,25.0160102
1680571268.8753471,25,0.05779346438194212,25.0222434
1680571269.8655884,25,0.05583503238194157,25.0251541
1680571270.8418012,25,0.052854106419917946,25.0299549
1680571271.8182662,25,0.05590235398794692,25.0229549
1680571272.8173406,25,0.054415263847953796,25.0249462
1680571273.793923,25,0.052672603847952984,25.027338
1680571274.7725215,25,0.053737204071955536,25.0242691
1680571275.7533033,25,0.051461980201964075,25.0277271
1680571276.7241232,25,0.05424923232194738,25.021326
1680571277.7039137,25,0.057308690305930415,25.0146312
1680571278.6902843,25,0.05662922137794897,25.0153846
1680571279.6868477,25,0.05738115031393873,25.0133628
1680571280.6664522,25,0.06086990631393922,25.0061397
1680571281.6498044,25,0.061118028313937936,25.0054264
1680571282.6367507,25,0.061785872383940704,25.0039405
1680571283.616025,25,0.06776209838394093,24.9922962
1680571284.5825686,25,0.06762116848394666,24.992855
1680571285.5621784,25,0.06920794758793371,24.9900722
1680571286.5490136,25,0.06594101786193698,24.9967327
1680571287.5452585,25,0.06639783262993103,24.9959774
1680571288.5191562,25,0.06795019662993067,24.9931468
1680571289.4982634,25,0.0679363906719368,24.9934291
1680571290.488134,25,0.06571653355193718,24.9979496
1680571291.503743,25,0.0695640243799292,24.9906406
1680571292.4840975,25,0.07096886107993768,24.988285
1680571293.4702861,25,0.07546003707993867,24.9800987
1680571294.4571567,25,0.07150623443995167,24.9884605
1680571295.4307187,25,0.0714406272279336,24.9890174
1680571296.4169462,25,0.07262513650794836,24.987154
1680571297.3916798,25,0.07758421983592075,24.9780979
1680571298.3720477,25,0.07411650075193249,24.9855918
1680571299.3628592,25,0.07696056875193391,24.9806766
1680571300.3394835,25,0.07602346592994663,24.9832019
1680571301.3191721,25,0.0779419347779233,24.9801464
1680571302.3025553,25,0.0758480012079179,24.9849281
1680571303.2912297,25,0.08037216103194428,24.9767932
1680571304.2684963,25,0.08548754221590533,24.9678287
1680571305.2457004,25,0.08562968062589532,24.9687747
1680571306.2614481,25,0.08540715862589528,24.9704036
1680571307.2512987,25,0.08398569862589524,24.9742755
1680571308.230686,25,0.08934093496193353,24.9649448
1680571309.220506,25,0.08759521564195913,24.969614
1680571310.2074876,25,0.08934849564195992,24.967411
1680571311.182937,25,0.09098503436191585,24.965496
1680571312.1640568,25,0.08722553993993781,24.9740219
1680571313.1464498,25,0.07646175969993266,24.995718
1680571314.1295874,25,0.079069918481941,24.9908561
1680571315.1156237,25,0.08055108048194012,24.9883594
1680571316.109607,25,0.08760219038193365,24.975233
1680571317.109638,25,0.08286664238193397,24.9852924
1680571318.096207,25,0.0863943699339568,24.9790611
1680571319.0751796,25,0.08762746793395702,24.9774951
1680571320.0522428,25,0.07941827310594678,24.9941406
1680571321.030838,25,0.0787877798259468,24.995573
1680571322.0076554,25,0.07396138413594865,25.0050277
1680571322.981728,25,0.07398382021394506,25.0047969
1680571323.9515014,25,0.07538812237394324,25.001913
1680571324.9312863,25,0.07061082298795834,25.0110397
1680571325.9234412,25,0.07022009250794585,25.0113735
1680571326.8930619,25,0.07395320948395179,25.0037593
1680571327.8694935,25,0.07483133902994984,25.0019283
1680571328.840775,25,0.0700488090199406,25.0110645
1680571329.8224175,25,0.07322794797994579,25.004528
1680571330.7989964,25,0.07069038770994941,25.0092391
1680571331.7787747,25,0.07045106522994904,25.0093555
1680571332.7552474,25,0.07486813370995012,25.0005016
1680571333.7715662,25,0.07510905370994908,25.000019
1680571334.7515008,25,0.07502734570995005,25.0001754
1680571335.7147422,25,0.07114854064994422,25.007637
1680571336.6911871,25,0.06905615255394455,25.0113811
1680571337.6755269,25,0.07054087439394743,25.0080928
1680571338.6674542,25,0.0680324466179333,25.0126132
1680571339.6539426,25,0.07111166661793299,25.0062065
1680571340.6337235,25,0.07015829912794455,25.0078105
1680571341.600117,25,0.07238345870394197,25.0032348
1680571342.5733938,25,0.07312023188794209,25.0016956
1680571339.0471437,25,0.06826541575794655,25.0109729
1680571340.0324495,25,0.06796720374193305,25.0111312
1680571341.0189025,25,0.0663891785259506,25.0137462
1680571342.0486574,25,0.06324152044594804,25.019247
1680571343.0252616,25,0.06359720322992812,25.0178337
1680571344.0049298,25,0.059913167297964864,25.0242614
1680571344.9781857,25,0.059534805921938924,25.0240707
1680571345.95798,25,0.06370746985392607,25.0151386
1680571346.9444814,25,0.06407364127794395,25.0138607
1680571347.9171543,25,0.058407242827950456,25.0242385
1680571348.8906786,25,0.06856710335595106,25.0037727
1680571349.8571472,25,0.06576178993994258,25.0090332
1680571350.8203816,25,0.06265643650193026,25.0146751
1680571351.8012652,25,0.06442363600194685,25.010725
1680571352.776629,25,0.05897872182594942,25.0208091
1680571353.743107,25,0.061383893515955024,25.0153923
1680571354.7128706,25,0.06818156805395241,25.0017299
1680571355.679389,25,0.06682365725395266,25.00428
1680571356.6580672,25,0.06936389148195356,24.9992294
1680571357.6303883,25,0.06776238437795674,25.0023403
1680571358.6088367,25,0.06762291770795462,25.0025215
1680571359.5952442,25,0.06637284109795646,25.0048313
1680571360.5750697,25,0.072109090393963,24.9936103
1680571361.5615227,25,0.07160540327395654,24.9948215
1680571362.5380423,25,0.07297522787395505,24.992382
1680571363.504559,25,0.07536245235395221,24.9880695
1680571364.4810545,25,0.07513006685596295,24.9889621
1680571365.4474807,25,0.07555895273997137,24.9885482
1680571366.4273143,25,0.07266928304396413,24.9945392
1680571367.3937309,25,0.07613806787596226,24.9880638
1680571368.380227,25,0.07727722916595813,24.9863243
1680571369.356742,25,0.076522441437971,24.9882946
1680571370.3432384,25,0.07585598364796871,24.9900207
1680571371.3330736,25,0.08098367175998997,24.9805316
1680571372.3273537,25,0.07887662375998909,24.9853324
1680571373.3060336,25,0.07381470881598415,24.9956283
1680571374.275746,25,0.07371712998198826,24.9959793
1680571375.2422316,25,0.08144676505995987,24.9812469
1680571376.2221894,25,0.0817873993559745,24.9812908
1680571377.1854825,25,0.07896484201197362,24.9874229
1680571378.1717165,25,0.07973303846196976,24.9864215
1680571379.1483788,25,0.08451025425399285,24.9777431
1680571380.1179118,25,0.0825957612679667,24.9822597
1680571381.1044145,25,0.08444831524398401,24.9793548
1680571382.182293,25,0.08325202427997705,24.9825019
1680571383.1702693,25,0.08059181027997642,24.9882907
1680571384.153894,25,0.07913817429598674,24.9915313
1680571385.1278892,25,0.08062183452996999,24.9889907
1680571386.1101737,25,0.07984429774597845,24.9909038
1680571387.096634,25,0.07657294473597848,24.9975433
1680571388.0664177,25,0.07598849726397867,24.9987602
1680571389.0462415,25,0.07337721080397931,25.0038318
1680571390.0272377,25,0.07142045544397096,25.007452
1680571391.0069282,25,0.06933641107398773,25.0111865
1680571391.982759,25,0.07593971112199062,24.9980564
1680571392.974106,25,0.0753416273919908,24.9992809
1680571393.9387677,25,0.07282159172799005,25.0041599
1680571394.9051147,25,0.07532457673799164,24.9991855
1680571395.8685114,25,0.07182260100800116,25.0059585
1680571396.8482206,25,0.07160807951199563,25.0061492
1680571397.8145385,25,0.07016676424798626,25.0086898
1680571398.791118,25,0.07216234678198784,25.0045261
1680571399.7707958,25,0.07243112478199264,25.0038375
1680571400.7454457,25,0.07438755303199325,24.9999275
1680571401.7370682,25,0.07589069912799509,24.9970378
1680571402.7103019,25,0.07103352525198958,25.0065002
1680571403.694269,25,0.07016516125199992,25.007925
1680571404.6665828,25,0.06948466145200251,25.008934
1680571405.6430066,25,0.06419626289200422,25.0187835
1680571406.6242158,25,0.06852078198200748,25.0097503
1680571407.5992892,25,0.06519569338999052,25.0157794
1680571408.5624895,25,0.06351579560599849,25.0184364
1680571409.5364037,25,0.06581211130600202,25.013319
1680571410.5187385,25,0.05978203649000505,25.0244331
1680571411.4994974,25,0.0657616667900074,25.012001
1680571412.464993,25,0.0581458410199865,25.0262165
1680571413.4417202,25,0.06671021037998692,25.008749
1680571414.4080203,25,0.06786813116998998,25.0061893
1680571415.3712475,25,0.06288911430599631,25.0155544
1680571416.3409867,25,0.06481762806398672,25.0112609
1680571417.310806,25,0.06785963975998777,25.0049839
1680571418.3172336,25,0.06647218790397875,25.0074558
1680571419.2937312,25,0.0619649544380024,25.0158557
1680571420.2734709,25,0.06307330363798695,25.0131225
1680571421.2368093,25,0.06387597982600392,25.0110874
1680571422.226826,25,0.06348082921599503,25.0114345
1680571423.21296,25,0.06879267684799414,25.0007801
1680571424.1893945,25,0.06193007276801117,25.013956
1680571425.1658304,25,0.06450570401200412,25.0084762
1680571426.1356251,25,0.06806879166000683,25.0012989
1680571427.1188598,25,0.07528819090801615,24.9873504
1680571428.0950515,25,0.06918447128801676,24.9995746
1680571429.0651693,25,0.07746646056803351,24.983654
1680571430.0416832,25,0.07757918164601055,24.9840469
1680571431.0180407,25,0.07666462924600809,24.9864025
1680571431.9978645,25,0.0721606665660079,24.9955844
1680571432.981082,25,0.07313070976601449,24.993885
1680571433.967621,25,0.06843469960601543,25.0031528
1680571434.9340632,25,0.06886700146201491,25.0022029
1680571435.9138284,25,0.06725411964400999,25.0052261
1680571436.90362,25,0.061809635180030534,25.0155048
1680571437.8773153,25,0.06174408414003359,25.0150432
1680571438.846528,25,0.0640430585500258,25.0100555
1680571439.8330786,25,0.06401468592601509,25.0097293
1680571440.8133621,25,0.06202912203803165,25.0131816
1680571441.7960138,25,0.06736604184803163,25.0024127
1680571442.7758877,25,0.05827415821603381,25.0198287
1680571443.742236,25,0.05826218624604025,25.0191001
1680571444.7220497,25,0.05887173280202558,25.0172138
1680571445.6954944,25,0.06424731453001929,25.0062179
1680571446.671812,25,0.07537751731199621,24.9845561
1680571447.648203,25,0.07219648759999403,24.9912567
1680571448.6383235,25,0.07519412159999378,24.9858283
1680571449.6244187,25,0.07549749086000708,24.985773
1680571450.5955203,25,0.07984878074000049,24.9779396
1680571451.570727,25,0.07838285481999749,24.9815845
1680571452.5539625,25,0.07804778700999283,24.9829273
1680571453.53379,25,0.0771864350260097,24.9852313
1680571454.5103533,25,0.07464239499799452,24.9906806
1680571455.4869013,25,0.07150821563799802,24.9970645
1680571456.481099,25,0.07196560963799789,24.9962978
1680571457.4530303,25,0.07470614046600506,24.9911594
1680571458.4317,25,0.07876961646598454,24.983675
1680571459.3986044,25,0.08187864928800317,24.9782981
1680571460.3825111,25,0.07995060488798211,24.98283
1680571461.3610096,25,0.07602854658999014,24.9910221
1680571462.3487344,25,0.08105364054998498,24.9816932
1680571463.325105,25,0.0768136458299828,24.9905395
1680571464.29498,25,0.08196715436997852,24.9809818
1680571465.271107,25,0.08350712675400067,24.9787387
1680571466.2345943,25,0.0779969517479972,24.9901351
1680571467.2045276,25,0.07561103174799534,24.9951
1680571468.1808903,25,0.07022690742799619,25.0056495
1680571469.1674209,25,0.07241928646799592,25.0012168
1680571470.1478674,25,0.0742382107559961,24.9976692
1680571471.1459453,25,0.07449330676599525,24.9972667
1680571472.1270592,25,0.0714138287659961,25.0032939
1680571473.106598,25,0.07013077095799014,25.0056381
1680571474.0730996,25,0.06964209748998519,25.0063686
1680571475.063342,25,0.06830450590599582,25.0087013
1680571476.0395973,25,0.06560838769599847,25.0135593
1680571477.0058982,25,0.06288125676800162,25.0183048
1680571477.9889774,25,0.06780268341199519,25.0081462
1680571478.958909,25,0.0675896616019965,25.0082473
1680571479.935249,25,0.07004813956999674,25.0032062
1680571480.9150743,25,0.06967494673199362,25.0038051
1680571481.8916314,25,0.0656381779480077,25.0114288
1680571482.8680382,25,0.06981717626800892,25.0029544
1680571483.8432736,25,0.06630354997200118,25.0096092
1680571484.8109894,25,0.058899035092004365,25.023508
1680571485.780837,25,0.05398950686197851,25.0320835
1680571486.7585623,25,0.05743925232801479,25.0242443
1680571487.7438323,25,0.05120318664797502,25.035326
1680571488.7135267,25,0.05137661860798516,25.0336532
1680571489.6868017,25,0.051582971503989966,25.0320014
1680571490.6565657,25,0.0587669882519755,25.0169754
1680571491.6273685,25,0.0605907796439919,25.0128231
1680571492.6100485,25,0.05706523985597603,25.0191326
1680571493.587108,25,0.0583169634959808,25.0159988
1680571494.5658906,25,0.0569255037199831,25.0180816
1680571495.5403247,25,0.05645231172998745,25.0183067
1680571496.517316,25,0.05055154470599203,25.0289859
1680571497.505295,25,0.054282547105997586,25.020708
1680571498.4916236,25,0.05470166864197541,25.0191173
1680571499.4581387,25,0.05761501868197931,25.0127868
1680571500.4278796,25,0.058812741241981686,25.010004
1680571501.4043953,25,0.058838769213973324,25.0095806
1680571502.3849006,25,0.060522449681982365,25.0059814
1680571503.3573983,25,0.054943158769963585,25.0164909
1680571504.34399,25,0.06262660518996414,25.0010814
1680571505.3139539,25,0.06453816906196715,24.9973621
1680571506.2800972,25,0.06563985537196504,24.9953365
1680571507.256616,25,0.06353798295996438,24.9995574
1680571508.2331994,25,0.06633295764797041,24.9941959
1680571509.219676,25,0.0690592586479672,24.98917
1680571510.1994798,25,0.0668776036719741,24.9937782
1680571511.1858938,25,0.07206812395995567,24.9840259
1680571512.1734548,25,0.0755865043799498,24.9778614
1680571513.1487744,25,0.07996665823594591,24.9702529
1680571514.1186416,25,0.07391127389594025,24.9830322
1680571515.0951183,25,0.08164117098396674,24.9687824
1680571516.068238,25,0.08403063597596189,24.9653453
1680571517.038235,25,0.08338799462595203,24.9678955
1680571518.0247803,25,0.08385009422594819,24.9682025
1680571519.0043356,25,0.08500186970593938,24.9671916
1680571519.9708416,25,0.08346819429996301,24.9713687
1680571520.9421499,25,0.08988186385195791,24.9600868
1680571521.9038854,25,0.08576458795998212,24.9695034
1680571522.8802402,25,0.08132417025595036,24.9791908
1680571523.856762,25,0.08428111470397866,24.9742889
1680571524.8366833,25,0.09223493990801247,24.9599342
1680571525.8032024,25,0.08865713545997404,24.9683361
1680571526.7840614,25,0.08523197908599255,24.9761123
1680571527.7462556,25,0.08245451089196551,24.9823513
1680571528.7228317,25,0.0819266442199838,24.9840354
1680571529.699078,25,0.08401522629599965,24.9806098
1680571530.729699,25,0.08259584975398672,24.9841041
1680571531.7085783,25,0.0743069245839865,25.0006561
1680571532.6851132,25,0.07512831464798578,24.9990501
1680571533.6582263,25,0.0759382588299877,24.9975261
1680571534.6346593,25,0.07783571519197921,24.9939651
1680571535.6147242,25,0.07568166154398112,24.9983386
1680571536.5925312,25,0.07763935992397912,24.9946346
1680571537.56742,25,0.07743371464398435,24.9952335
1680571538.5372286,25,0.07966884354197187,24.9911079
1680571539.520997,25,0.06758233277397435,25.0147113
1680571540.493449,25,0.07361072094397486,25.0025539
1680571541.5020063,25,0.06872749094397386,25.0118465
1680571542.4673693,25,0.07117063525396829,25.0067005
1680571543.4529083,25,0.0646008696379472,25.0190887
1680571544.4194427,25,0.06726130517996719,25.0132541
1680571545.3858385,25,0.06401506189997005,25.0190105
1680571546.3667963,25,0.062423186881951837,25.0213661
1680571547.3390524,25,0.06384179613193862,25.0178375
1680571548.3153753,25,0.06351653025996079,25.0177879
1680571549.3026354,25,0.06046299301996565,25.0229892
1680571550.2716928,25,0.05708549471593527,25.0286178
1680571551.2381902,25,0.05582228327994665,25.0300006
1680571552.2113502,25,0.056810022507925925,25.0269794
1680571553.191069,25,0.06059578983594879,25.0186729
1680571554.1675174,25,0.06373694810595151,25.0119209
1680571555.1440704,25,0.05273733375395598,25.0326557
1680571556.1237867,25,0.05345105710396464,25.0300445
1680571557.1002817,25,0.05984485219194531,25.0166034
1680571558.0900102,25,0.056274771903928,25.0228576
1680571559.0633914,25,0.05271153145596265,25.0288486
1680571560.043134,25,0.05957263735596699,25.014553
1680571561.019824,25,0.06174164724396783,25.0098342
1680571562.005998,25,0.0586881603139716,25.0153369
1680571562.982529,25,0.05833047535995914,25.0154533
1680571563.9622595,25,0.055214313967936246,25.0208644
1680571564.943573,25,0.05610420196793578,25.0183506
1680571565.9156485,25,0.053412077469945446,25.0228633
1680571566.9019313,25,0.055778515469945056,25.0174331
1680571567.882929,25,0.0547908137359739,25.0186843
1680571568.9079707,25,0.057760929843969785,25.0122318
1680571569.8902767,25,0.056318583763971294,25.014553
1680571570.8609483,25,0.06288285796997045,25.0013713
1680571571.8471098,25,0.05814439906997301,25.010437
1680571572.813993,25,0.061447930237968934,25.0036849
1680571573.793743,25,0.0625454335039711,25.0014343
1680571574.7701552,25,0.06256523883197183,25.0013427
1680571575.7368374,25,0.05763455615196254,25.010786
1680571576.7166042,25,0.06583481964196089,24.9945983
1680571577.7030869,25,0.06455046141796336,24.9972743
1680571578.6861708,25,0.06345924815396377,24.9994773
1680571579.6660595,25,0.0603151833399589,25.0055503
1680571580.6423886,25,0.069627461339958,24.9874286
1680571581.6221507,25,0.0736682303139281,24.9801177
1680571582.5950296,25,0.07235559219194257,24.9833869
1680571583.5650976,25,0.07076338020794047,24.9870719
1680571584.544942,25,0.07717370239793347,24.9752273
1680571585.5281012,25,0.07714778529395984,24.9762153
1680571586.5139658,25,0.07951997570992639,24.9725513
1680571587.4844286,25,0.08055022468794931,24.9715919
1680571588.4508007,25,0.08530603771197892,24.9634952
1680571589.4306922,25,0.08399160633392955,24.9673881
1680571590.417157,25,0.08693798145397011,24.9629535
1680571591.3946655,25,0.09036611858991792,24.9577598
1680571592.3668988,25,0.08692002815990985,24.9659919
1680571593.3468883,25,0.08557206500393455,24.9698562
1680571594.3531046,25,0.07895744500393377,24.983736
1680571595.3405156,25,0.07844958100393341,24.9853382
1680571596.3094454,25,0.0761430215799335,24.9903259
1680571597.2810228,25,0.07271369913193573,24.9972896
1680571598.2590013,25,0.07678228059591913,24.9895572
1680571599.2287881,25,0.07720062026392749,24.9891414
1680571600.21533,25,0.07519312826392845,24.9934196
1680571601.2024274,25,0.07727137856793928,24.9896697
1680571602.1714954,25,0.07713969596192485,24.9903087
1680571603.1513054,25,0.07200382759392474,25.0005588
1680571604.1245742,25,0.07460872918392332,24.9955253
1680571605.0945415,25,0.07626958577393009,24.9924945
1680571606.0674734,25,0.068627342781922,25.0074844
1680571607.0379872,25,0.06798966259592538,25.0084381
1680571608.0037668,25,0.06645013878394128,25.0110874
1680571608.9801593,25,0.06551233785592801,25.0124721
1680571609.946788,25,0.0719138623239283,24.9996814
1680571610.9239905,25,0.06795846584193846,25.0073089
1680571611.9032886,25,0.06677682572992853,25.0093059
1680571612.8694942,25,0.06217328149395533,25.0178222
1680571613.8463953,25,0.059723137333932586,25.021862
1680571614.815641,25,0.06170626961793958,25.0172386
1680571615.7889225,25,0.0616238251599253,25.0167541
1680571616.765345,25,0.06267484226394347,25.0140972
1680571617.7452102,25,0.0607348150039478,25.0172958
1680571618.7217152,25,0.06265331609593741,25.0129566
1680571619.7013724,25,0.061998904159922,25.0137252
1680571620.6679926,25,0.059736776629948626,25.0175685
1680571621.6466482,25,0.060994461509949915,25.014492
1680571622.6276627,25,0.0592547965399549,25.0172901
1680571623.6084077,25,0.06389337357994622,25.0077095
1680571624.5839462,25,0.06821276092794665,24.9991054
1680571625.56037,25,0.06580303553595213,25.0037784
1680571626.5301719,25,0.06275704244794326,25.0094966
1680571627.4991934,25,0.06161302828595913,25.0113449
1680571628.4631596,25,0.06597684843795787,25.0025196
1680571629.429808,25,0.0674813708699574,24.9995288
1680571630.4197068,25,0.0642026675199596,25.0058555
1680571631.4113216,25,0.06589046103995584,25.002386
1680571632.402523,25,0.06583752823995909,25.0023975
1680571633.3888783,25,0.06971169383995716,24.994852
1680571634.365582,25,0.07272222708796908,24.9892539
1680571635.3385692,25,0.07248465071397794,24.9901123
1680571636.3185372,25,0.07654300948195655,24.9826774
1680571637.2982392,25,0.0758216341119528,24.9847221
1680571638.2683349,25,0.07513374641595104,24.9866161
1680571639.2346902,25,0.08045926279396987,24.9768619
1680571640.1976094,25,0.08173785616398957,24.9752635
1680571641.1743388,25,0.08059356377795668,24.9783897
1680571642.1543877,25,0.07951121083397775,24.9812908
1680571643.130486,25,0.08148657390594496,24.9781856
1680571644.096808,25,0.07863724297795793,24.9844856
1680571645.066409,25,0.08050773091395431,24.9814624
1680571646.0450468,25,0.08167383130394906,24.9799213
1680571647.0195372,25,0.0829947022639475,24.9781265
1680571647.9960732,25,0.08294088602394174,24.9790592
1680571648.9624577,25,0.08338141331195849,24.9789924
1680571649.9389303,25,0.07874892617595608,24.9886951
1680571650.9086838,25,0.07175912461395499,25.0025749
1680571651.8926415,25,0.0676216870619671,25.0104389
1680571652.8718312,25,0.06988825363196943,25.0056819
1680571653.868169,25,0.06842043281596055,25.0082912
1680571654.8546333,25,0.0692374582559624,25.0064048
1680571655.824458,25,0.0638193024799429,25.0165882
1680571656.802235,25,0.06715228471995818,25.009552
1680571657.7773933,25,0.0618073605919596,25.0194873
1680571658.7439754,25,0.06479963986196485,25.0129909
1680571659.7204096,25,0.06753862207395901,25.0072326
1680571660.6952765,25,0.060893303321961606,25.0197582
1680571661.6766758,25,0.06337374624196396,25.0142364
1680571662.643173,25,0.061493359073966664,25.0173263
1680571663.612986,25,0.06431078329795731,25.0112552
1680571664.5861406,25,0.06568495061795943,25.0081844
1680571665.562628,25,0.06475187519396056,25.0096759
1680571666.5439441,25,0.062054383073964936,25.0144996
1680571667.5188572,25,0.06299904880196629,25.0121402
1680571668.5455806,25,0.061446562689965595,25.0146408
1680571669.5317829,25,0.0626799508499519,25.011713
1680571670.501763,25,0.05958306678197864,25.0172386
1680571671.4736269,25,0.06061806839396616,25.0146026
1680571672.4453185,25,0.06925951917796815,24.9974212
1680571673.421404,25,0.06487934073597872,25.0059509
1680571674.4011364,25,0.06747145111997828,25.0007381
1680571675.3872404,25,0.07288096511997853,24.9903068
1680571676.3615866,25,0.07730280509599269,24.9821548
1680571677.3336694,25,0.06478323890598636,25.0069255
1680571678.3069644,25,0.06390501086599898,25.008358
1680571679.278433,25,0.06864209521800155,24.9989261
1680571680.2400336,25,0.06872533687599863,24.9988059
1680571681.2396035,25,0.06318415529198823,25.0095138
1680571682.2193372,25,0.06745638307198944,25.0009326
1680571683.1858313,25,0.0736682069439874,24.9889373
1680571684.159359,25,0.07208855967399354,24.9923915
1680571685.1291335,25,0.07677603677797325,24.9836597
1680571686.1053817,25,0.06814924788197278,25.0008792
1680571687.0917463,25,0.07005492158197242,24.997179
1680571688.0682724,25,0.06987455610997498,24.9976329
1680571689.038063,25,0.07809417325794778,24.9818954
1680571690.0211532,25,0.0735451918819454,24.9913291
1680571690.984225,25,0.07034204221994812,24.9978199
1680571691.9574254,25,0.07061614378995096,24.9973735
1680571692.9348567,25,0.06984315311794813,24.9989604
1680571693.9207306,25,0.0701163633479488,24.9984741
1680571694.890581,25,0.06759018614794828,25.003395
1680571695.868784,25,0.07092921056794746,24.9968414
1680571696.8440022,25,0.06779561397994607,25.0029926
1680571697.8198762,25,0.0698509857239461,24.9989242
1680571698.7964222,25,0.06974302848794528,24.9991722
1680571699.7759788,25,0.06626732983193927,25.0058917
1680571700.743106,25,0.06499508709995107,25.0081214
1680571701.7323732,25,0.06503346389994358,25.00774
1680571702.7156675,25,0.0735356019699407,24.9910869
1680571703.688598,25,0.07416877996993819,24.9902
1680571704.6688018,25,0.07183318764993746,24.9950656
1680571705.6493125,25,0.07052570553793909,24.9977684
1680571706.6356933,25,0.06975269633793892,24.99934
1680571707.6256778,25,0.07600039003395268,24.9873428
1680571708.6216536,25,0.06960637403395326,25.0001258
1680571709.6045732,25,0.07051877565395201,24.9983654
1680571710.594269,25,0.07624845626196718,24.9874019
1680571711.5760477,25,0.07367967826196713,24.9928264
1680571712.5568655,25,0.06945097651996766,25.0012359
1680571713.5268288,25,0.07127525970396993,24.9976787
1680571714.4930696,25,0.07285376788596216,24.9947261
1680571715.459744,25,0.06732714337995833,25.0055637
1680571716.4306836,25,0.06571474035595964,25.0084609
1680571717.4134164,25,0.06872376440995821,25.0023517
1680571718.3925629,25,0.06454311674596962,25.0103073
1680571719.4193285,25,0.06332048866596922,25.012247
1680571720.405968,25,0.06665574956196202,25.0053653
1680571721.376301,25,0.06362740095797922,25.0109958
1680571722.348319,25,0.06817925028797853,25.0018215
1680571723.3256087,25,0.06604306447997173,25.0058631
1680571724.3049471,25,0.06347064074398757,25.0105972
1680571725.2718868,25,0.0700955160719896,24.9974479
1680571726.2476056,25,0.06405649178200404,25.0091705
1680571727.2182364,25,0.06185391262399363,25.0130691
1680571728.196335,25,0.0611853340479787,25.0138607
1680571729.177145,25,0.061789827279993215,25.0121726
1680571730.1677325,25,0.06188107595999702,25.0115356
1680571731.1535242,25,0.06522836242399152,25.0046577
1680571732.1532974,25,0.05881731242399177,25.0168075
1680571733.1361928,25,0.060396624664007914,25.013132
1680571734.1193957,25,0.06647326482800614,25.0009422
1680571735.1058874,25,0.06380215468800816,25.0060462
1680571736.089194,25,0.05760207798398942,25.0177478
1680571737.0587385,25,0.056878112000011014,25.0184688
1680571738.042246,25,0.05883182682001584,25.0140094
1680571739.022215,25,0.06028721715601619,25.0106849
1680571739.988286,25,0.06021980507600856,25.010416
1680571740.9683702,25,0.059182985936010804,25.0120162
1680571741.941691,25,0.060824566736012345,25.0084075
1680571742.9082084,25,0.0620367676260134,25.0057563
1680571743.8880508,25,0.0598628951620159,25.0097274
1680571744.8640413,25,0.062451139444012,25.0043811
1680571745.830999,25,0.06389970317601044,25.0014286
1680571746.8133047,25,0.06520576279200854,24.9988613
1680571747.7871969,25,0.0704405881680186,24.9888248
1680571748.7631423,25,0.06663918029601387,24.9965629
1680571749.7495186,25,0.065918870056014,24.9980792
1680571750.7263963,25,0.06099695104400718,25.0076274
1680571751.715908,25,0.06548909504400671,24.9986953
1680571752.6956475,25,0.06894576555600694,24.9920883
1680571753.672233,25,0.06686436951600541,24.9963932
1680571754.6552918,25,0.0666776420280085,24.9968891
1680571755.6325083,25,0.06196903604801869,25.006071
1680571756.615975,25,0.0623362390880121,25.0051345
1680571757.6580265,25,0.06412155814801117,25.001501
1680571758.644698,25,0.06698632426000739,24.9959316
1680571759.614317,25,0.06322747103200477,25.0033206
1680571760.5811017,25,0.06658972735400646,24.9967231
1680571761.5494707,25,0.06505530916800616,24.9997997
1680571762.5240457,25,0.06359609792000757,25.0026168
1680571763.4905064,25,0.06308856218000845,25.0034942
1680571764.467182,25,0.061056393610001994,25.0072765
1680571765.4365487,25,0.06297795106600301,25.0033054
1680571766.403151,25,0.06406800671200077,25.0010833
1680571767.3865805,25,0.06433609716000294,25.0005264
1680571768.3662276,25,0.060418807539995595,25.008049
1680571769.3424296,25,0.0666339989499935,24.9957847
1680571770.338972,25,0.06636409333399834,24.9964637
1680571771.3089414,25,0.06931313066198645,24.9909229
1680571772.2854831,25,0.07281759546599989,24.9845142
1680571773.2551696,25,0.07179521297598102,24.9870605
1680571774.2365947,25,0.07631503200000361,24.9788532
1680571775.2182515,25,0.07144627496000124,24.9890232
1680571776.1946769,25,0.07119323150399891,24.9899196
1680571777.1710482,25,0.06867082209399751,24.9951553
1680571778.1476922,25,0.07653590303799512,24.9801921
1680571779.1272385,25,0.07695584550798985,24.9801349
1680571780.1007068,25,0.07935000117201489,24.9762802
1680571781.070432,25,0.07305058345202389,24.989294
1680571782.0466306,25,0.07658661633799882,24.9828853
1680571783.0331235,25,0.07692540841801672,24.9828815
1680571784.0231082,25,0.078102830929994,24.9812641
1680571784.9893382,25,0.07983390594998872,24.9786434
1680571785.9679196,25,0.07831338153002201,24.982357
1680571786.942343,25,0.07278270316201522,24.9936676
1680571787.9088273,25,0.07718967550201034,24.9854278
1680571788.885806,25,0.06682658782201238,25.005928
1680571789.8651707,25,0.07759441451002885,24.9849834
1680571790.8319645,25,0.07550096263803853,24.9895744
1680571791.811753,25,0.0738069678860304,24.9932289
1680571792.7847013,25,0.07573056914602722,24.9897842
1680571793.771571,25,0.07305955820202598,24.9953079
1680571794.7478783,25,0.08048230910202048,24.981203
1680571795.7678418,25,0.08396806080005884,24.9752521
1680571796.7441452,25,0.08279729321402592,24.9784297
1680571797.7236078,25,0.0811765513760404,24.9823551
1680571798.710459,25,0.0868823274240713,24.9720439
1680571799.6936176,25,0.0884603785440345,24.970066
1680571800.6731913,25,0.08345051872402849,24.9808406
1680571801.6495981,25,0.08130924845202682,24.9856777
1680571802.6260626,25,0.08529966514202042,24.9785423
1680571803.6057227,25,0.07973900970802951,24.9900493
1680571804.582179,25,0.08188753708404406,24.9862918
1680571805.5554264,25,0.0787257115160362,24.9928951
1680571806.5306692,25,0.07709314968603853,24.9963035
1680571807.5017078,25,0.08262944855002081,24.9857902
1680571808.4685383,25,0.07540775555002065,25.000225
1680571809.4381745,25,0.08140346175801941,24.9886722
1680571810.424441,25,0.08017244684801719,24.9914703
1680571811.4111397,25,0.07823794590402205,24.9955158
1680571812.3878064,25,0.07792578152001668,24.9962863
1680571813.364075,25,0.07147241852001064,25.00885
1680571814.3440993,25,0.06922535401001445,25.0128383
1680571815.3313081,25,0.07310503572200888,25.0048866
1680571816.2974954,25,0.0696738882320252,25.0113105
1680571817.2827077,25,0.06816566124001094,25.0137844
1680571818.249849,25,0.06880598030402754,25.0120372
1680571819.2295928,25,0.06037018296600602,25.0278301
1680571820.2025464,25,0.06291307552598209,25.021883
1680571821.185764,25,0.06752871875799679,25.0121726
1680571822.1688755,25,0.06399298487798066,25.018526
1680571823.1486194,25,0.06434898148600171,25.0171394
1680571824.1118813,25,0.06075110129600815,25.0234127
1680571825.091792,25,0.06103934943799039,25.0219841
1680571826.0584204,25,0.062105598861994044,25.0191116
1680571827.0348127,25,0.06729202111199543,25.0084075
1680571828.014614,25,0.0662624400719969,25.0100765
1680571828.9813116,25,0.0656649496299875,25.0108509
1680571829.9553645,25,0.06889420129998466,25.0042285
1680571830.933874,25,0.07267766345998139,24.996788
1680571831.9203732,25,0.07059587810998025,25.0009155
1680571832.8901389,25,0.06959547297398101,25.0028076
1680571833.8765533,25,0.07036690201398077,25.0012168
1680571834.8530989,25,0.06828870508797776,25.0051727
1680571835.822498,25,0.07105647537597834,24.9996509
1680571836.7976165,25,0.07690501942195943,24.9884033
1680571837.775842,25,0.07437271671796011,24.9937114
1680571838.7422962,25,0.07411197216795777,24.9944515
1680571839.7187736,25,0.0785614669599684,24.9860916
1680571840.6852102,25,0.07522990683196805,24.9930248
1680571841.6650498,25,0.07742122464196464,24.9890727
1680571842.6482916,25,0.07826078728196391,24.9878635
1680571843.6252823,25,0.07712402255196088,24.9905109
1680571844.5945678,25,0.07996777016597356,24.9853897
1680571845.5610604,25,0.07685982800597166,24.9919185
1680571846.5409577,25,0.08256802636596698,24.9812412
1680571847.517251,25,0.07282512630196643,25.0006999
1680571848.50539,25,0.07732249018196509,24.9920196
1680571849.4811022,25,0.08310170253398534,24.9812011
1680571850.4467463,25,0.08826068168600754,24.9719696
1680571851.4178786,25,0.08469478402997721,24.9798812
1680571852.4029903,25,0.08085736876597566,24.9880199
1680571853.3794482,25,0.07825742580597451,24.9934768
1680571854.3537266,25,0.07739757889397957,24.9953784
1680571855.3325412,25,0.08020246414198706,24.9901504
1680571856.308921,25,0.08516603124596413,24.9809722
1680571857.295462,25,0.08154610091596058,24.9886589
1680571858.2718983,25,0.07763004256396497,24.9966239
1680571859.2417622,25,0.07442732466996962,25.0029163
1680571860.2181737,25,0.0763501120179692,24.9991054
1680571861.194643,25,0.07699346801796884,24.9979
1680571862.1710787,25,0.07529223194797009,25.0012531
1680571863.1478457,25,0.07205251029997109,25.0074443
1680571864.1175895,25,0.07954539561996912,24.9927444
1680571865.0938656,25,0.07694492925997104,24.998022
1680571866.073829,25,0.07268890897196395,25.0062866
1680571867.049927,25,0.07547165537596377,25.0006942
1680571868.0136092,25,0.07854887508796408,24.9947433
1680571868.989902,25,0.0805537582539717,24.9910793
1680571870.0199325,25,0.08773360417798054,24.9776554
1680571871.0026248,25,0.08301730145396202,24.9875698
1680571871.985873,25,0.07682006812596197,24.9999656
1680571872.9642444,25,0.07620123458996028,25.0011577
1680571873.9356704,25,0.0819899285579481,24.9899749
1680571874.9021964,25,0.0806704819859543,24.9928894
1680571875.882007,25,0.07690914393995475,25.0003967
1680571876.8618522,25,0.08276140446796604,24.9891204
1680571877.8280735,25,0.08366271488797576,24.987791
1680571878.7951753,25,0.07545612821398265,25.0040473
1680571879.774451,25,0.07848920630998264,24.9980564
1680571880.7578576,25,0.07580951619998369,25.0032863
1680571881.7351863,25,0.07824268373598581,24.9984798
1680571882.722662,25,0.07335206010598651,25.0079479
1680571883.7116573,25,0.0785819207619905,24.9975833
1680571884.6975172,25,0.07879389876198896,24.9972686
1680571885.6880872,25,0.07873984101398585,24.9974746
1680571886.6714637,25,0.07925153701398643,24.9965877
1680571887.650822,25,0.07175239363798809,25.0111541
1680571888.6341755,25,0.0688146268679922,25.0163841
1680571889.623983,25,0.0728350808679919,25.0080223
1680571890.6102214,25,0.06778659745997206,25.0174331
1680571891.5867138,25,0.07186711163997553,25.0089206
1680571892.5664806,25,0.06834318648797787,25.0153732
1680571893.5432143,25,0.0714026375379805,25.0089035
1680571894.519579,25,0.07408518769798009,25.0034065
1680571895.5126424,25,0.07349835769797985,25.004404
1680571896.508555,25,0.07540083769798096,25.000576
1680571897.492308,25,0.0687623340799694,25.0133361
1680571898.4785426,25,0.07305102007996934,25.0045757
1680571899.4685087,25,0.07186967136996364,25.0066795
1680571900.4620035,25,0.06828354136996437,25.013319
1680571901.457089,25,0.07061773336996316,25.0083179
1680571902.438442,25,0.0758472241699615,24.99794
1680571903.4245515,25,0.07495104691996135,24.9997425
1680571904.4201844,25,0.07495323291996181,24.9997482
1680571905.4005823,25,0.07787145768796028,24.9941387
1680571906.3826509,25,0.07472871811795999,25.0004081
1680571907.366949,25,0.07948921611795982,24.9912376
1680571908.3501751,25,0.07281272008395774,25.0044193
1680571909.3364558,25,0.07488761705995688,25.0002593
1680571910.3221812,25,0.07682325899595271,24.9965248
1680571911.299326,25,0.07024066299595284,25.0093173
1680571912.2890258,25,0.07266880836395431,25.0042972
1680571913.2689996,25,0.07222682036395392,25.0049819
1680571914.2558002,25,0.06940071966395658,25.010231
1680571915.242124,25,0.07012024654394859,25.008459
1680571916.2241256,25,0.06718500643395188,25.0137863
1680571917.2047467,25,0.06924502849794227,25.0093002
1680571918.1845663,25,0.06874286507395451,25.0099143
1680571919.1610587,25,0.07201888951395392,25.0032348
1680571920.1470196,25,0.06779810045794196,25.0112342
1680571921.1374419,25,0.06777649954995843,25.0108566
1680571922.1206803,25,0.06835980354995895,25.0093173
1680571923.0980186,25,0.06957006494195174,25.0066356
1680571924.0672817,25,0.07488997096595405,24.9961452
1680571925.0435252,25,0.06833728431396804,25.0089054
1680571926.0198932,25,0.06921869138596091,25.0068721
1680571927.010005,25,0.07155022787796338,25.0021266
1680571927.9927251,25,0.0769669392059731,24.9916229
1680571928.9889157,25,0.07619822120597225,24.9934234
1680571929.9689527,25,0.07608689927597125,24.9938869
1680571930.9454393,25,0.06995158319597143,25.005928
1680571931.9355857,25,0.07511346719597198,24.9957733
1680571932.9220295,25,0.07432760053797438,24.9974441
1680571933.9184716,25,0.07985359053797475,24.9869155
1680571934.9076312,25,0.08057147653797431,24.9860382
1680571935.881477,25,0.07958494886995593,24.9884586
1680571936.868015,25,0.08088657398997094,24.986391
1680571937.837846,25,0.07926831619996937,24.9900207
1680571938.8193467,25,0.08040950325596792,24.9881954
1680571939.8004289,25,0.0892441282759586,24.9716434
1680571940.7692745,25,0.08370129886797699,24.9833831
1680571941.7485206,25,0.08403917547995245,24.9833526
1680571942.7374249,25,0.07292126005594622,25.0053768
1680571943.712451,25,0.07693598642594528,24.9974479
1680571944.675981,25,0.08623363860194325,24.9796409
1680571945.65596,25,0.07900027165194738,24.9943275
1680571946.6425319,25,0.08814680309191882,24.976942
1680571947.6323085,25,0.0812351951679265,24.9911098
