t,i,temp_desired,temp_tc
1681241256.6886158,25,0.6550704420479989,23.7084064
1681241257.6795735,25,0.6780230740479987,23.7139434
1681241258.6606283,25,0.7023484732579999,23.7150955
1681241259.6458294,25,0.7336920472580006,23.7042388
1681241260.641884,25,0.7553804110979989,23.7115745
1681241261.6321225,25,0.7692768010979989,23.7344055
1681241262.6078393,25,0.783026887507999,23.7551555
1681241263.5913625,25,0.7851862575079992,23.7988815
1681241264.571358,25,0.7756579715319994,23.8620452
1681241265.5580432,25,0.7697240738679989,23.9165573
1681241266.5301337,25,0.7392417020580002,24.0156745
1681241267.4931734,25,0.7181514701960006,24.0930099
1681241268.4808466,25,0.692290594659999,24.1771202
1681241269.4688983,25,0.6503933579000001,24.2889308
1681241270.4590907,25,0.6054022205560006,24.4024333
1681241271.4460835,25,0.550288582556,24.5314044
1681241272.421983,25,0.5009697873860004,24.6438465
1681241273.44004,25,0.4403455341299997,24.7743988
1681241274.4339054,25,0.3907148444019989,24.8784446
1681241275.4225225,25,0.3345880956120003,24.9910507
1681241276.4089844,25,0.2785358292279989,25.0992488
1681241277.3845415,25,0.21620795735599935,25.2154254
1681241278.3655455,25,0.16213944859800017,25.3114891
1681241279.3518336,25,0.09983996584799981,25.4195575
1681241280.3384254,25,0.045667215559999697,25.5079116
1681241281.328348,25,0,25.5892734
1681241282.3114443,25,0,25.6678867
1681241283.3087122,25,0,25.7267513
1681241284.307903,25,0,25.7773456
1681241285.2839365,25,0,25.8359336
1681241286.2595556,25,0,25.8835945
1681241287.2404137,25,0,25.9092159
1681241288.2196848,25,0,25.9481601
1681241289.1898735,25,0,25.9793777
1681241290.1699605,25,0,25.9872684
1681241291.1526573,25,0,26.0182209
1681241292.1423807,25,0,26.0363388
1681241293.1322765,25,0,26.0363845
1681241294.1164274,25,0,26.0590858
1681241295.1544497,25,0,26.0559463
1681241296.4280448,25,0,26.0583744
1681241297.4463212,25,0,26.0699653
1681241298.431755,25,0,26.0517024
1681241299.4270008,25,0,26.0605468
1681241300.4028337,25,0,26.0605487
1681241301.3977036,25,0,26.0617923
1681241302.3834772,25,0,26.0553588
1681241303.3639302,25,0,26.0465221
1681241304.3492112,25,0,26.0334415
1681241305.3456366,25,0,26.0265178
1681241306.3363464,25,0,26.0242176
1681241307.3176484,25,0,26.0060234
1681241308.2968416,25,0,25.9959545
1681241309.299684,25,0,25.9887046
1681241310.2834265,25,0,25.9736137
1681241311.2653422,25,0,25.9656486
1681241312.2492254,25,0,25.9453639
1681241313.2355044,25,0,25.9449005
1681241314.2215178,25,0,25.9407958
1681241315.221584,25,0,25.9223785
1681241316.2040844,25,0,25.9148311
1681241317.1818075,25,0,25.8819274
1681241318.1686046,25,0,25.8745803
1681241319.157222,25,0,25.8625755
1681241320.1480987,25,0,25.8686237
1681241321.1374173,25,0,25.8490943
1681241322.1262453,25,0,25.826435
1681241323.1125386,25,0,25.8185939
1681241324.0810757,25,0,25.7982158
1681241325.0623012,25,0,25.7942581
1681241326.054355,25,0,25.7731018
1681241327.08533,25,0,25.7664222
1681241328.1190646,25,0,25.7473144
1681241329.0989406,25,0,25.7375717
1681241330.0813653,25,0,25.7194156
1681241331.0527668,25,0,25.704174
1681241332.0446043,25,0,25.6840305
1681241333.0295107,25,0,25.6705398
1681241334.0229368,25,0,25.6721916
1681241335.0119243,25,0,25.6469383
1681241335.9973805,25,0,25.6406688
1681241336.990026,25,0,25.6232624
1681241337.9720693,25,0,25.614994
1681241338.962801,25,0,25.5933723
1681241339.9419136,25,0,25.5874099
1681241340.93742,25,0,25.5720825
1681241341.9271698,25,0,25.5475559
1681241342.9123755,25,0,25.5420837
1681241343.8935604,25,0,25.5135898
1681241344.8804257,25,0,25.512022
1681241345.8658414,25,0,25.4949417
1681241346.8509102,25,0,25.4860496
1681241347.8375535,25,0,25.4740219
1681241348.8154917,25,0,25.4624996
1681241349.7970788,25,0,25.4485397
1681241350.77465,25,0,25.4202003
1681241351.7702951,25,0,25.4054298
1681241352.7490785,25,0,25.3946304
1681241353.7339935,25,0,25.3686618
1681241354.7259471,25,0,25.3639087
1681241355.7181363,25,0,25.3601112
1681241356.6963093,25,0,25.347578
1681241357.6894004,25,0,25.3264255
1681241358.675299,25,0,25.3191967
1681241359.6524205,25,0,25.313816
1681241360.628985,25,0,25.2918529
1681241361.608424,25,0,25.2768726
1681241362.581059,25,0,25.2682685
1681241363.5585384,25,0,25.2501487
1681241364.5538294,25,0,25.2322101
1681241365.5407453,25,0,25.22929
1681241366.5136127,25,0,25.2125053
1681241367.4969246,25,0,25.2072544
1681241368.5328245,25,0,25.1998195
1681241369.5131288,25,0,25.1804065
1681241370.4956443,25,0,25.1817569
1681241371.4870057,25,0,25.157587
1681241372.4769807,25,0,25.1533393
1681241373.4769256,25,0,25.1412086
1681241374.4560955,25,0,25.1209526
1681241375.4397078,25,0,25.1179141
1681241376.4118192,25,0,25.104639
1681241377.4057782,25,0,25.0846405
1681241378.3839476,25,0,25.0773067
1681241379.3601055,25,0,25.0643157
1681241380.3534284,25,0,25.0483741
1681241381.3685985,25,0,25.0499629
1681241382.3417866,25,0,25.0443439
1681241383.328442,25,0,25.0319271
1681241384.3012464,25,0,25.0185413
1681241385.284777,25,0,25.0150985
1681241386.2698545,25,0,25.0011959
1681241387.243989,25,0.006289587924000548,24.9878902
1681241388.2242744,25,0.012126265524000774,24.9771175
1681241389.2008932,25,0.01795782843200077,24.9667434
1681241390.1836922,25,0.026962276719999973,24.9506759
1681241391.1624675,25,0.029080186652000423,24.9484386
1681241392.1395774,25,0.03935083154800013,24.9306278
1681241393.1240711,25,0.044199713738000614,24.9239273
1681241394.119986,25,0.048888543130000905,24.9177856
1681241395.105981,25,0.048487723129999716,24.9217185
1681241396.115101,25,0.05852200007400064,24.9054908
