t,i,temp_desired,temp_tc,therm_res,therm_temp
1682528624.4640758,10,0.6183112729531047,10.5131874,978.716003,5.981369226756106
1682528626.2891965,10,0.6155245094110728,10.5074691,978.721863,5.983374190603869
1682528627.7852323,10,0.6462846970270536,10.5273494,978.725952,5.984773214055396
1682528629.280197,10,0.6597651029250364,10.5363454,978.728882,5.985775691861013
1682528630.7771938,10,0.6825741211455135,10.5513191,978.733154,5.987237322481428
1682528632.274233,10,0.7123894291455134,10.5720176,978.752136,5.993731825345384
1682528633.7661982,10,0.7182532448955127,10.5750741,978.763611,5.99765785373204
1682528635.2641926,10,0.7507568333955137,10.5965862,978.780884,6.0035675545025065
1682528636.7591965,10,0.7704823778510165,10.6100416,978.787354,6.005781156320211
1682528638.2551942,10,0.7794250410251152,10.6145601,978.799744,6.010020167339512
1682528639.752191,10,0.7900802715251138,10.619523,978.811768,6.014133933864125
1682528641.2491884,10,0.802423507525115,10.6257696,978.816284,6.015678985031477
1682528642.746184,10,0.8085776667457886,10.6274709,978.827698,6.0195840217927525
1682528644.2431822,10,0.8080741266029219,10.623702,978.831482,6.020878625326777
1682528645.7401798,10,0.8061677458529212,10.6184015,978.842163,6.024532856808205
1682528647.253171,10,0.8192689242725888,10.6242656,978.839722,6.023697732638866
1682528648.750129,10,0.8083740398511137,10.6130561,978.842407,6.024616334958435
1682528650.2461278,10,0.8019208502499916,10.6037635,978.841675,6.024365900478009
1682528651.7421277,10,0.779986247770929,10.5829801,978.832825,6.021338099530827
1682528653.2381265,10,0.7686892205209283,10.5692977,978.835144,6.022131487270746
1682528654.735165,10,0.7386173607709278,10.5421915,978.822937,6.0179551581098885
1682528656.23316,10,0.7169339789632716,10.5203933,978.820801,6.017224374947472
1682528657.7440786,10,0.7018093228250885,10.5040264,978.808594,6.01304801678373
1682528659.2380815,10,0.677974129503437,10.481759,978.795105,6.008433021640035
1682528660.7350807,10,0.6505622827534377,10.4563751,978.777466,6.00239814041806
1682528662.2300804,10,0.6444565944026851,10.4469366,978.756592,5.995256392859107
1682528663.724086,10,0.6126334742586668,10.4195775,978.753601,5.994233058070905
1682528665.219088,10,0.6062591290086665,10.4099321,978.733032,5.98719558119944
1682528666.7140892,10,0.5858613890576332,10.3914203,978.717224,5.981786985050876
1682528668.2430024,10,0.5734270915834596,10.3780822,978.706787,5.978216016130177
1682528669.7399974,10,0.5576482251254674,10.3628787,978.678345,5.96848463219677
1682528671.2370384,10,0.5439335436254688,10.349123,978.658813,5.961801712612666
1682528672.7310011,10,0.5202333671497519,10.3280916,978.647827,5.958042799185461
1682528674.2260013,10,0.510170216005635,10.3167371,978.631042,5.952299691036079
1682528675.719009,10,0.5075656220056368,10.3119592,978.614441,5.946619493888608
1682528677.2170038,10,0.5014657556371426,10.3051948,978.59729,5.940751060814239
1682528678.7159953,10,0.4871587946715421,10.2920751,978.582214,5.935592575161773
1682528680.2129922,10,0.49734112242154144,10.2969093,978.562622,5.928888814262328
1682528681.7099893,10,0.49013713017154287,10.2902421,978.549011,5.924231524387651
1682528683.2069843,10,0.47092736967154214,10.273529,978.539307,5.920911077976586
1682528684.7040234,10,0.4775316161715426,10.2754478,978.536133,5.919825017612227
1682528686.19998,10,0.48241291727043256,10.2777566,978.518127,5.913663800467438
1682528687.6969793,10,0.47139651389378096,10.2680997,978.509766,5.91080285048041
1682528689.2109706,10,0.49778781141735784,10.285592,978.513,5.911909455401557
1682528690.70693,10,0.5149767827535352,10.2984914,978.512207,5.911638108096626
1682528692.2029269,10,0.5294113947287014,10.3088531,978.502014,5.90815027652533
1682528693.7009647,10,0.5473594380058008,10.3215751,978.507935,5.910176321075368
1682528695.198915,10,0.5633037712557999,10.3329191,978.50592,5.909486830126679
1682528696.6949563,10,0.5982048780058014,10.3583545,978.502869,5.908442840317857
1682528698.1929502,10,0.6295928940057995,10.3822736,978.508545,5.91038505021248
1682528699.7018733,10,0.6338332732557999,10.3854703,978.513367,5.912035034761986
1682528701.1979148,10,0.6613595580057996,10.4043169,978.518494,5.9137893795161105
1682528702.6948695,10,0.6834206550058005,10.4203548,978.523987,5.915668956452233
1682528704.1899133,10,0.6985279132558001,10.4308099,978.531494,5.918237669294065
1682528705.6879082,10,0.7115351040058,10.4391193,978.527588,5.916901132247158
1682528707.185904,10,0.7060793208611378,10.4333095,978.535889,5.919741527080399
1682528708.6778698,10,0.724627895293018,10.4443035,978.544373,5.922644528142593
1682528710.1908276,10,0.7246957756338421,10.4428119,978.534241,5.919177623557544
1682528711.687822,10,0.7243961071858057,10.4399509,978.545959,5.923187214193643
1682528713.186812,10,0.7368719784358065,10.4466047,978.538818,5.920743754985743
1682528714.684806,10,0.7307783994229511,10.4401235,978.538818,5.920743754985743
1682528716.1788108,10,0.7267574849230198,10.4340162,978.545837,5.923145469127609
1682528717.6738548,10,0.7245306584230203,10.4293346,978.539063,5.920827587573129
1682528719.1708114,10,0.725486485459944,10.4272336,978.545471,5.923020233914641
1682528720.6808164,10,0.7134674568817626,10.4155378,978.535156,5.9194907132511805
1682528722.1747782,10,0.7127705995090152,10.4116191,978.532715,5.918655464918313
1682528723.671773,10,0.6964112387590167,10.3966159,978.534546,5.9192819868040925
1682528725.1677742,10,0.6829264195927535,10.3828973,978.520691,5.914541142455215
1682528726.6648085,10,0.6725106307248978,10.3716344,978.525696,5.916253735513195
1682528728.162765,10,0.6709081319748974,10.3673095,978.49884,5.90706419654463
1682528729.660759,10,0.6671366332248988,10.3620023,978.49231,5.9048297545347985
1682528731.1747088,10,0.6527296210299673,10.3485908,978.485229,5.902406762800563
1682528732.670708,10,0.6459235507502835,10.3403234,978.4776,5.899796245954158
1682528734.1677046,10,0.6359060023669006,10.3300991,978.463745,5.895055270847883
1682528735.6656988,10,0.6044073441169007,10.3035821,978.458557,5.893280006157782
1682528737.1607013,10,0.6039300681169008,10.2991104,978.437622,5.88611628190782
1682528738.6567028,10,0.5811962466168997,10.279891,978.433716,5.884779684092854
1682528740.153697,10,0.5635370668574567,10.2633018,978.417114,5.8790986018770175
1682528741.6507308,10,0.5677810014731263,10.2634954,978.40332,5.874378361847835
1682528743.1437447,10,0.5521023954731268,10.2502136,978.380737,5.866650500479718
1682528744.6406982,10,0.5512114449731254,10.2469282,978.37262,5.863872857247176
1682528746.1367,10,0.544110773629864,10.2399072,978.363525,5.86076052873766
1682528747.633694,10,0.5446456039329697,10.2383136,978.347168,5.855163093745741
1682528749.1287332,10,0.549409415682969,10.2404117,978.341858,5.853345979618423
1682528750.6276894,10,0.5530458356829694,10.2419824,978.320862,5.846160975606601
1682528752.153607,10,0.5466516680310569,10.2359218,978.323364,5.847017184435012
1682528753.6496062,10,0.5430845668181244,10.2313594,978.313293,5.843570783587946
1682528755.1456058,10,0.5472410165681241,10.2327709,978.306396,5.841210548821545
1682528756.6445987,10,0.5571274355681238,10.2390308,978.299561,5.83887152340707
1682528758.1415956,10,0.5810063593181243,10.2562341,978.294189,5.837033150081761
1682528759.6405876,10,0.5812942273181229,10.2565584,978.290344,5.835717334516637
1682528761.137584,10,0.592496059033937,10.263585,978.277466,5.831310275612708
1682528762.6348662,10,0.5806612531929511,10.2538223,978.275024,5.830474580801555
1682528764.1298273,10,0.5944429974429523,10.2618875,978.272339,5.829555726029066
1682528765.6250207,10,0.6009831024429529,10.2660636,978.273438,5.82993182352738
1682528767.1200588,10,0.6135223552426993,10.2743921,978.268921,5.828386023885509
1682528768.6180167,10,0.6305634223248678,10.2864398,978.272583,5.829639227219746
1682528770.116009,10,0.6485900045748668,10.2994899,978.281433,5.832667849801845
1682528771.6130497,10,0.6592045130748683,10.3069734,978.276489,5.8309759293634675
1682528773.1269574,10,0.6609874771539258,10.3072404,978.265747,5.8272998212725
1682528774.6229568,10,0.6803776344298242,10.3201417,978.276367,5.830934178848373
1682528776.1199543,10,0.7039437027208627,10.337264,978.267944,5.828051676252192
1682528777.6169925,10,0.7038171492208649,10.336811,978.2677,5.827968174873786
1682528779.1129918,10,0.7139379244708638,10.3424911,978.264282,5.826798470101623
1682528780.608996,10,0.716282053970864,10.3428354,978.27002,5.828762122006576
1682528782.104038,10,0.706015297943312,10.3332233,978.276978,5.831143273616566
1682528783.6154616,10,0.7158445449826053,10.3378524,978.258972,5.8249812830123755
1682528785.1124163,10,0.7117326986533611,10.3332605,978.259216,5.825064784743773
1682528786.6084158,10,0.695750016403362,10.3189229,978.243774,5.819780200795139
1682528788.1044168,10,0.6966391727481642,10.3165149,978.25177,5.8225166086091535
1682528789.5964682,10,0.6875501662860231,10.3076601,978.245239,5.8202815569468465
1682528791.0934393,10,0.6779765370360235,10.2979097,978.230774,5.815331291027487
1682528792.5894213,10,0.6681786257933789,10.2879915,978.23053,5.815247788145531
1682528794.1003828,10,0.6797735697387018,10.2941808,978.221985,5.812323469925917
1682528795.5984182,10,0.6645502756800266,10.2816047,978.220398,5.811780356478822
1682528797.0934193,10,0.6458138206800249,10.2647628,978.216919,5.810589749043043
1682528798.5913708,10,0.6458116527977517,10.2617616,978.184204,5.799393697371942
1682528800.0883677,10,0.6412291215019453,10.2565565,978.176147,5.796636323713261
1682528801.5863616,10,0.6268944967519452,10.2438383,978.174377,5.796030569338946
1682528803.0813656,10,0.6195694650019455,10.2357931,978.161499,5.791623262834339
1682528804.595316,10,0.5970272799773807,10.2167215,978.155029,5.789408989909
1682528806.0923119,10,0.5976215888132437,10.2142543,978.122498,5.778275575210708
1682528807.5883112,10,0.5792337286279461,10.1989669,978.13623,5.782975238512743
1682528809.0863054,10,0.5902008946279452,10.2047224,978.118469,5.776896677387151
1682528810.5843012,10,0.5988213511279452,10.2105798,978.0979,5.769857035206008
1682528812.0802987,10,0.5868681878779459,10.2009153,978.090271,5.767246028493265
1682528813.5773392,10,0.5718360316279467,10.1875829,978.083252,5.76484378427371
1682528815.076287,10,0.5547002952243588,10.1724348,978.070129,5.760352431556181
1682528816.5732837,10,0.5766183705940926,10.1865873,978.056763,5.755777882621896
1682528818.0682878,10,0.5721593558440943,10.1834535,978.044312,5.751516468209586
1682528819.5642855,10,0.5742430553440941,10.1837034,978.037903,5.749322947226453
1682528821.0633209,10,0.5822246258440943,10.1887006,978.03363,5.7478604820341594
1682528822.5602746,10,0.5786533861693169,10.1854095,978.029724,5.746523622600336
1682528824.0552766,10,0.5914381628814716,10.1936922,978.019775,5.743118487128504
1682528825.5662773,10,0.6047429239851198,10.2033662,978.013672,5.7410296719103915
1682528827.0632312,10,0.6028665478466062,10.2016696,978.002625,5.737248705566953
1682528828.560228,10,0.6116632560360713,10.2070102,977.995728,5.73488811552069
1682528830.0572276,10,0.6181565983314692,10.2112197,977.995605,5.734846017062042
1682528831.5542216,10,0.6169252250814702,10.2094793,977.995483,5.7348042608648
1682528833.0502207,10,0.6274569770814709,10.216072,977.97821,5.728892311395764
1682528834.5472198,10,0.6421858490814696,10.2265424,977.970337,5.726197639842215
1682528836.061211,10,0.6497320543314702,10.2318935,977.984497,5.731044139407413
1682528837.5571704,10,0.642648139331469,10.2257308,977.971252,5.726510815077629
1682528839.0541654,10,0.6558328633314708,10.2338304,977.968201,5.725466554817904
1682528840.550165,10,0.6580199308314713,10.234889,977.973816,5.727388389533044
1682528842.0471616,10,0.6735400835814699,10.2453489,977.953857,5.720557039152143
1682528843.545202,10,0.6704889898314699,10.2426099,977.959717,5.72256274334478
1682528845.0401592,10,0.6802918218444365,10.2483854,977.949341,5.719011342410461
1682528846.5511186,10,0.6820040457097584,10.248785,977.953613,5.720473525065626
1682528848.0461638,10,0.6707521877994714,10.2389392,977.952881,5.720222982746826
1682528849.542161,10,0.6825210342734447,10.245573,977.945496,5.717695306978382
1682528851.0391169,10,0.676485007459394,10.2402448,977.935364,5.714227396404875
1682528852.5351164,10,0.6565040887093956,10.2233543,977.931152,5.712785737294905
1682528854.0341058,10,0.684777998209395,10.2418642,977.927368,5.711490569051551
1682528855.5311024,10,0.6767417819593949,10.2361173,977.91449,5.707082735020057
1682528857.027105,10,0.665959376225862,10.2261648,977.912415,5.7063725091501
1682528858.5241005,10,0.6576155450255882,10.2176923,977.912781,5.706497782777019
1682528860.0221348,10,0.6648048545255891,10.2211122,977.895264,5.700502079924922
1682528861.5200884,10,0.6520685247755893,10.2105779,977.891724,5.69929040575752
1682528863.0150907,10,0.6510696590255886,10.2076835,977.879211,5.695007428968636
1682528864.5100915,10,0.6466971702606326,10.2029705,977.86615,5.6905368538473935
1682528866.0021014,10,0.6292613382379562,10.1882591,977.859985,5.688426661364425
1682528867.5320516,10,0.604695084806172,10.1673021,977.845642,5.683517230514167
1682528869.0260146,10,0.5955018961769593,10.1575946,977.840698,5.681824952778465
1682528870.523055,10,0.6070614212455564,10.164525,977.822571,5.6756202420158814
1682528872.021007,10,0.593305923245557,10.15386,977.820923,5.675056143580571
1682528873.5170467,10,0.5908098692455579,10.1501464,977.818176,5.674115864422779
1682528875.0120087,10,0.5957066789405602,10.1526575,977.793762,5.665759065569155
1682528876.5070105,10,0.5837174779329569,10.1429929,977.787598,5.663649141352301
1682528878.0199635,10,0.5941838671751695,10.1491928,977.777039,5.660034803245471
1682528879.5160043,10,0.5943369321430543,10.1490201,977.77179,5.658238067437116
1682528881.012959,10,0.5843087602519658,10.140624,977.755371,5.652617804502535
1682528882.5089605,10,0.5819767698429623,10.1373062,977.759033,5.653871319728473
1682528884.0019662,10,0.5923881603429632,10.1440734,977.742981,5.6483766482857956
1682528885.4999604,10,0.6134026840929633,10.1597013,977.733643,5.645180189424537
1682528886.993966,10,0.6066007677419322,10.1551017,977.72229,5.641293963313997
1682528888.5089152,10,0.6057754849396062,10.1531724,977.726379,5.642693664409732
1682528890.0059516,10,0.6113641804989627,10.1563444,977.71167,5.6376586298276905
1682528891.5009139,10,0.6083947849989626,10.153511,977.711792,5.637700391768713
1682528892.9939213,10,0.6126071417780141,10.1555681,977.705139,5.635422993134058
1682528894.4909182,10,0.6069208730509148,10.1505937,977.705139,5.635422993134058
1682528895.987913,10,0.6234304265509145,10.1617298,977.70105,5.6340232776283035
1682528897.4819207,10,0.6432832208948189,10.176774,977.696228,5.632372643550384
1682528898.9918814,10,0.6332370868017506,10.1695652,977.689392,5.630032584148091
1682528900.4888763,10,0.6401291833909182,10.1731538,977.681641,5.627379297935608
1682528901.985916,10,0.6532698096409189,10.1823987,977.679077,5.626501599205655
1682528903.4839108,10,0.6525637176409195,10.181672,977.666809,5.622302049000908
1682528904.977872,10,0.6528671730951852,10.1808195,977.673462,5.624579489947607
1682528906.4768653,10,0.6394055526785102,10.1695795,977.662903,5.620964951886508
1682528907.97386,10,0.6336211326785104,10.163248,977.672607,5.624286808559808
1682528909.4858596,10,0.6304729921210211,10.1593694,977.658752,5.619543983898816
1682528910.9798226,10,0.6393028018211205,10.1647777,977.651978,5.617225105884791
1682528912.4768183,10,0.6331073903060135,10.1596736,977.641968,5.613798465296995
1682528913.9748573,10,0.6332665553060128,10.15843,977.640625,5.613338725939076
1682528915.4738472,10,0.6447763793060133,10.1660928,977.638672,5.612670169213004
1682528916.9658556,10,0.6379774485560138,10.1607255,977.625427,5.608136085006539
1682528918.462852,10,0.6297415270581819,10.1531448,977.626892,5.6086375914110995
1682528919.9727726,10,0.6215890825696001,10.1454296,977.626038,5.608345245741406
1682528921.4688141,10,0.6109750493400116,10.1359224,977.609375,5.6026410577147425
1682528922.9657707,10,0.6241798658400125,10.1442422,977.610962,5.603184332003661
1682528924.4627652,10,0.6223649933671941,10.1428222,977.601624,5.599987668587965
1682528925.960761,10,0.619472438063968,10.1397066,977.608948,5.602494883653923
1682528927.4568012,10,0.6326412898139666,10.1485557,977.589478,5.595829725128428
1682528928.9537983,10,0.6294741125639677,10.1461305,977.584961,5.594283413053752
1682528930.4657557,10,0.647095112813967,10.1583595,977.581299,5.593029792056711
1682528931.9607146,10,0.6240145873139681,10.1411838,977.569031,5.588830042801277
1682528933.451728,10,0.6309288103139684,10.144042,977.564087,5.5871375381596335
1682528934.9497664,10,0.6321576689989703,10.1444206,977.566589,5.587994061039795
1682528936.4447231,10,0.6327973154160909,10.1441211,977.560547,5.58592566948008
1682528937.9387703,10,0.6230759226660908,10.1359567,977.552979,5.583334865282238
1682528939.4317775,10,0.6282252925563299,10.1383352,977.541504,5.579406533438158
1682528940.9446914,10,0.6000733585396667,10.116538,977.541138,5.579281237265498
1682528942.4427257,10,0.6156122326260761,10.1256341,977.534424,5.5769827674647505
1682528943.9406776,10,0.5986213621260766,10.1129474,977.529907,5.5754364141206185
1682528945.4356797,10,0.6171045976260783,10.1250858,977.514832,5.570275602216818
1682528946.9336753,10,0.5967303675564521,10.1101484,977.51001,5.568624819130901
1682528948.4307144,10,0.6177557372460044,10.1240005,977.505493,5.567078447484407
1682528949.9276676,10,0.611365683996006,10.1197385,977.507324,5.567705281296286
1682528951.4386687,10,0.6172747585585016,10.1231241,977.506836,5.5675382169596315
1682528952.9356234,10,0.6242183848035849,10.1279621,977.495178,5.5635471477544
1682528954.4326205,10,0.6220461277193923,10.126049,977.488342,5.561206860278571
1682528955.9266276,10,0.6240474981285036,10.1266698,977.480835,5.558636848698068
1682528957.4236217,10,0.6217035726285045,10.1242446,977.476501,5.557153105237264
1682528958.920619,10,0.6224466726285031,10.1238832,977.47229,5.555711467799509
1682528960.4166179,10,0.6183254621002052,10.1200571,977.473022,5.555962068486831
1682528961.9315684,10,0.6454662675663745,10.1394844,977.457336,5.55059193647701
1682528963.4276028,10,0.6465085433125103,10.1412191,977.46167,5.552075693723997
1682528964.9205751,10,0.6360350242511154,10.1327047,977.455383,5.549923320344169
1682528966.4185672,10,0.6557300871864693,10.1460132,977.447205,5.547123547603399
1682528967.9125745,10,0.6499907804364695,10.1420679,977.449951,5.54806365350576
1682528969.4095688,10,0.6501662504364695,10.1410408,977.44104,5.545012926551584
1682528970.908562,10,0.6522055371864675,10.1416873,977.437317,5.5437383343357975
1682528972.4215574,10,0.6452338424364691,10.1356935,977.432434,5.542066605414368
1682528973.9185126,10,0.6401267406864689,10.1305379,977.435242,5.543027944175925
1682528975.4165053,10,0.6227204879364692,10.1162223,977.411926,5.5350455061426125
1682528976.9075203,10,0.6336618606864696,10.1225137,977.409546,5.534230687097226
1682528978.4015238,10,0.6289260118118769,10.1188335,977.410522,5.53456483149171
1682528979.9214606,10,0.6353073107421671,10.1226291,977.402771,5.531911186557459
1682528981.4214485,10,0.628252581048724,10.116949,977.387695,5.52674971417764
1682528982.911463,10,0.6219472442570726,10.1110429,977.391418,5.5280243370589375
1682528984.4164383,10,0.6294555868224679,10.1155319,977.375488,5.522570455085717
1682528985.925404,10,0.620178324627443,10.108283,977.367126,5.519707578146921
1682528987.4174123,10,0.6084105040127701,10.098174,977.366028,5.5193316577823825
1682528988.9144468,10,0.6170169727924697,10.1031789,977.355347,5.515674811808862
1682528990.4163926,10,0.6070090980424707,10.0955095,977.357788,5.516510536820874
1682528991.9124339,10,0.6103168042924713,10.0967683,977.353149,5.514922281844818
1682528993.4113832,10,0.613510933542469,10.0987415,977.34137,5.510889488176594
1682528994.9084222,10,0.6116548140424694,10.0969638,977.337158,5.50944741391035
1682528996.4023874,10,0.611866649330388,10.0964212,977.329956,5.50698163812559
1682528997.898386,10,0.619309716096552,10.1014337,977.328857,5.506605368611492
1682528999.3934274,10,0.6255989655965531,10.1060514,977.318604,5.503094993774092
1682529000.8883886,10,0.6177849839256663,10.0999946,977.321106,5.503951618600727
1682529002.4023485,10,0.6096765860014868,10.0927686,977.304016,5.49810039155625
1682529003.952237,10,0.6182259789552264,10.0980262,977.297485,5.495864312991336
1682529005.444248,10,0.6098560837550584,10.0916309,977.295044,5.495028563542644
1682529006.9382107,10,0.5984272749975573,10.0819196,977.286194,5.491998492723727
