t,i,temp_desired,temp_tc
1681160974.5499089,25,1.3435242519080064,22.3720283
1681160975.5227876,25,1.4112773732819968,22.3396377
1681160976.4991803,25,1.4709067965940048,22.3256416
1681160977.4769635,25,1.514871202673996,22.340784
1681160978.4531524,25,1.560157836345999,22.3528156
1681160979.4411182,25,1.5877943349700057,22.3998832
1681160980.4178305,25,1.6028523349700068,22.47093
1681160981.3961203,25,1.5915209230139977,22.5871162
1681160982.382538,25,1.572793579686004,22.7145271
1681160983.3617587,25,1.5322835067760003,22.8791103
1681160984.3491192,25,1.4705523040400026,23.0770301
1681160985.3449569,25,1.399251766040004,23.2881069
1681160986.3150594,25,1.3203414797740047,23.5039157
1681160987.2947273,25,1.2192519284340015,23.7551422
1681160988.2648568,25,1.109992789202001,24.0125274
1681160989.2443244,25,0.9960753436660008,24.2687072
1681160990.234464,25,0.8726640561140006,24.5338764
1681160991.221226,25,0.7416339001140001,24.8037853
1681160992.2042077,25,0.604660202594001,25.074789
1681160993.1835213,25,0.4753094156099995,25.3210468
1681160994.1591067,25,0.33914150921600195,25.5712413
1681160995.1357176,25,0.20758529752000054,25.8027572
1681160996.172588,25,0.0649919419579984,26.0442123
1681160997.161959,25,0,26.2406902
1681160998.1372678,25,0,26.4406261
1681160999.1323268,25,0,26.6083793
1681161000.1066744,25,0,26.7455673
1681161001.0877385,25,0,26.8934783
1681161002.0743437,25,0,27.0088405
1681161003.0441175,25,0,27.1275367
1681161004.012161,25,0,27.2095298
1681161004.9853423,25,0,27.2869644
1681161005.974627,25,0,27.3420619
1681161006.9603875,25,0,27.3955535
1681161007.95076,25,0,27.4298839
1681161008.9274766,25,0,27.4795398
1681161009.9238412,25,0,27.51124
1681161010.9237394,25,0,27.5409774
1681161011.909695,25,0,27.5681953
1681161012.8801627,25,0,27.5789012
1681161013.853225,25,0,27.6052722
1681161014.8441727,25,0,27.6152305
1681161015.839484,25,0,27.6199417
1681161016.8351676,25,0,27.6156558
1681161017.8124921,25,0,27.6169147
1681161018.7923696,25,0,27.616249
1681161019.7810733,25,0,27.613079
1681161020.76114,25,0,27.5967884
1681161021.750967,25,0,27.5989017
1681161022.7280138,25,0,27.5835037
1681161023.7143161,25,0,27.5765399
1681161024.6944523,25,0,27.5651779
1681161025.681154,25,0,27.5431251
1681161026.6602714,25,0,27.5193443
1681161027.643231,25,0,27.5056743
1681161028.6293964,25,0,27.4887733
1681161029.6056237,25,0,27.4731712
1681161030.5861819,25,0,27.462038
1681161031.562735,25,0,27.4390029
1681161032.5409229,25,0,27.4136161
1681161033.5257962,25,0,27.3958377
1681161034.5127094,25,0,27.3654766
1681161035.5020335,25,0,27.3479328
1681161036.4789891,25,0,27.3341007
1681161037.4686437,25,0,27.3092784
1681161038.474623,25,0,27.2813949
1681161039.454885,25,0,27.2571277
1681161040.4250035,25,0,27.2362709
1681161041.424647,25,0,27.1979827
1681161042.4011502,25,0,27.1660652
1681161043.3872921,25,0,27.1465702
1681161044.37733,25,0,27.1307392
1681161045.3571806,25,0,27.1080265
1681161046.343525,25,0,27.0836715
1681161047.3266513,25,0,27.060009
1681161048.2966394,25,0,27.0459308
1681161049.2932103,25,0,27.0100917
1681161050.279212,25,0,26.9840164
1681161051.2692194,25,0,26.9540576
1681161052.2659054,25,0,26.921257
1681161053.2622662,25,0,26.8999443
1681161054.248568,25,0,26.8693428
1681161055.225402,25,0,26.8505363
1681161056.2117565,25,0,26.8134326
1681161057.1914504,25,0,26.7916259
1681161058.1779537,25,0,26.7648143
1681161059.1744494,25,0,26.7302551
1681161060.1743073,25,0,26.7129173
1681161061.1627607,25,0,26.6743488
1681161062.1533523,25,0,26.6545143
1681161063.1334884,25,0,26.6300544
1681161064.1199613,25,0,26.61734
1681161065.0962386,25,0,26.5737705
1681161066.086436,25,0,26.5466518
1681161067.072862,25,0,26.5268459
1681161068.0728247,25,0,26.5095138
1681161069.0657134,25,0,26.4813823
1681161070.1211114,25,0,26.4466915
1681161071.0921688,25,0,26.4251232
1681161072.0685415,25,0,26.39859
1681161073.058366,25,0,26.3741607
1681161074.051226,25,0,26.3475589
1681161075.0348349,25,0,26.3275814
1681161076.0212193,25,0,26.2934741
1681161077.014276,25,0,26.2726669
1681161078.0007844,25,0,26.2460384
1681161078.9905488,25,0,26.2199802
1681161079.9771056,25,0,26.1941471
1681161080.96341,25,0,26.1826591
1681161081.953619,25,0,26.1562786
1681161082.96995,25,0,26.1400451
1681161083.969704,25,0,26.1074104
1681161084.9587898,25,0,26.0893802
1681161085.9292767,25,0,26.0638294
1681161086.9048204,25,0,26.0369701
1681161087.8757405,25,0,26.0158672
1681161088.861818,25,0,26.0046577
1681161089.8485472,25,0,25.9791908
1681161090.834822,25,0,25.9648685
1681161091.8312685,25,0,25.9293556
1681161092.8208563,25,0,25.9128608
1681161093.8074124,25,0,25.8963394
1681161094.790185,25,0,25.8730316
1681161095.783985,25,0,25.8517436
1681161096.760591,25,0,25.8286361
1681161097.7504778,25,0,25.8061161
1681161098.740048,25,0,25.7694969
1681161099.7198374,25,0,25.757965
1681161100.6996078,25,0,25.7438812
1681161101.6863496,25,0,25.7103633
1681161102.6826077,25,0,25.6911735
1681161103.6624892,25,0,25.6745834
1681161104.6363728,25,0,25.6572551
1681161105.6115713,25,0,25.6316032
1681161106.611778,25,0,25.619934
1681161107.5983162,25,0,25.5872936
1681161108.5882268,25,0,25.5761833
1681161109.5843697,25,0,25.5590076
1681161110.5711877,25,0,25.5283145
1681161111.5608397,25,0,25.507162
1681161112.5793934,25,0,25.495079
1681161113.5735273,25,0,25.4833412
1681161114.5502062,25,0,25.459938
1681161115.5467868,25,0,25.4367923
1681161116.5135767,25,0,25.410696
1681161117.5031173,25,0,25.3979187
1681161118.481799,25,0,25.3800201
1681161119.4524355,25,0,25.3521938
1681161120.4463663,25,0,25.3418655
1681161121.4487686,25,0,25.3182487
1681161122.434031,25,0,25.3199901
1681161123.4148426,25,0,25.2931919
1681161124.3966324,25,0,25.2739238
1681161125.3900118,25,0,25.2611427
1681161126.3712049,25,0,25.2337799
1681161127.3640773,25,0,25.2234821
1681161128.3505359,25,0,25.2083148
1681161129.3388414,25,0,25.1897964
1681161130.3167026,25,0,25.1801223
1681161131.301302,25,0,25.1692085
1681161132.293079,25,0,25.1571121
1681161133.293494,25,0,25.1392879
1681161134.278904,25,0,25.1152305
1681161135.2689674,25,0,25.0979881
1681161136.2581055,25,0,25.0719757
1681161137.243901,25,0,25.0606651
1681161138.2221038,25,0,25.0456485
1681161139.2121801,25,0,25.0319499
1681161140.1951272,25,0,25.0170307
1681161141.1808248,25,0,25.0029659
1681161142.1676536,25,0.002432559790000789,24.9953193
1681161143.1609337,25,0.007720592510000517,24.985321
1681161144.130308,25,0.025071193246000885,24.9524898
1681161145.1198883,25,0.0338469226259997,24.9374046
1681161146.106553,25,0.04238108361799997,24.9233531
1681161147.086631,25,0.04911118728200023,24.9133052
1681161148.0636485,25,0.05532825189200003,24.9046287
1681161149.053793,25,0.06961413008400091,24.8807506
1681161150.0479367,25,0.07524239041400091,24.8744411
1681161151.0324912,25,0.08572386841399986,24.8591136
1681161152.0060608,25,0.09877744851000081,24.8392314
1681161152.978812,25,0.10782265678000072,24.8279209
1681161153.9731522,25,0.10981061065199996,24.8306121
1681161155.021521,25,0.12145692309400076,24.8149509
1681161156.002849,25,0.12966968509400076,24.8062744
1681161156.9758282,25,0.13008166916999966,24.8127098
1681161157.9645858,25,0.1385214170420001,24.8035621
1681161158.9538035,25,0.14002016439199916,24.8081245
1681161159.9539857,25,0.1440550663920003,24.8077449
1681161160.9343183,25,0.1432414015759999,24.8165912
1681161161.923851,25,0.1523675495760004,24.8060951
1681161162.9166565,25,0.15335053774600027,24.8115539
1681161163.9202664,25,0.14742837574599932,24.8301906
1681161164.90072,25,0.15150567587399916,24.8287754
1681161165.883264,25,0.1439036839699997,24.8498878
1681161166.8698792,25,0.14952539621000022,24.8447608
1681161167.8566458,25,0.14661634417799912,24.8562374
1681161168.8386698,25,0.1380129959220008,24.8782367
1681161169.8840692,25,0.13877521800199955,24.881668
1681161170.8692133,25,0.13982368683200036,24.8841361
1681161171.8619168,25,0.13784563046400042,24.8923301
1681161172.8521874,25,0.13593554046399997,24.9001445
1681161173.8381438,25,0.12462437977599984,24.9256916
1681161174.821033,25,0.12252890109400073,24.9324989
1681161175.8009608,25,0.11450623509399992,24.9505233
1681161176.7865102,25,0.1064308183139999,24.9679374
1681161177.7768407,25,0.10291258122600026,24.9759216
1681161178.7644475,25,0.10283078122600087,24.977005
1681161179.7482555,25,0.09449936976799915,24.9939041
1681161180.7211375,25,0.08856007615200016,25.0055637
1681161181.704143,25,0.07958108543200018,25.022644
1681161182.688201,25,0.07055059775199948,25.0391635
1681161183.6694732,25,0.06742977295200052,25.043684
1681161184.656323,25,0.06351222274400094,25.0495681
1681161185.645659,25,0.05686549674399928,25.0604438
1681161186.6326032,25,0.05053456064799941,25.0703372
1681161187.6258662,25,0.0635725676679991,25.0425834
1681161188.6033583,25,0.05131180405199959,25.0645637
1681161189.5891907,25,0.055719837732,25.0536365
1681161190.5790884,25,0.04207336224200013,25.0778617
1681161191.555001,25,0.041215068946000424,25.0765647
1681161192.534142,25,0.04521439165800056,25.0660076
1681161193.5153346,25,0.04498722765800035,25.0639057
1681161194.4915662,25,0.04321579937399994,25.0649318
1681161195.4911711,25,0.041405379373999254,25.065916
1681161196.4734886,25,0.038532118958000086,25.0689487
1681161197.4576404,25,0.041697100125999115,25.0602474
1681161198.443421,25,0.03924143076599994,25.0626888
1681161199.4305577,25,0.0356268532300001,25.0672702
1681161200.4099762,25,0.03305015637400002,25.0697212
1681161201.4066656,25,0.03445764837399998,25.0643329
1681161202.3928845,25,0.03657688637399914,25.0577831
1681161203.3765898,25,0.03968116743599949,25.0496501
1681161204.359469,25,0.04193932130799918,25.0434246
1681161205.335406,25,0.04373623647600068,25.0383224
1681161206.321672,25,0.049632561706000784,25.0255241
1681161207.3083618,25,0.044303043834000605,25.0348129
1681161208.2956526,25,0.04939821659400008,25.0236892
1681161209.2859833,25,0.046672028754000686,25.028038
1681161210.2752655,25,0.0500121007539995,25.0205364
1681161211.2541735,25,0.05804713185800005,25.0042972
1681161212.2376802,25,0.06020466519399921,24.9999828
1681161213.2170572,25,0.06362681719399954,24.9934024
1681161214.2111735,25,0.0631153208740007,24.9946365
1681161215.1970441,25,0.06803647005400021,24.9853706
1681161216.1950586,25,0.07057852605399906,24.9810447
1681161217.1825893,25,0.07139166362199949,24.9801864
1681161218.1562214,25,0.076747553414,24.9706306
1681161219.1370122,25,0.084135170086,24.9575271
1681161220.126605,25,0.0796627349559994,24.9677429
1681161221.112643,25,0.0867652321240003,24.9552974
1681161222.095546,25,0.09511977612399948,24.9409503
1681161223.075713,25,0.09384842065199997,24.9456329
1681161224.051964,25,0.1001177728860005,24.9355907
1681161225.041661,25,0.0972826076220003,24.9434528
1681161226.0283687,25,0.09859508362199905,24.9431037
1681161227.0123532,25,0.10199656178199988,24.938713
1681161228.0021305,25,0.11061644875200052,24.9244499
1681161228.9827788,25,0.1082752079040005,24.9318161
1681161229.9669924,25,0.10537207790399981,24.9400215
1681161230.964051,25,0.10133957053599922,24.9500236
1681161231.9517193,25,0.10392005453600028,24.9469833
1681161232.9409924,25,0.1035085285359994,24.9498138
1681161233.9249275,25,0.10882679032800069,24.9414806
1681161234.90598,25,0.10483802252799937,24.951374
1681161235.889468,25,0.1044302284799991,24.9539718
1681161236.8779702,25,0.10822212847999925,24.94845
1681161237.859925,25,0.10410692522999924,24.9583225
1681161238.853901,25,0.10153326425399968,24.9648532
1681161239.8450277,25,0.09672471212599948,24.9754371
1681161240.8320918,25,0.099765946126,24.9705333
1681161241.8156571,25,0.09407974160600024,24.9825916
1681161242.8016336,25,0.09470286218199947,24.9820518
1681161243.7859104,25,0.08484953372199998,25.0016918
1681161244.7704942,25,0.08261970764199987,25.0059185
1681161245.764469,25,0.08470173780199908,25.001688
1681161246.7629259,25,0.08290455380199938,25.0050792
1681161247.750433,25,0.08755751385200002,24.9959335
1681161248.735686,25,0.08280540202799946,25.0052318
1681161249.717199,25,0.08567209959600061,24.9995174
1681161250.6971548,25,0.08944537815599897,24.9922752
1681161251.6861422,25,0.08650582590000021,24.9982242
1681161252.6866713,25,0.0832355979000002,25.0045814
1681161253.661185,25,0.0813164680499992,25.0081005
1681161254.6443353,25,0.0827030244819991,25.0051288
1681161255.6177425,25,0.07884117807200025,25.0123653
1681161256.595694,25,0.08166763069599933,25.0064582
1681161257.5806022,25,0.07678665658399947,25.0156059
1681161258.5600333,25,0.07523702704799999,25.0180072
1681161259.5472994,25,0.07238730944799905,25.022808
1681161260.5377836,25,0.06853414544800032,25.0293407
1681161261.5203388,25,0.0684792371760002,25.0283527
1681161262.5197825,25,0.06818991069600033,25.0278015
1681161263.5114362,25,0.06547602338399931,25.0319709
1681161264.4980874,25,0.06896975630399979,25.0240364
1681161265.4811096,25,0.06775233032000047,25.0254688
1681161266.4674203,25,0.06470669908800063,25.0303649
1681161267.4671674,25,0.06857210991799971,25.0217761
1681161268.4513357,25,0.07207111591800061,25.0142097
1681161269.4292822,25,0.06722394953399999,25.0229988
1681161270.4229064,25,0.06457628401399948,25.0272216
1681161271.4062803,25,0.06452027953400023,25.0262985
1681161272.3901246,25,0.06405878953400002,25.0261745
1681161273.3673432,25,0.0632133791080001,25.0268421
1681161274.3518631,25,0.07123298110800041,25.0103874
1681161275.3458037,25,0.06724710555600062,25.0176639
1681161276.332126,25,0.07230718355600076,25.0072536
1681161277.3191648,25,0.0710768673559996,25.009346
1681161278.298479,25,0.07031110434800007,25.0104656
1681161279.2878723,25,0.06899182177200049,25.0126152
1681161280.268463,25,0.06734799777199998,25.0152912
1681161281.2513633,25,0.06653762465200085,25.0162715
1681161282.234645,25,0.06704846074799968,25.0146808
1681161283.233472,25,0.06678656474800086,25.0146198
1681161284.2163134,25,0.0704765817399996,25.0069656
1681161285.1969259,25,0.06932324004600066,25.0089263
1681161286.173727,25,0.07072145929600022,25.0058975
1681161287.1636643,25,0.06797274958399935,25.0109634
1681161288.1585166,25,0.06708299358400065,25.0122528
1681161289.1457357,25,0.07212009233600045,25.0020961
1681161290.1292372,25,0.0679134903359998,25.0101051
1681161291.1129744,25,0.07255173549599958,25.0007972
1681161292.09199,25,0.07196611354400063,25.0018939
1681161293.09277,25,0.0784794667560005,24.9892826
1681161294.0717423,25,0.07453511475599954,24.9972801
1681161295.0611684,25,0.07707463560399994,24.9924964
1681161296.0549302,25,0.07478975560400052,24.997179
1681161297.041381,25,0.07249410256399932,25.0017032
1681161298.0311084,25,0.07107288208400016,25.0043735
1681161299.017984,25,0.07387063208400002,24.998825
1681161299.994474,25,0.07582019950799967,24.9951152
1681161300.9742823,25,0.0756784228679999,24.995573
1681161301.9639766,25,0.07781339723599986,24.9916324
1681161302.9541101,25,0.07402810319600052,24.9992332
1681161303.9335496,25,0.07877741519599966,24.9901294
1681161304.9163136,25,0.07639107642200024,24.9950923
1681161305.9070034,25,0.08170337631000055,24.9850559
1681161306.8924983,25,0.07848859683799936,24.9918079
1681161307.8828754,25,0.0795262468380001,24.9901275
1681161308.866036,25,0.08189453624799953,24.9859447
1681161309.8712797,25,0.08429713824799925,24.9818649
1681161310.8522027,25,0.08453908379999993,24.9820861
1681161311.824642,25,0.08728735415199966,24.9774761
1681161312.8186352,25,0.09123613966199909,24.9707317
1681161313.7910352,25,0.09393534441400074,24.9666461
1681161314.7690258,25,0.09572692395800021,24.9644412
1681161315.7579434,25,0.09561789118999918,24.9659976
1681161316.750706,25,0.08644955761999933,24.9849281
1681161317.7368555,25,0.08399753312399989,24.9902172
1681161318.720847,25,0.08458459968400038,24.989458
1681161319.6997123,25,0.08307065168399962,24.9927749
1681161320.6865592,25,0.08438260315399976,24.9905185
1681161321.673484,25,0.08692580515399957,24.9859924
1681161322.6586518,25,0.08934977891400056,24.9818592
1681161323.655538,25,0.08472498147399939,24.9914455
1681161324.6326969,25,0.09218569166600005,24.9774131
1681161325.6082911,25,0.08881735721000072,24.9847412
1681161326.579317,25,0.0841546544259997,24.9942913
1681161327.5755947,25,0.08155506136600073,24.9995098
1681161328.545569,25,0.08126046445199908,25.0000953
1681161329.527717,25,0.08370438955599936,24.9953861
1681161330.525344,25,0.0829754315559996,24.9969654
1681161331.5144198,25,0.08597989555600015,24.9913043
1681161332.4979506,25,0.08023441634599981,25.0026893
1681161333.4811988,25,0.07978003812199978,25.0034618
1681161334.4675636,25,0.08089147956200006,25.001192
1681161335.4540575,25,0.07524661014199908,25.0120086
1681161336.4364676,25,0.07633847903800074,25.0094528
1681161337.4171073,25,0.08033137445800065,25.0014114
1681161338.3928525,25,0.07755019528999993,25.0067138
1681161339.3828168,25,0.0742698672900002,25.0127639
1681161340.3599834,25,0.07414922695000004,25.0125122
1681161341.3395898,25,0.07914530765399941,25.0024261
1681161342.3262825,25,0.07190600882400067,25.0162639
1681161343.305529,25,0.07341468919199924,25.0127449
1681161344.2951853,25,0.06844229607199971,25.0218296
1681161345.285863,25,0.07297378407200043,25.0122756
1681161346.2719793,25,0.0704415027920003,25.0166835
1681161347.2488153,25,0.0684043077679997,25.0199718
1681161348.244775,25,0.0679920501679995,25.020008
1681161349.235129,25,0.06630795723999987,25.0225048
1681161350.2348812,25,0.06973789323999945,25.0150432
1681161351.2176352,25,0.07123420123999999,25.0115871
1681161352.1943884,25,0.06739781418000007,25.0185298
1681161353.1734653,25,0.06825021244399955,25.0161972
1681161354.1605208,25,0.06490423644400074,25.0220088
1681161355.1466956,25,0.06885754540400033,25.0135765
1681161356.127224,25,0.06660439940400029,25.0173873
1681161357.1211078,25,0.0725523183940007,25.0052833
1681161358.1095574,25,0.07868717239399965,24.9932823
1681161359.0863354,25,0.08061021359399924,24.98983
1681161360.0695965,25,0.08297251459400048,24.98567
1681161361.0527759,25,0.08534499376199996,24.9816474
1681161362.0383308,25,0.08935332685199938,24.9746303
1681161363.0155296,25,0.08626244523599914,24.9815387
1681161363.9972332,25,0.09012806581200081,24.9747848
1681161364.9840858,25,0.08674171970000077,24.9822559
1681161365.9707131,25,0.08971698570000018,24.9772167
1681161366.965171,25,0.08609647451599971,24.9850463
1681161367.9314895,25,0.08451593790399924,24.9886474
1681161368.907679,25,0.0884984183140008,24.9814147
1681161369.8875544,25,0.09258879260199958,24.9742317
1681161370.8699749,25,0.08819364260199908,24.983675
1681161371.8570724,25,0.0810673576399991,24.9980049
1681161372.8466785,25,0.08309205864799896,24.9941844
1681161373.833213,25,0.08292367064799908,24.9947319
1681161374.8188512,25,0.08143753400799889,24.9977912
1681161375.812337,25,0.08302330949599905,24.9948234
1681161376.7962394,25,0.0800603577659992,25.0007209
1681161377.7773454,25,0.07769300744600015,25.005249
1681161378.7515252,25,0.0761746728759989,25.0079765
1681161379.7513082,25,0.07709721087600034,25.0058956
1681161380.7353377,25,0.0778078924119998,25.0043048
1681161381.7220168,25,0.07909596063600005,25.0016632
1681161382.6983733,25,0.08045495219599981,24.9989852
1681161383.6883943,25,0.08899434950800014,24.9825916
1681161384.684512,25,0.07732063750799953,25.0057106
1681161385.6573539,25,0.08511537418800022,24.9904956
1681161386.637205,25,0.0808713679479991,24.9990215
1681161387.6239989,25,0.08609273745800035,24.9890117
1681161388.6140337,25,0.08124328345800005,24.9987602
1681161389.600316,25,0.08245613891399896,24.9964733
1681161390.5804129,25,0.08549125419400007,24.9907665
1681161391.576709,25,0.08701451067799974,24.9881782
1681161392.570101,25,0.0789851306780002,25.004074
1681161393.546606,25,0.07760235067799913,25.0065765
1681161394.5283737,25,0.08290164003800042,24.996128
1681161395.512388,25,0.08134630563800063,24.9992675
1681161396.498717,25,0.08178543163799898,24.9984512
1681161397.4788244,25,0.08373632237399953,24.9947528
1681161398.4633665,25,0.08219812602200002,24.9979114
1681161399.4481554,25,0.08175319054199963,24.998846
1681161400.435393,25,0.08501457054200035,24.9926185
1681161401.4184346,25,0.08554856578199936,24.9918708
1681161402.4045427,25,0.08688411656599901,24.9896087
1681161403.3911319,25,0.09076662656600047,24.982542
1681161404.3808,25,0.09111586958600065,24.982521
1681161405.357467,25,0.09987213358600039,24.9663543
1681161406.350603,25,0.09859580582600021,24.970066
1681161407.3303268,25,0.09191750182600071,24.9840602
1681161408.3167884,25,0.09239106378600047,24.9837532
1681161409.3060977,25,0.0943294481059992,24.9806385
1681161410.2831213,25,0.0868202258859994,24.995819
1681161411.2688434,25,0.0873451698860006,24.9949703
1681161412.243373,25,0.08162564141000003,25.0061702
1681161413.2188354,25,0.08740222073800054,24.9948177
1681161414.2056458,25,0.08439479103800032,25.000801
1681161415.19528,25,0.08181985103800059,25.005722
1681161416.18543,25,0.07791290249399974,25.0130233
1681161417.1817634,25,0.08027973649400048,25.0079708
1681161418.1714885,25,0.08106539556399964,25.0061569
1681161419.153545,25,0.07730449298799982,25.0131607
1681161420.126374,25,0.07970237972399914,25.0080528
1681161421.1142542,25,0.0817907917239998,25.0037269
1681161422.0974865,25,0.0783611969880006,25.0101852
1681161423.0740898,25,0.07650449258799914,25.01338
1681161424.0631301,25,0.07891182458800043,25.0082359
1681161425.0403452,25,0.0787641066479992,25.008213
1681161426.0235987,25,0.07895533752800003,25.007534
1681161427.0034251,25,0.07718150936799993,25.010662
1681161427.9920523,25,0.07578508410399949,25.0129528
1681161428.9659197,25,0.07656204960800009,25.0109672
1681161429.946168,25,0.07974597710799924,25.004425
1681161430.9318533,25,0.07629671941199911,25.0108947
1681161431.9120736,25,0.08244291000200019,24.9986553
1681161432.9063616,25,0.08060491776199986,25.002243
1681161433.8817642,25,0.07923356477000051,25.0047969
1681161434.8724923,25,0.0731786785100002,25.0162658
1681161435.8479853,25,0.0778552387979997,25.0066509
1681161436.8344798,25,0.07902183414200063,25.0041542
1681161437.826968,25,0.08252239244199902,24.997261
1681161438.8109827,25,0.07464654844200001,25.0125122
1681161439.7941186,25,0.07817781029799986,25.0052433
1681161440.7837203,25,0.07650704428800029,25.0082645
1681161441.7768238,25,0.0723298502880004,25.0159797
1681161442.7563977,25,0.07510299654399916,25.0100383
1681161443.7366903,25,0.07743258915200076,25.0051784
1681161444.7227201,25,0.07873324259200007,25.0024795
1681161445.7130322,25,0.08151630059200077,24.9970321
1681161446.699335,25,0.08796832550200051,24.9847297
1681161447.691663,25,0.08782082887799914,24.9855918
1681161448.6822839,25,0.09676219680799954,24.9689331
1681161449.658053,25,0.09467952031200079,24.9741172
1681161450.6353037,25,0.09025364875999911,24.9836139
1681161451.6151006,25,0.08704462570000085,24.9904098
1681161452.588533,25,0.09127252166799919,24.9826374
1681161453.5693474,25,0.08849381627000076,24.9886283
1681161454.5543716,25,0.0873753342699993,24.9912166
1681161455.5441608,25,0.08918391511999911,24.9880695
1681161456.5302517,25,0.084636144288,24.9972724
1681161457.516489,25,0.08772688534400046,24.9914283
1681161458.503586,25,0.08598310734400051,24.9951114
1681161459.4903114,25,0.08936937361400092,24.9887809
1681161460.4891372,25,0.08396203110199986,24.9996109
1681161461.4629917,25,0.09261705985399987,24.9829711
1681161462.4505942,25,0.09311904106399974,24.9826507
1681161463.4193358,25,0.09111723816800034,24.9871597
1681161464.406016,25,0.09340979154400081,24.9832248
1681161465.3954399,25,0.0918655456560008,24.9868316
1681161466.3720272,25,0.09322724683600031,24.9847106
1681161467.3620527,25,0.0910316268360002,24.989521
1681161468.3517196,25,0.0872323679880003,24.9972286
1681161469.341635,25,0.08511361505600092,25.0014114
1681161470.3116572,25,0.08361253905599958,25.0042438
1681161471.2939448,25,0.08649725246200025,24.9985313
1681161472.284184,25,0.08236595046200021,25.0065326
1681161473.2643642,25,0.08400670559799958,25.0031299
1681161474.2483568,25,0.08508797080799942,25.0009307
1681161475.2341685,25,0.07935629271199932,25.0119247
1681161476.220186,25,0.08291002984799928,25.0046348
1681161477.2005293,25,0.07519306224800067,25.019308
1681161478.1865208,25,0.07277661424800085,25.0232124
1681161479.1759207,25,0.07503122153400076,25.0180053
1681161480.1522074,25,0.07633715089400042,25.0148105
1681161481.1333723,25,0.07946236838200067,25.0082359
1681161482.1256375,25,0.07286987305200054,25.0206089
1681161483.0994651,25,0.0731690799160006,25.0192527
1681161484.078055,25,0.0779393307920007,25.0093498
1681161485.0649343,25,0.08629193079199997,24.9929275
1681161486.058383,25,0.08170701852000098,25.0020179
1681161487.0448034,25,0.08318412452000094,24.9990997
1681161488.0406055,25,0.086576711326,24.9926013
1681161489.0312145,25,0.08968031332600056,24.9869174
1681161490.0270948,25,0.09300767732599993,24.9810218
1681161491.0107205,25,0.08845584913399974,24.9904994
1681161492.0005994,25,0.09272296777400037,24.9826488
1681161492.9973094,25,0.09292615977400068,24.9829254
1681161493.9760897,25,0.08936973273399973,24.9904155
1681161494.9733222,25,0.08418101886199941,25.0007629
1681161496.009592,25,0.08941132628799998,24.9906921
1681161496.992946,25,0.09312158399799965,24.9839057
1681161497.9726317,25,0.09252441057400027,24.9856643
1681161498.959509,25,0.08838769810999972,24.9941673
1681161499.951273,25,0.0825422149699994,25.0056362
1681161500.9356055,25,0.09290445756200023,24.9854831
1681161501.9214537,25,0.09419355956199994,24.9835624
1681161502.9111404,25,0.09090518196400085,24.9905071
1681161503.8847635,25,0.08661300396399932,24.9991264
1681161504.8665423,25,0.08588516702199947,25.0005607
1681161505.8426428,25,0.08801328502200072,24.9964466
1681161506.8336575,25,0.08757174687800005,24.9974308
1681161507.8139038,25,0.09142879882800034,24.9901065
1681161508.8043206,25,0.08619976579800057,25.0005435
1681161509.7907627,25,0.08489357579800104,25.0030345
1681161510.7735891,25,0.08748531616600026,24.9979324
1681161511.762885,25,0.08486067174999956,25.0030612
1681161512.7398748,25,0.08681752969000002,24.9991798
1681161513.7261639,25,0.08648673285800007,24.9998474
1681161514.7057085,25,0.0899044579320009,24.9932727
1681161515.7024925,25,0.08736105593199947,24.9984226
1681161516.6929471,25,0.0849428319320005,25.0031337
1681161517.6853907,25,0.08794794829999941,24.9972324
1681161518.6646729,25,0.08575731405000069,25.0015525
1681161519.6619823,25,0.08359681205000034,25.0056476
1681161520.6481738,25,0.08372253742600089,25.0051918
1681161521.627438,25,0.08202108730600013,25.008274
1681161522.61454,25,0.0818506153060009,25.0082836
1681161523.6011677,25,0.08068746989800031,25.0102081
1681161524.6096287,25,0.07915923189800095,25.0127544
1681161525.6441307,25,0.08141991192400076,25.0079021
1681161526.6163638,25,0.07755486424200024,25.0150489
1681161527.5959823,25,0.07971126121799968,25.0103359
1681161528.572543,25,0.0803769981480004,25.0086631
1681161529.549365,25,0.08205511403600015,25.0051059
1681161530.5261652,25,0.08047416280200048,25.0079593
1681161531.518929,25,0.07917563091400111,25.0101566
1681161532.5125513,25,0.08394650691400093,25.0005912
1681161533.4914532,25,0.07869508896400065,25.0106735
1681161534.480725,25,0.07647457966800116,25.0145511
1681161535.4652371,25,0.07242552096400114,25.0217647
1681161536.4557605,25,0.08226217086800074,25.0020122
1681161537.4417884,25,0.08104094060799953,25.0042858
1681161538.4214149,25,0.08191883868000124,25.0024356
1681161539.4030983,25,0.08187365903200036,25.0024318
1681161540.3902102,25,0.08449199903200108,24.997303
1681161541.3773117,25,0.08645824957200063,24.9936218
1681161542.3674972,25,0.07849456157199967,25.0091819
1681161543.350787,25,0.08231139624400079,25.0014896
1681161544.3437479,25,0.08227018024400021,25.0015125
1681161545.3301632,25,0.08233455363400025,25.0013313
1681161546.3145595,25,0.08026746635400041,25.0052585
1681161547.2931635,25,0.08144555804400073,25.0027923
1681161548.2699375,25,0.0864765058679998,24.9930057
1681161549.253976,25,0.08661119151600023,24.9930114
1681161550.2455683,25,0.0877430530360012,24.9910984
1681161551.2321477,25,0.09105923303600098,24.9850635
1681161552.2120996,25,0.09184667766000058,24.9841041
1681161553.20062,25,0.08281135934999989,25.0020923
1681161554.1817787,25,0.08793092935000056,24.9921665
1681161555.1478477,25,0.08393502270000111,25.0001525
1681161556.1381,25,0.07969657753200025,25.0083026
1681161557.1345382,25,0.08623519753200114,24.995409
1681161558.1108189,25,0.08895641360200117,24.9903469
1681161559.0905926,25,0.0863181350260011,24.9957866
1681161560.0687654,25,0.08615329407599985,24.9962635
1681161561.0603778,25,0.08158696945200122,25.0051918
1681161562.0368495,25,0.0827674145320008,25.0027236
1681161563.004799,25,0.08149522835600012,25.0050716
1681161563.986969,25,0.08545646151600057,24.9972572
1681161564.9723365,25,0.08223645582000083,25.0035572
1681161565.95942,25,0.0892823763960002,24.9898643
1681161566.9459603,25,0.0874598969860005,24.9937553
1681161567.958286,25,0.08669314698600006,24.99547
1681161568.9415464,25,0.0905984635300012,24.9881267
1681161569.93432,25,0.08422147752999978,25.0008468
1681161570.9252412,25,0.08685043235999988,24.9957561
1681161571.915061,25,0.08292933436000087,25.0034599
1681161572.9014244,25,0.08202071309600055,25.0050773
1681161573.881296,25,0.08468528156000053,24.9997577
1681161574.877043,25,0.08546971156000124,24.9982585
1681161575.860788,25,0.08186809397000143,25.0052547
1681161576.850418,25,0.08257153664199969,25.0037021
1681161577.8363028,25,0.08636437096199986,24.9962635
1681161578.823036,25,0.08814493466200142,24.992979
1681161579.820137,25,0.08445196666200014,25.0003509
1681161580.8000696,25,0.08105711112599973,25.0068702
1681161581.7830396,25,0.0839857115060009,25.0009746
1681161582.7796695,25,0.08232210795400005,25.0041389
1681161583.769363,25,0.08045208995400101,25.0075759
1681161584.801249,25,0.0837666528180012,25.0009098
1681161585.791532,25,0.08365823681799993,25.0010833
1681161586.7722478,25,0.08921542243400074,24.9903488
1681161587.7684534,25,0.08197523325000003,25.0046463
1681161588.7473679,25,0.08394056980000106,25.0006885
1681161589.7346303,25,0.07964199868000056,25.008934
1681161590.7168243,25,0.07652328168800017,25.0145969
1681161591.7079053,25,0.08050709568800007,25.0063743
1681161592.6940155,25,0.07283714101800047,25.0208911
1681161593.680723,25,0.07487624340200036,25.0161762
1681161594.6706069,25,0.07467072774800007,25.0159683
1681161595.6471012,25,0.07683685774800081,25.0111885
1681161596.6434944,25,0.08049233757200132,25.0037307
1681161597.639753,25,0.075380275572001,25.0134181
1681161598.6363015,25,0.07420040557200122,25.015171
1681161599.635438,25,0.07776510957200022,25.0077323
1681161600.6129587,25,0.08187993871600045,24.9995212
1681161601.59928,25,0.07993660271600145,25.0032768
1681161602.569307,25,0.08068442183000016,25.0017147
1681161603.5573769,25,0.0813623782939997,25.0003452
1681161604.5419538,25,0.07475688229400067,25.0130348
1681161605.5316396,25,0.07550184103600037,25.0111141
1681161606.5142262,25,0.08030260073200057,25.0014553
1681161607.4973922,25,0.07626757073200036,25.009159
1681161608.480914,25,0.08425389190400077,24.9934406
1681161609.4711468,25,0.08639550390400126,24.9895744
1681161610.4551103,25,0.09217584904600046,24.9788341
1681161611.4406703,25,0.08991313175000128,24.9839897
1681161612.4302237,25,0.0869673651900014,24.9902648
1681161613.416972,25,0.09535846519000074,24.9745025
1681161614.4030416,25,0.0941117406620001,24.9778671
1681161615.3832333,25,0.09153701776600033,24.9836597
1681161616.359776,25,0.09339042560600105,24.9807128
1681161617.3496764,25,0.08804011504600127,24.9917335
1681161618.332934,25,0.10185388504600021,24.9654865
1681161619.3289638,25,0.09969192548600005,24.9709548
1681161620.308758,25,0.09731367543800128,24.9766311
1681161621.2856762,25,0.09928766901799992,24.9737186
1681161622.2813516,25,0.09867094521000105,24.9759006
1681161623.2716558,25,0.09275092277800091,24.9882049
1681161624.2493489,25,0.09249984477800005,24.9891414
1681161625.2276266,25,0.09357609090600066,24.9874744
1681161626.2253113,25,0.09145955778600069,24.9920215
1681161627.2076309,25,0.09374358778599998,24.987936
1681161628.1841936,25,0.09293229167000029,24.9899482
1681161629.1699452,25,0.09644999167000046,24.98357
1681161630.1604989,25,0.09134561042800099,24.9940109
1681161631.156956,25,0.09296914478000139,24.9911136
1681161632.1295533,25,0.09374492477999971,24.9899635
1681161633.1221654,25,0.08553883498000088,25.006134
1681161634.106179,25,0.08786045795600077,25.0014343
1681161635.0824006,25,0.0909089444040012,24.9955139
1681161636.0721633,25,0.09003878589400148,24.9973583
1681161637.0621328,25,0.08692285723800057,25.0034542
1681161638.0489042,25,0.0891099437080014,24.9991149
1681161639.0477836,25,0.08321238570800156,25.0104904
1681161640.0439627,25,0.08741618170800153,25.0020027
1681161641.0284712,25,0.08373906054000142,25.0090026
1681161642.0250187,25,0.09071400054000156,24.995243
1681161643.004213,25,0.08720457292400034,25.0021762
1681161644.0006552,25,0.0845021370339999,25.0072937
1681161644.977728,25,0.0814335781380016,25.0129222
1681161645.9653454,25,0.07839942491599997,25.0182819
1681161646.950282,25,0.07562571303600146,25.0228996
1681161647.930228,25,0.076912596824001,25.0195674
1681161648.916951,25,0.07143109675400035,25.0293731
1681161649.8989098,25,0.06833632784200105,25.0342159
1681161650.8796651,25,0.07274631978800103,25.0244483
1681161651.8693655,25,0.07351398578800108,25.0220317
1681161652.8633687,25,0.07871539610800114,25.0111885
1681161653.8687143,25,0.07547601737200048,25.0169773
1681161654.8507338,25,0.08343937482800104,25.0010108
1681161655.835329,25,0.08055485022000133,25.0065231
1681161656.8154414,25,0.08557481314800158,24.9966144
1681161657.8018208,25,0.0886398051480012,24.9908504
1681161658.7803507,25,0.08745807447800051,24.9934711
1681161659.7679849,25,0.09219176847800063,24.9846
1681161660.741022,25,0.08856585268800111,24.9921607
1681161661.7308538,25,0.08967166419200072,24.9903297
1681161662.7273958,25,0.0931638461920006,24.9839859
1681161663.7039213,25,0.08536485982000028,24.9995994
1681161664.683902,25,0.09438285153200021,24.9822616
1681161665.6702945,25,0.09132179153200135,24.9888305
1681161666.6667187,25,0.08894873556200045,24.9938201
1681161667.6630547,25,0.08514669756199998,25.0013694
1681161668.6395888,25,0.09331011244200063,24.985609
1681161669.6285422,25,0.09185937074600031,24.9889392
1681161670.6153963,25,0.0850673987460002,25.0024261
1681161671.592354,25,0.07919232535400131,25.0136394
1681161672.582151,25,0.08631832474600025,24.9994106
1681161673.5687208,25,0.09259263274600131,24.98736
1681161674.561658,25,0.08797557213800049,24.9967231
1681161675.5435696,25,0.08476897935800025,25.0030174
1681161676.5322046,25,0.08689225292600068,24.9988174
1681161677.5145826,25,0.08344432393400036,25.0054969
1681161678.5043535,25,0.0869862419340011,24.9984741
1681161679.4940417,25,0.07845077023400066,25.014965
1681161680.4673178,25,0.0887113702340013,24.9946575
1681161681.4445426,25,0.08453833296400047,25.0028915
1681161682.439732,25,0.08281122869200117,25.0061054
1681161683.43636,25,0.08527086869199982,25.0011405
1681161684.4466074,25,0.08286483625999999,25.0057201
1681161685.433338,25,0.0824529290120006,25.0062961
1681161686.422809,25,0.08329405101200096,25.0044364
1681161687.3993618,25,0.08847624879600001,24.9942932
1681161688.3858187,25,0.08676906851800113,24.9977931
1681161689.368139,25,0.08963290651800017,24.9923706
1681161690.3486733,25,0.08655272223000096,24.9985866
1681161691.3253715,25,0.08727951102999992,24.99724
1681161692.3007762,25,0.08371690699800081,25.0041999
1681161693.2914352,25,0.08084088497000086,25.0095806
1681161694.278719,25,0.0866002049700001,24.9981365
1681161695.268081,25,0.08501684297000087,25.0012531
1681161696.2607775,25,0.08020068039400075,25.0104732
1681161697.247204,25,0.0881097337040003,24.9948577
1681161698.2236135,25,0.08645748188000106,24.9982318
1681161699.203791,25,0.07938886453000091,25.0119075
1681161700.189645,25,0.0869186305300013,24.9969692
1681161701.1800094,25,0.08531701561800124,25.0001659
1681161702.1763036,25,0.08687892787800038,24.9971542
1681161703.1592376,25,0.08671983767000135,24.9975681
1681161704.1480618,25,0.08358669966999983,25.0036869
1681161705.13583,25,0.08076456656600058,25.0089778
1681161706.1155927,25,0.08382709794600082,25.0027446
1681161707.111041,25,0.09240652805800056,24.9861316
1681161708.0981662,25,0.0910781360580015,24.9892196
1681161709.0783231,25,0.0855036055620012,25.0003547
1681161710.066974,25,0.0839115849420009,25.0034046
1681161711.0506701,25,0.08097106382200074,25.008934
1681161712.0194943,25,0.08706865733200055,24.9968605
1681161713.0098758,25,0.0862393473960001,24.9985752
1681161713.9903708,25,0.0941984017460014,24.9833145
1681161714.9707222,25,0.08953405072200009,24.9929218
1681161715.9469488,25,0.09840075752600005,24.9761142
1681161716.9302711,25,0.084690529782,25.0034008
1681161717.9196277,25,0.09050861682200098,24.9920768
1681161718.916582,25,0.09556865282200042,24.9826507
1681161719.9085095,25,0.09730173811800136,24.9799728
1681161720.8926647,25,0.09908160013400141,24.9773063
1681161721.8721166,25,0.09837981720400071,24.9795169
1681161722.8581223,25,0.09604816058000097,24.9847793
1681161723.852363,25,0.1004596905800014,24.976881
1681161724.8343027,25,0.09073294603599992,24.9964733
1681161725.81859,25,0.09641887189600042,24.9856662
1681161726.8350143,25,0.09453254862600052,24.9898509
1681161727.814482,25,0.09362467273800154,24.9919776
1681161728.811307,25,0.09327630073800042,24.9929561
1681161729.8082957,25,0.08987337873800062,24.9997711
1681161730.807683,25,0.08889708073800119,25.0016574
1681161731.783847,25,0.0939419517640006,24.9918823
1681161732.7697861,25,0.08742043376400076,25.0047359
1681161733.749836,25,0.08746041872799984,25.0044822
1681161734.7387407,25,0.0976133187280014,24.984785
1681161735.7262084,25,0.09265239306400008,24.9949073
1681161736.71967,25,0.09419636306400068,24.992134
1681161737.699885,25,0.09558015224800138,24.9897632
1681161738.689405,25,0.08491494776800111,25.0106735
1681161739.678722,25,0.09140454827800033,24.9977817
1681161740.6559107,25,0.09136890125400039,24.9979343
1681161741.635553,25,0.09240079186200055,24.9960269
1681161742.6220207,25,0.09538735510200148,24.9904308
1681161743.6084323,25,0.08748342787000088,25.0060024
1681161744.6082366,25,0.08352834729400051,25.0133857
1681161745.5812557,25,0.08558841329400003,25.0089092
1681161746.5709887,25,0.09118198781400065,24.9978084
1681161747.5473697,25,0.08666653795600009,25.0065841
1681161748.5267649,25,0.07797388370000102,25.0230617
1681161749.5238078,25,0.08453769370000112,25.009552
1681161750.5104337,25,0.07785927091600006,25.0220413
1681161751.487074,25,0.08167952938600163,25.0138549
1681161752.4733326,25,0.08274893855400119,25.0112724
1681161753.4674804,25,0.0808935875780005,25.0144157
1681161754.4457662,25,0.07613908691799993,25.0230178
1681161755.428736,25,0.07669910883800163,25.0210685
1681161756.40529,25,0.07987789927800137,25.014162
1681161757.3888762,25,0.078940710838001,25.015438
1681161758.3691099,25,0.07741697083799999,25.0177745
1681161759.3515985,25,0.07789184887000157,25.0161876
1681161760.3388047,25,0.0708469027580017,25.0291309
1681161761.328403,25,0.07808905217800002,25.0140914
1681161762.3149598,25,0.07693648837000018,25.0157756
1681161763.3041453,25,0.07672777813000016,25.0155792
1681161764.2751105,25,0.0830870628660003,25.0027523
1681161765.261045,25,0.08450288886600073,24.9999237
1681161766.250352,25,0.09095937801400066,24.9874954
1681161767.2305398,25,0.08396170099000096,25.0014343
1681161768.21039,25,0.08016293572600128,25.0086898
1681161769.2187822,25,0.08506660737400161,24.9989261
1681161770.203328,25,0.08756200556599995,24.9941616
1681161771.182795,25,0.08972376889400127,24.9902229
1681161772.1695323,25,0.0884959337240005,24.9929561
1681161773.157994,25,0.08850389972400094,24.9932117
1681161774.152398,25,0.087124912860001,24.9961223
1681161775.1344435,25,0.08913703399600063,24.9923973
1681161776.1178806,25,0.08774839124600042,24.9953575
1681161777.0952742,25,0.08982939241400165,24.9915237
1681161778.0915198,25,0.08778616241400142,24.995779
1681161779.0817542,25,0.08412835960400017,25.0029773
1681161780.0568178,25,0.08934728160400163,24.9928264
1681161781.0473013,25,0.0871087920840011,24.997404
1681161782.0676625,25,0.08767669416400087,24.996416
1681161783.0473728,25,0.08968977592000159,24.9926738
1681161784.0338483,25,0.08408691835200126,25.0037326
1681161785.0101414,25,0.08589974328000004,25.0001029
1681161786.000211,25,0.08636357523000106,24.9992065
1681161786.9968994,25,0.08792966923000142,24.9962253
1681161787.9698265,25,0.08516114982200015,25.0016956
1681161788.9595885,25,0.09317149139000033,24.9862174
1681161789.9520688,25,0.088031736300001,24.9966297
1681161790.931676,25,0.09514263801200103,24.9830741
1681161791.9221745,25,0.0931367006620017,24.9875755
1681161792.908989,25,0.09871396311000158,24.9773139
1681161793.8885248,25,0.09476692511000027,24.9857769
1681161794.8774028,25,0.09482962298800095,24.9861869
1681161795.858239,25,0.08821172498800073,24.9994449
1681161796.838192,25,0.09069597566000039,24.9946823
1681161797.8347156,25,0.08746815810000051,25.0010948
1681161798.814611,25,0.09401240546000152,24.9884605
1681161799.799605,25,0.08857691146000156,24.9993572
1681161800.797315,25,0.08707174056400073,25.0022792
1681161801.7870872,25,0.09694080123600024,24.9832229
1681161802.7701304,25,0.09607259248400161,24.9855289
1681161803.756455,25,0.08996012293200012,24.9978389
1681161804.7322183,25,0.09099163170200104,24.9959335
1681161805.7031715,25,0.08810298842200036,25.001646
1681161806.688808,25,0.09064674630000069,24.9966869
1681161807.6894515,25,0.08583920430000062,25.0060596
1681161808.6673343,25,0.09120043047000143,24.9955139
1681161809.651787,25,0.0896383691420015,24.9986896
1681161810.6377563,25,0.08631487218200062,25.0051345
1681161811.6651337,25,0.09140545600600113,24.9951534
1681161812.6354482,25,0.09286930592600104,24.9925155
1681161813.6114933,25,0.08295754131600123,25.0118713
1681161814.5912526,25,0.0864831012360005,25.0046405
1681161815.5765526,25,0.08301747916600158,25.0111331
1681161816.5609155,25,0.08269066116600003,25.0113334
1681161817.543442,25,0.08580943870000168,25.0049057
1681161818.5208464,25,0.08882037305200165,24.9989261
1681161819.5033894,25,0.08533630511800139,25.0056743
1681161820.4934235,25,0.08230686711800081,25.0112819
1681161821.4791164,25,0.08175572598200057,25.0119152
1681161822.4633598,25,0.07996011612600022,25.0149192
1681161823.452875,25,0.08062074087600116,25.0130825
1681161824.4529316,25,0.08540054287600028,25.0033874
1681161825.4285233,25,0.0848709998680006,25.0042781
1681161826.3953736,25,0.07587828220400111,25.0214328
1681161827.3723044,25,0.08002675853800073,25.0126457
1681161828.358692,25,0.07450333253800169,25.0227813
1681161829.3403533,25,0.07912028167400101,25.0130424
1681161830.3219683,25,0.08130676791400132,25.0083408
1681161831.3005202,25,0.08176427610800174,25.0071487
1681161832.2778828,25,0.08117359878000134,25.0080146
1681161833.2647707,25,0.09070691606000136,24.9893665
1681161834.24917,25,0.08158355806000035,25.0073204
1681161835.2405894,25,0.08193504777000134,25.0063705
1681161836.2313023,25,0.07909401777000054,25.011589
1681161837.20969,25,0.0838864188260012,25.0019283
1681161838.1898024,25,0.0780359915980006,25.0131206
1681161839.196531,25,0.08624372878200039,24.9968338
1681161840.1764448,25,0.08690673771000064,24.9956779
1681161841.1608129,25,0.09057759797800037,24.9887714
1681161842.1489751,25,0.08722763797800168,24.9956455
1681161843.1384413,25,0.09269363354600152,24.9852924
1681161844.1215773,25,0.08878743354600153,24.99337
1681161845.097284,25,0.0910156310040007,24.9893207
1681161846.0784771,25,0.08798563174399998,24.9955558
1681161847.062069,25,0.09051839587200118,24.9908504
1681161848.044582,25,0.09649548073200125,24.9796962
1681161849.0215378,25,0.09259023826800011,24.9879798
1681161850.0093658,25,0.09333135113600063,24.9870014
1681161850.9841945,25,0.09127045913600063,24.9914646
1681161851.97601,25,0.09045203664000057,24.9933586
1681161852.947356,25,0.09370335890000157,24.9873542
1681161853.9765608,25,0.10123983185800141,24.9733791
1681161854.9533339,25,0.10338934217800028,24.970251
1681161855.9433024,25,0.10140206230399994,24.9751873
1681161856.9350424,25,0.10111878430400165,24.9766864
1681161857.9127116,25,0.09882734209400142,24.9819793
1681161858.8988285,25,0.09670394735800159,24.9867477
1681161859.8847783,25,0.100701615598001,24.979557
1681161860.8758295,25,0.10195384431800063,24.9779224
1681161861.855668,25,0.09718545123000073,24.9879341
1681161862.8480752,25,0.10098346523000157,24.9810943
1681161863.8315551,25,0.09990354021000007,24.983879
1681161864.8208053,25,0.09213842632200031,24.9994316
1681161865.8113995,25,0.09198911432200138,24.9997406
1681161866.817991,25,0.08958379480200102,25.0043735
1681161867.7913861,25,0.09043319324000142,25.0025749
1681161868.7846315,25,0.0836076069520011,25.0156116
1681161869.7695785,25,0.08939013895200187,25.0038909
1681161870.7606301,25,0.08729050376800176,25.0077838
1681161871.7353287,25,0.08734530275800063,25.0073833
1681161872.7235088,25,0.08436810719000133,25.0128326
1681161873.706079,25,0.0793498361820015,25.0220031
1681161874.6766398,25,0.08876442059200183,25.0030555
1681161875.6562343,25,0.09063912231200104,24.9993324
1681161876.6422381,25,0.08408536308000143,25.0119762
1681161877.635646,25,0.08886643908000073,25.0023212
1681161878.6136494,25,0.08485768712000029,25.0099468
1681161879.5885186,25,0.0840559077920014,25.0111198
1681161880.578197,25,0.08560819321200028,25.0077114
1681161881.568354,25,0.08578554620400052,25.0070781
1681161882.5478647,25,0.08106273220400151,25.0158882
1681161883.5409217,25,0.08326113901600163,25.0110626
1681161884.5159204,25,0.08686438301600066,25.0037078
1681161885.49125,25,0.08936122351800085,24.9987621
1681161886.474283,25,0.08540291377400169,25.0064258
1681161887.460342,25,0.08467901725000189,25.0075798
1681161888.436246,25,0.08269314176200096,25.0111141
1681161889.4143517,25,0.0781711819320007,25.0193939
1681161890.3933537,25,0.08180590882800075,25.0116653
1681161891.3830812,25,0.08591188001800029,25.0033245
1681161892.3757765,25,0.08019205401800195,25.0141963
1681161893.3618274,25,0.07609847947400175,25.0215358
1681161894.3426669,25,0.08328911022600202,25.0068836
1681161895.3314302,25,0.0823377302160015,25.0084533
1681161896.3524084,25,0.07927871981200167,25.0139942
1681161897.3354654,25,0.0796247992680012,25.0127983
1681161898.3218522,25,0.08510906938800203,25.0017604
1681161899.2993677,25,0.07964553562800122,25.012207
1681161900.2708025,25,0.07672138022000113,25.0173816
1681161901.2611604,25,0.0750500728280021,25.0199394
1681161902.238272,25,0.0772077463680017,25.0150318
1681161903.2175515,25,0.07490372112000172,25.0188961
1681161904.2041144,25,0.07628529816000099,25.015522
1681161905.2038639,25,0.07795115262000116,25.0117282
1681161906.1725748,25,0.07375149351600109,25.0193653
1681161907.1629179,25,0.0782667664160014,25.009943
1681161908.152726,25,0.07571002603200054,25.0144863
1681161909.13959,25,0.07610197475200119,25.0131835
1681161910.1160743,25,0.08250839973200134,25.0003566
1681161911.09881,25,0.08034791778000211,25.0045032
1681161912.0925515,25,0.08337272744000114,24.9985122
1681161913.0917017,25,0.08627488172000208,24.9929924
1681161914.0918832,25,0.08396921372000132,24.9976959
1681161915.0741131,25,0.08358340940000102,24.9985256
1681161916.0518389,25,0.08505760370400162,24.9957447
1681161917.0380616,25,0.08415415902400206,24.9976444
1681161918.0245752,25,0.09263175358400204,24.9814205
1681161919.0120873,25,0.09709112537600106,24.9735431
1681161919.9911885,25,0.10052659602600174,24.9679355
1681161920.973733,25,0.1052344630180009,24.9600906
1681161921.9538965,25,0.10808231091000212,24.9560966
1681161922.940438,25,0.11029635452600219,24.9534988
1681161923.9200084,25,0.10610252988600204,24.9633312
1681161924.9063654,25,0.10884328457400216,24.9594459
1681161925.9029074,25,0.10371633057400217,24.9708652
1681161926.8929307,25,0.10694717857400093,24.9657726
1681161927.8659797,25,0.10916184170800085,24.9627857
1681161928.841816,25,0.10985061798000081,24.9628696
1681161929.8192792,25,0.10882171236200161,24.9662361
1681161930.8088486,25,0.10605339448200082,24.972826
1681161931.805128,25,0.10204100711200112,24.9815979
1681161932.7951221,25,0.10661039604200225,24.9735031
1681161933.7817473,25,0.0979304529220008,24.991209
1681161934.7585647,25,0.10605399215400137,24.9759101
1681161935.7445753,25,0.10202432328400188,24.9845771
1681161936.7412324,25,0.09770592528400203,24.9934749
1681161937.7311685,25,0.09820705374800226,24.9927577
1681161938.7171962,25,0.09817013670800079,24.993103
1681161939.6934192,25,0.0987570552380023,24.9922351
1681161940.6803632,25,0.09281490552600156,25.0039634
1681161941.6669576,25,0.09582092676200199,24.9980278
1681161942.6496599,25,0.10039003876200228,24.9893169
1681161943.6296248,25,0.09326629817000072,25.0034294
1681161944.6092882,25,0.09293832856800219,25.0039329
1681161945.6064289,25,0.09310266656800241,25.0034656
1681161946.5860891,25,0.09470861268000175,25.0002441
1681161947.572286,25,0.08726845601000237,25.0145511
1681161948.5519648,25,0.09075959231400224,25.0072822
1681161949.5450382,25,0.0894117801940009,25.0095996
1681161950.5316627,25,0.08212179664200167,25.0232639
1681161951.5273519,25,0.08206019464200079,25.0224876
1681161952.5082078,25,0.07800664219400079,25.0294361
1681161953.5043151,25,0.07841901423400133,25.0275268
1681161954.493946,25,0.0740747662340018,25.0348224
1681161955.472373,25,0.07392966876200237,25.0337829
1681161956.4639058,25,0.07372473809000257,25.0328979
1681161957.453504,25,0.07551759209000262,25.0281848
1681161958.4399385,25,0.07273450488200162,25.0324916
1681161959.4168127,25,0.07531297443200198,25.0262985
1681161960.4066188,25,0.07622771000000159,25.0235424
1681161961.3932736,25,0.07268175774400212,25.0294742
1681161962.3829625,25,0.06915448174400125,25.0351238
1681161963.3622189,25,0.07112901964400109,25.029993
1681161964.3425043,25,0.07735082857200143,25.0168952
1681161965.332081,25,0.07233250857200192,25.025896
1681161966.3187597,25,0.07618284825200172,25.0175056
1681161967.304917,25,0.0752000151000012,25.0187339
1681161968.2947736,25,0.08013709427000153,25.0085239
1681161969.2693844,25,0.07492408260600106,25.0182323
1681161970.2542844,25,0.07755176796600143,25.0124855
1681161971.2440822,25,0.08459844189600214,24.9984531
1681161972.2111645,25,0.07750001807200177,25.0121784
1681161973.187383,25,0.08757801951200238,24.9923248
1681161974.166912,25,0.08007806338000083,25.0070514
1681161975.1529229,25,0.0830576316680021,25.0010509
1681161976.1295888,25,0.08929249402000178,24.9890136
1681161977.116514,25,0.09322909461000203,24.9818553
1681161978.0928516,25,0.09391120832200256,24.9812183
1681161979.126871,25,0.0875919633780017,24.9940967
1681161980.109248,25,0.09620896137800238,24.9777526
1681161981.0955548,25,0.09301297977800162,24.984745
1681161982.0856273,25,0.09586410377800214,24.9798488
1681161983.085025,25,0.09637604005800147,24.9796276
1681161984.0750358,25,0.0952643882820015,24.9825382
1681161985.0601766,25,0.09211844428200089,24.9892597
1681161986.0413618,25,0.0871894156420017,24.9991512
1681161987.0211334,25,0.09657901653800217,24.9811153
1681161988.007732,25,0.09276776311400231,24.9891643
1681161988.997604,25,0.0930506063540026,24.9890308
1681161989.9841623,25,0.09870030625800207,24.9785747
1681161990.9764056,25,0.09462282656200115,24.9872322
1681161991.9565258,25,0.0968132585620023,24.9835109
1681161992.9335222,25,0.09909524271200135,24.9797325
1681161993.9199748,25,0.09976714708200247,24.9792079
1681161994.898571,25,0.0993536302020018,24.980791
1681161995.8892357,25,0.10261604322600149,24.9752407
1681161996.8820813,25,0.10136564122600147,24.9785976
1681161997.8651721,25,0.10098438397600205,24.9801425
1681161998.8653,25,0.09768191775200258,24.9872493
1681161999.8475401,25,0.08737401575200181,25.0075626
1681162000.832097,25,0.0958110769040016,24.9910411
1681162001.7999876,25,0.09729629070000267,24.9885158
1681162002.7847803,25,0.0889531961400027,25.0050048
1681162003.7745879,25,0.09227384782000249,24.9984245
1681162004.7534387,25,0.09417891782000161,24.9948215
1681162005.7341778,25,0.08642530498000206,25.0099372
1681162006.7205045,25,0.08758014062800128,25.0073432
1681162007.7070665,25,0.09082133662800258,25.0008277
1681162008.6903684,25,0.09635580598600181,24.9901409
1681162009.6768699,25,0.09540248798600241,24.9923534
1681162010.653013,25,0.09668414911600172,24.9901771
1681162011.6462138,25,0.09689430142000276,24.9901447
1681162012.6424522,25,0.0985730834200015,24.9872875
1681162013.623007,25,0.09771333653000207,24.9894237
1681162014.6123416,25,0.09452458979400244,24.9959602
1681162015.5990932,25,0.10071897379400152,24.9842033
1681162016.5755496,25,0.09188942739200105,25.0017929
1681162017.572233,25,0.09284047739200259,24.999895
1681162018.5523796,25,0.09106232798400266,25.0033206
1681162019.5350213,25,0.09137556558400196,25.002592
1681162020.5148597,25,0.09518573540800263,24.9951591
1681162021.5005605,25,0.08874878395800248,25.0077285
1681162022.4819422,25,0.09154550730200199,25.0020542
1681162023.4779525,25,0.08675562730200148,25.0111865
1681162024.464077,25,0.09139931800600139,25.0018272
1681162025.454058,25,0.08912507820600218,25.006134
1681162026.4393802,25,0.08607929023800147,25.0117626
1681162027.4334857,25,0.08632537919800183,25.0108432
1681162028.4132776,25,0.0829832631980013,25.0168533
1681162029.3899658,25,0.08178528948600164,25.0185317
1681162030.3788476,25,0.08331545695600266,25.0148849
1681162031.3660793,25,0.08822483095600117,25.0048713
1681162032.3545039,25,0.0805550954840026,25.0194454
1681162033.3389587,25,0.08579877548400233,25.0086135
1681162034.315299,25,0.07575121267200204,25.0276374
1681162035.3006835,25,0.07727613613400168,25.0236701
1681162036.281777,25,0.07469604245400104,25.0277385
1681162037.278261,25,0.07194635245400226,25.0319595
1681162038.2644205,25,0.07132929016600108,25.0319366
1681162039.2444258,25,0.07299783678600254,25.0275154
1681162040.2276978,25,0.07196866600200127,25.0284538
1681162041.2040002,25,0.07288957534600188,25.0256042
1681162042.184005,25,0.07751595895200272,25.0157413
1681162043.1702466,25,0.07564462457200175,25.0187454
1681162044.1561413,25,0.07483827257200143,25.0195751
1681162045.1368356,25,0.07498431966000184,25.0185642
1681162046.1195602,25,0.07271669966000262,25.022211
1681162047.1395316,25,0.07766399566000247,25.0118427
1681162048.1355965,25,0.07392899766000235,25.0185699
1681162049.1224513,25,0.08010245179000265,25.0059871
1681162050.1015086,25,0.08429339647800195,24.9976959
1681162051.095542,25,0.08779113131000212,24.9910526
1681162052.0752954,25,0.08504122424000277,24.9966831
1681162053.0552301,25,0.08754094179200266,24.9919986
1681162054.0347922,25,0.09600124460200132,24.9760227
1681162055.030057,25,0.09534910199400215,24.9781856
1681162056.017346,25,0.09860432529000174,24.9727478
1681162056.990836,25,0.09860990432000236,24.9737701
1681162057.9875407,25,0.09914097160000247,24.9737415
1681162058.9773438,25,0.09394442892800114,24.9847354
1681162059.9939098,25,0.09728826140800197,24.978918
1681162060.979106,25,0.09545902102400125,24.9832363
1681162061.975847,25,0.09629021902400131,24.9822826
1681162062.953192,25,0.0928158195680024,24.9896392
1681162063.9392884,25,0.09604298719400184,24.9838123
1681162064.9149876,25,0.09937328653400208,24.9780178
1681162065.8983338,25,0.09954028778200172,24.9785289
1681162066.8755543,25,0.0945626882460025,24.9889202
1681162067.849386,25,0.09473778607600257,24.9889965
1681162068.8387995,25,0.09774763551600163,24.983612
1681162069.823387,25,0.09963653951600211,24.9806098
1681162070.8012106,25,0.09859473513200114,24.9833488
1681162071.784344,25,0.10437561208200262,24.9728565
1681162072.777936,25,0.1021046674580022,24.9782543
1681162073.7545083,25,0.10028952805000256,24.9825706
1681162074.7541578,25,0.10098724405000159,24.9818992
1681162075.7623458,25,0.09781995199000211,24.9886798
1681162076.7405317,25,0.09206266399000246,25.0001869
1681162077.7232544,25,0.10200181536600189,24.9810543
1681162078.7102551,25,0.106583347190002,24.9729557
1681162079.6859343,25,0.09981755704000224,24.9869995
1681162080.6658733,25,0.09608020088800202,24.9946804
1681162081.652892,25,0.08984614578400121,25.0068778
1681162082.6454916,25,0.08944572978400162,25.0073833
1681162083.625439,25,0.08560420244000262,25.0144958
1681162084.6113987,25,0.09347125533800246,24.9988079
1681162085.5880435,25,0.08880928098600115,25.0078239
1681162086.5685408,25,0.08883455059600198,25.0074787
1681162087.5548658,25,0.0879994693640018,25.0088024
1681162088.5341818,25,0.09567873623400146,24.9936885
1681162089.5633285,25,0.08761754840800166,25.0094223
1681162090.5612566,25,0.08493071040800168,25.0142269
1681162091.543512,25,0.08352045676800159,25.0164012
1681162092.5310788,25,0.08310943948800247,25.016571
1681162093.5072453,25,0.08261484195200176,25.0168952
1681162094.4902368,25,0.08697255886200168,25.0078697
1681162095.4638727,25,0.07806727158200119,25.024723
1681162096.4518461,25,0.07812341892200114,25.0236778
1681162097.4263747,25,0.08135366381800198,25.0165653
1681162098.412993,25,0.07936501498800139,25.0197639
1681162099.4027963,25,0.08508687462000274,25.0080051
1681162100.3892555,25,0.08284281905200147,25.0120201
1681162101.375715,25,0.0850720530520016,25.0072708
1681162102.4054663,25,0.08452834687600123,25.0080318
1681162103.382249,25,0.07860739362800212,25.0191211
1681162104.3685603,25,0.08124907358800243,25.0133132
1681162105.3549995,25,0.07784515102800216,25.019371
1681162106.3313828,25,0.07594695378800218,25.0222892
1681162107.3235173,25,0.07728939778800167,25.0188503
1681162108.3078766,25,0.07487057287600173,25.0227909
1681162109.3040082,25,0.08516181628600215,25.0021247
1681162110.293452,25,0.08594253428600283,25.0005416
1681162111.287138,25,0.08636206670200272,24.9997138
1681162112.266955,25,0.09000675070200244,24.9927158
1681162113.2430773,25,0.08236646346200133,25.007698
1681162114.22992,25,0.08631066883800126,24.9998168
1681162115.2118747,25,0.08732229751000185,24.9978771
1681162116.1962366,25,0.09016046843000182,24.9924964
1681162117.1800017,25,0.08986308532600182,24.9933528
1681162118.1656005,25,0.09101997493600275,24.9913787
1681162119.1612837,25,0.08553474420000279,25.0022602
1681162120.1316974,25,0.096958613672002,24.9801921
1681162121.1219034,25,0.09054486493200123,24.9932842
1681162122.1084034,25,0.09226397869200242,24.9902305
1681162123.0948203,25,0.08953546069200123,24.9958534
1681162124.0747652,25,0.09770043894200232,24.9802875
1681162125.0435994,25,0.09366855451000132,24.9887924
1681162126.0241768,25,0.09158152842800282,24.9932289
1681162127.0068915,25,0.09271495980400224,24.9913043
1681162127.9965556,25,0.0903000819840027,24.9962806
1681162128.9765422,25,0.09365516291200246,24.9899654
1681162129.9498477,25,0.08928413696000133,24.9987564
1681162130.9432073,25,0.08897541922400165,24.9993972
1681162131.9828193,25,0.08636885972400134,25.004425
1681162132.9728608,25,0.08354094772400207,25.0096931
1681162133.9573705,25,0.08435362907800131,25.0077667
1681162134.9483907,25,0.08270563507800117,25.0106372
1681162135.9283354,25,0.08272027706200247,25.0102062
1681162136.9254682,25,0.08700365425200142,25.0015773
1681162137.905399,25,0.09109502655600148,24.9936447
1681162138.8917775,25,0.08981161015600125,24.996355
1681162139.8703368,25,0.08523246544600246,25.0053043
1681162140.8539362,25,0.08161039944600268,25.0120658
1681162141.8409536,25,0.08104789487000248,25.0126991
1681162142.8310668,25,0.08019206422000173,25.0138645
1681162143.8126948,25,0.08162708721200193,25.0105781
1681162144.8194911,25,0.08179821766000135,25.0098361
1681162145.8101969,25,0.08689176359600156,24.9996623
1681162146.8085902,25,0.08475814559600106,25.0037784
1681162147.793378,25,0.0873095473360024,24.9987258
1681162148.789841,25,0.08100720333600113,25.0108947
1681162149.7656374,25,0.0839329620400027,25.0048522
1681162150.7362146,25,0.08833441999400257,24.9961967
1681162151.72602,25,0.08713712602600195,24.9986438
1681162152.7050111,25,0.08374145402600111,25.0052261
1681162153.6964223,25,0.08507780900600262,25.0024566
1681162154.675465,25,0.09065655815800266,24.9916286
1681162155.6623476,25,0.08976778298800245,24.9936561
1681162156.641849,25,0.09409965014000211,24.9855518
1681162157.6181107,25,0.09347033526000281,24.9873104
1681162158.604548,25,0.08872339535600152,24.9969253
1681162159.5944831,25,0.08783533354800142,24.9987506
1681162160.5828757,25,0.09207455754800109,24.9906463
1681162161.563883,25,0.0962456000480021,24.982975
1681162162.5339532,25,0.09325592727800242,24.9893665
1681162163.5103755,25,0.09463268895800207,24.987112
1681162164.4961348,25,0.10209695232800158,24.9732379
1681162165.4759808,25,0.10132430117600147,24.9757232
1681162166.4630842,25,0.10305159717600136,24.9733352
1681162167.4395401,25,0.1020285515260015,24.9763145
1681162168.4162529,25,0.10241127959400113,24.9764614
1681162169.3925257,25,0.09741178525800238,24.9869651
1681162170.3821495,25,0.100807615258002,24.980936
1681162171.3682554,25,0.09659370535800166,24.989767
1681162172.3552897,25,0.09650266686200179,24.9903297
1681162173.3452284,25,0.10052301996600262,24.9829597
1681162174.3785613,25,0.09429714182000115,24.9955959
1681162175.3709707,25,0.09614241148000142,24.9922122
1681162176.3504999,25,0.09221187404000206,25.0000705
1681162177.336628,25,0.08697001548800178,25.0101604
1681162178.3175614,25,0.08845982348800259,25.0069046
1681162179.3073137,25,0.09235125308800281,24.999155
1681162180.2872787,25,0.08960231603800238,25.0044765
1681162181.2737207,25,0.09552192719000263,24.9929161
1681162182.2632763,25,0.08813907427800156,25.0073909
1681162183.2431223,25,0.084424953498001,25.0142574
1681162184.232636,25,0.08670270053800118,25.0093345
1681162185.2097464,25,0.08481112122600099,25.0126209
1681162186.1860175,25,0.07857812872200129,25.0241508
1681162187.1623304,25,0.0739609206320022,25.0321197
1681162188.139008,25,0.07496626464800114,25.0289688
1681162189.1250696,25,0.07752341457600209,25.0229644
1681162190.1112845,25,0.07944838756800177,25.0183906
1681162191.0915804,25,0.07273477569600116,25.0306129
1681162192.0740957,25,0.07550788064600088,25.0241165
1681162193.057799,25,0.07792466351000134,25.0185527
1681162194.0549269,25,0.07700507118000109,25.0196189
1681162195.0413747,25,0.07300841718000212,25.0265502
1681162196.0210912,25,0.07850052966000194,25.0149765
1681162197.0040956,25,0.08010200052400226,25.0113277
1681162197.9866235,25,0.0830775983340021,25.0051727
1681162198.9700325,25,0.07831666628600234,25.0141468
1681162199.9564183,25,0.08280244228600099,25.0049762
1681162200.9454865,25,0.08537977477600135,24.9998283
1681162201.9241326,25,0.08920628368800265,24.9924716
1681162202.911593,25,0.08543320229000131,25.0000171
1681162203.9057574,25,0.0842982202900025,25.0021991
1681162204.8978817,25,0.08045660088200104,25.0095081
1681162205.88488,25,0.08468004288200096,25.0010204
1681162206.8585527,25,0.09009496360200088,24.9905624
1681162207.8352466,25,0.08357922993800213,25.0034599
1681162208.807881,25,0.08010436908200144,25.0100212
1681162209.8035636,25,0.08187672108200164,25.0062274
1681162210.7881136,25,0.08614030930200176,24.9977874
1681162211.7711885,25,0.08838927125400234,24.9935436
1681162212.7609417,25,0.09279891772000198,24.9852943
1681162213.7410438,25,0.09435163972000112,24.9828739
1681162214.7295008,25,0.08868788444000222,24.994421
1681162215.7066662,25,0.09217378028000263,24.9879245
1681162216.6934323,25,0.09412158457000196,24.9846343
1681162217.6769028,25,0.09162181501800108,24.9900264
1681162218.658544,25,0.09377062102400238,24.9862613
1681162219.6393514,25,0.09376865102400131,24.9867935
1681162220.6193101,25,0.09039687950800114,24.9937782
1681162221.5914767,25,0.09336213003600238,24.9883079
1681162222.5784595,25,0.09258720248000271,24.9902362
1681162223.568451,25,0.08996667848000127,24.9956512
1681162224.541652,25,0.0913645221820014,24.9931221
1681162225.5249677,25,0.0894272914780022,24.9971103
1681162226.5117397,25,0.09592403533400136,24.9847183
1681162227.518168,25,0.09486492933400156,24.9873428
1681162228.5078459,25,0.0885472493340019,24.999979
1681162229.4861622,25,0.08609483232600143,25.0047016
1681162230.4773998,25,0.08903380432600097,24.9988689
1681162231.4739642,25,0.09048169432600235,24.996128
1681162232.45377,25,0.08691115352800194,25.0031471
1681162233.4297316,25,0.08825775927200091,25.0004367
1681162234.399862,25,0.09600301617000082,24.9855079
1681162235.3861105,25,0.09538324994600249,24.9872493
1681162236.3612735,25,0.09445482367600226,24.9895191
1681162237.3458662,25,0.09608322129200088,24.9867744
1681162238.3259318,25,0.09691772229200227,24.98567
1681162239.3155985,25,0.09323088856400219,24.9933071
1681162240.2951717,25,0.09212169509400231,24.9956951
1681162241.281905,25,0.09221732880600246,24.9956741
1681162242.2743196,25,0.09514143480600179,24.9902172
1681162243.2689269,25,0.09424015080600202,24.9923267
1681162244.2509708,25,0.10080229760600136,24.97999
1681162245.2278593,25,0.09707499172800173,24.9879131
1681162246.2143388,25,0.09269680432000246,24.9967956
1681162247.1934378,25,0.0929829342700015,24.9963665
1681162248.1807156,25,0.09554635911800098,24.9915714
1681162249.1669974,25,0.09559645746800124,24.9917945
1681162250.1398423,25,0.09373744654000105,24.9956798
1681162251.1199245,25,0.09784173454000245,24.9879531
1681162252.0998728,25,0.08902173486800147,25.0053844
1681162253.0862498,25,0.0934297623240025,24.9966983
1681162254.0629218,25,0.09459906437400106,24.9945735
1681162255.0488763,25,0.10091774883800196,24.9826202
1681162256.039122,25,0.09632074618800215,24.9921245
1681162257.0473545,25,0.09129203618800166,25.002098
1681162258.0414252,25,0.09259594018800255,24.9995098
1681162259.0282078,25,0.09501095218800171,24.9948844
1681162260.0182185,25,0.09243139100400209,25.0000419
1681162261.004146,25,0.08893734900400242,25.0067596
1681162261.9816525,25,0.08847648971800233,25.0073947
1681162262.9577253,25,0.08596194877400273,25.0119533
1681162263.9393547,25,0.08317001249400159,25.0168724
1681162264.9359179,25,0.08472723214600172,25.0132446
1681162265.9105139,25,0.08368478414600254,25.0147399
1681162266.8968723,25,0.08330251168200162,25.0149173
1681162267.8819113,25,0.08350351867400249,25.0139656
1681162268.8696404,25,0.07945376328400092,25.0212287
1681162269.8698854,25,0.08732771328400209,25.00527
1681162270.8561368,25,0.081753536196001,25.0157966
1681162271.8393185,25,0.08395482019600106,25.0109558
1681162272.8289878,25,0.08673724187200169,25.0051898
1681162273.815972,25,0.09285193451200124,24.993227
1681162274.791135,25,0.08630534669200138,25.0060806
1681162275.782029,25,0.0863679480680015,25.0057334
1681162276.7585998,25,0.09183126806800235,24.9950065
1681162277.747595,25,0.0929862940580022,24.9929733
1681162278.7312412,25,0.09040728005800232,24.9982032
1681162279.7046278,25,0.08953167996200254,24.9999561
1681162280.6775355,25,0.08361642897800269,25.0113468
1681162281.6640186,25,0.08955944933800095,24.9994812
1681162282.6439254,25,0.08009143298600119,25.0177307
1681162283.6203613,25,0.08808599098600123,25.0016746
1681162284.624157,25,0.07975990298600091,25.0176219
1681162285.6131313,25,0.0871918990860014,25.002655
1681162286.5992186,25,0.09011028708600255,24.9969406
1681162287.5762157,25,0.08867272509800093,24.9998226
1681162288.5521262,25,0.08098147047400216,25.0146293
1681162289.5319598,25,0.08365613493400192,25.0089282
1681162290.5124357,25,0.08481855199000145,25.0063533
1681162291.490358,25,0.08070266852000246,25.0140495
1681162292.4719021,25,0.08136095452000164,25.0122432
1681162293.4618554,25,0.08974846325600216,24.9956398
1681162294.438382,25,0.08863532559000237,24.9979457
1681162295.417806,25,0.08152734759000135,25.0116939
1681162296.4045002,25,0.07774135673000095,25.018547
1681162297.390944,25,0.08308699354200177,25.0075626
1681162298.3792233,25,0.08122855372200269,25.0108394
1681162299.380577,25,0.08464084572200149,25.0038604
1681162300.3664114,25,0.0867524729920024,24.9996509
1681162301.355266,25,0.0900243887840011,24.9933681
1681162302.346837,25,0.09003989939200119,24.9935894
1681162303.3433647,25,0.08531318339200185,25.0029258
1681162304.3295426,25,0.08776096339200182,24.998106
1681162305.3095922,25,0.08950850683200201,24.994812
1681162306.2868638,25,0.08823688348200132,24.9974555
1681162307.2756777,25,0.08144859405800164,25.0106143
1681162308.2689328,25,0.0885875121220023,24.9964752
1681162309.2453706,25,0.08458790756200185,25.0043048
1681162310.2418072,25,0.08897451581800095,24.9957008
1681162311.2215466,25,0.08706796381800257,24.9995326
1681162312.2081835,25,0.09147939078600101,24.9910564
1681162313.194747,25,0.08623003478600258,25.0014953
1681162314.1838865,25,0.09316483896200167,24.9880943
1681162315.1672769,25,0.09169741572200119,24.9913692
1681162316.1476138,25,0.09108619082600136,24.9928722
1681162317.1340456,25,0.09518336141800206,24.9852581
1681162318.1198766,25,0.09581974113800158,24.9845924
1681162319.1099942,25,0.09224136885000199,24.9920616
1681162320.0920966,25,0.0932243035060014,24.9904708
1681162321.063112,25,0.09621523857600216,24.9850769
1681162322.049707,25,0.09747527335000115,24.9832077
1681162323.0361207,25,0.09059367535000093,24.9970874
1681162324.0153713,25,0.093664255862002,24.9912891
1681162324.9955118,25,0.09133389488600158,24.9961032
1681162325.9786212,25,0.0904385897740026,24.9979724
1681162326.9751678,25,0.09138960977400136,24.9962215
1681162327.9611876,25,0.09278730804200164,24.9936714
1681162328.9517074,25,0.09275819204200195,24.9939708
1681162329.9379125,25,0.09637790804200255,24.9872417
1681162330.924093,25,0.0947300501520023,24.9908905
1681162331.9044173,25,0.096927450424002,24.9870071
1681162332.9010289,25,0.09230357242400226,24.9963989
1681162333.8839874,25,0.09442031829600132,24.9924621
1681162334.8692746,25,0.08552567113600149,25.0098628
1681162335.860621,25,0.08312511388800169,25.0141086
1681162336.853114,25,0.08076112188800189,25.0181121
1681162337.8166358,25,0.07744413796200163,25.0238227
1681162338.802478,25,0.07942954799400212,25.0191001
1681162339.8028362,25,0.07752078466400093,25.0220489
1681162340.7874022,25,0.07750033066400107,25.0212402
1681162341.7661142,25,0.08322686394400146,25.0094165
1681162342.742632,25,0.08443028576600198,25.0067481
1681162343.7280216,25,0.07729354792600238,25.0202255
1681162344.7153633,25,0.08145112890200251,25.0114593
1681162345.7116246,25,0.08321183000200226,25.007637
1681162346.7012107,25,0.08456173400200268,25.0047473
1681162347.691316,25,0.08176902800200249,25.0099353
1681162348.6780474,25,0.08482565873800199,25.0036773
1681162349.670795,25,0.0877061513280021,24.9979953
1681162350.6605375,25,0.0923532373280026,24.9891357
1681162351.6471403,25,0.09370992700800247,24.9869365
1681162352.6436133,25,0.09629435160000246,24.9824581
1681162353.6228223,25,0.1003917972400021,24.9752388
1681162354.6099691,25,0.10108638924000236,24.9748554
1681162355.5932927,25,0.0954783728880016,24.9865989
1681162356.629311,25,0.10097886496000141,24.9765644
1681162357.61563,25,0.09871165355000142,24.9818153
1681162358.598587,25,0.10185324383800205,24.9764442
1681162359.5758183,25,0.09764056476800122,24.9854431
1681162360.562152,25,0.09309530008000155,24.9947376
1681162361.5421557,25,0.09378674408000169,24.9936103
1681162362.5263507,25,0.08963339628800208,25.0018444
1681162363.5057404,25,0.09547597849600153,24.9905319
1681162364.493675,25,0.09282951142600177,24.9959831
1681162365.4771895,25,0.09721738680200163,24.9876918
1681162366.463659,25,0.09760132891400161,24.9874191
1681162367.4541335,25,0.09732380791400128,24.98843
1681162368.4466345,25,0.09773075991400215,24.9880924
1681162369.4371498,25,0.09534040567400186,24.993143
1681162370.4135556,25,0.09295374826400207,24.9979953
1681162371.3899982,25,0.09412418034400134,24.995819
1681162372.3763018,25,0.08912619110400226,25.005598
1681162373.366041,25,0.09392450400000137,24.9961528
1681162374.3527262,25,0.09155261200000225,25.0008621
1681162375.335616,25,0.097210343600001,24.9899425
1681162376.3235614,25,0.09325810018000091,24.9979286
1681162377.3021271,25,0.0964102934280008,24.9919414
1681162378.2784975,25,0.09658033654200229,24.9919147
1681162379.2583926,25,0.09587611086200122,24.993576
1681162380.2405388,25,0.0983677663920021,24.9890251
1681162381.225006,25,0.09453664048800134,24.9968128
1681162382.2014518,25,0.09635780817400254,24.9934253
1681162383.1822178,25,0.08801532294200219,25.0097274
1681162384.1677105,25,0.08228259979200157,25.0203895
1681162385.1508975,25,0.08913003894400173,25.0064411
1681162386.1769288,25,0.08278200984000264,25.0183792
1681162387.1668682,25,0.07998644435000196,25.0230617
1681162388.157392,25,0.0830969712780019,25.0162029
1681162389.1490655,25,0.0838599732780026,25.0141124
1681162390.139666,25,0.07543449033400147,25.0297908
1681162391.1187649,25,0.0729721701840009,25.0333995
1681162392.101637,25,0.07937721528800187,25.0198097
1681162393.078995,25,0.07831374651000227,25.0211181
1681162394.0686061,25,0.07832537123000263,25.020296
1681162395.055574,25,0.07422984323000227,25.0273914
1681162396.0419247,25,0.07775932774000145,25.0195617
1681162397.0285275,25,0.07919021934000262,25.0160675
1681162398.009902,25,0.08763139846000151,24.999216
1681162399.0209558,25,0.082292143868001,25.0095081
1681162400.017546,25,0.08179976442800253,25.0100955
1681162400.9978352,25,0.08243053215800089,25.0084991
1681162401.9840188,25,0.0847224475980018,25.003767
1681162402.9641314,25,0.08067754209400141,25.0114078
1681162403.9503574,25,0.0894335362540011,24.9941272
1681162404.9289548,25,0.08630287987000253,25.0003738
1681162405.912826,25,0.09007020105000103,24.9931106
1681162406.8988907,25,0.08524561346600089,25.0026569
1681162407.886346,25,0.08377219946600237,25.0053882
1681162408.8661513,25,0.08642467149600086,25.0000801
1681162409.848495,25,0.08747477154400202,24.9980564
1681162410.8374085,25,0.08184232540000205,25.0089683
1681162411.8381922,25,0.08786479140000149,24.9970417
1681162412.8353407,25,0.09222509454000125,24.9887638
1681162413.818014,25,0.08586412254000145,25.0014286
1681162414.804088,25,0.09328697166000197,24.987091
1681162415.7851498,25,0.08713977027000169,24.9994087
1681162416.7712653,25,0.08679459476600083,25.0000953
1681162417.7611117,25,0.08761147510200147,24.9985198
1681162418.747666,25,0.08443096784200148,25.0046958
1681162419.735981,25,0.08726090784200206,24.999073
1681162420.7196388,25,0.08658631382600143,25.0004062
1681162421.700292,25,0.0932404769920016,24.9875793
1681162422.6783862,25,0.08771802740800187,24.9986763
1681162423.6729317,25,0.09266966498800083,24.9891986
1681162424.6729362,25,0.09340439298800102,24.9882011
1681162425.649854,25,0.09763412980400211,24.9805088
1681162426.6385088,25,0.10066330356400098,24.975418
1681162427.618995,25,0.10045569956400247,24.9767627
1681162428.6350954,25,0.097621617564002,24.9831066
1681162429.6181645,25,0.09714555646400107,24.984663
1681162430.6052346,25,0.09747118996800222,24.9846172
1681162431.5844927,25,0.09619887732800159,24.987648
1681162432.568346,25,0.09145735295000133,24.9972381
1681162433.5580416,25,0.09227927895000097,24.9957637
1681162434.5409303,25,0.09102455853000145,24.9983386
1681162435.5211477,25,0.09299306288200108,24.9946136
1681162436.5076005,25,0.09775576381000071,24.9856529
1681162437.4939651,25,0.09734158792000192,24.9869937
1681162438.483733,25,0.09439590736000193,24.9931545
1681162439.470321,25,0.09975928318400207,24.9830932
1681162440.4444513,25,0.09868276483400086,24.9858055
1681162441.4296486,25,0.10126174856200205,24.9813804
1681162442.409701,25,0.0964621650120008,24.9913215
1681162443.3961868,25,0.09590639328400108,24.9927196
1681162444.3916216,25,0.0905494304040009,25.0033035
1681162445.3856027,25,0.09281218040400148,24.998825
1681162446.372188,25,0.09248837618400155,24.9994926
1681162447.3587008,25,0.08778314927200118,25.0085659
1681162448.3515775,25,0.08853643271200111,25.006792
1681162449.3284664,25,0.08024266470200107,25.0224933
1681162450.3205566,25,0.08573577470200153,25.0110645
1681162451.3047092,25,0.0824284238060019,25.0170097
1681162452.291114,25,0.08874263436600101,25.0042152
1681162453.2709188,25,0.09057173785400188,25.0005359
1681162454.2673142,25,0.08949937582600057,25.0025806
1681162455.2496557,25,0.09097032398600154,24.9996528
1681162456.2520418,25,0.08865763878600152,25.004116
1681162457.2427135,25,0.0853876147860009,25.0102462
1681162458.255793,25,0.08050342067600097,25.0192337
1681162459.2328563,25,0.08497472097600178,25.009901
1681162460.2181132,25,0.08516637723200157,25.0091629
1681162461.1992402,25,0.08678304267200135,25.0057048
1681162462.1733725,25,0.08466849713600226,25.0095577
1681162463.1522477,25,0.0803813885160009,25.0174446
1681162464.1291058,25,0.08553262109200108,25.0068759
1681162465.1147902,25,0.08722401530200051,25.0033607
1681162466.0983942,25,0.09068847077400057,24.9965648
1681162467.0879576,25,0.08897087077400136,25.0
1681162468.078016,25,0.08833751238400187,25.0012187
1681162469.0671804,25,0.08401364408000123,25.0094928
1681162470.0561938,25,0.08112602808000101,25.0146808
1681162471.057439,25,0.0855286880800011,25.0056495
1681162472.033245,25,0.08478793229000096,25.0068607
1681162473.0234911,25,0.0844170309620009,25.0073146
1681162474.009549,25,0.08582531182600078,25.0043277
1681162474.9996648,25,0.08052902423600211,25.0143547
1681162475.9864373,25,0.0868499935640022,25.0016479
1681162476.962715,25,0.08715425556400065,25.0009994
1681162477.9497662,25,0.08779161027600192,24.9997348
1681162478.9257433,25,0.08884227027600115,24.9977245
1681162479.9011989,25,0.09381185775800147,24.9882411
1681162480.892237,25,0.09234532244600095,24.9915084
1681162481.891815,25,0.0913189984460019,24.9938087
1681162482.8785326,25,0.09183744618600091,24.9930458
1681162483.851166,25,0.09090979233000109,24.9950942
1681162484.8292785,25,0.09449734084200198,24.9883766
1681162485.8077953,25,0.09701493790200175,24.983963
1681162486.7844715,25,0.09128981223000217,24.9955844
1681162487.7736819,25,0.09628068423000208,24.9861564
1681162488.7606657,25,0.0993205781820016,24.9808311
1681162489.7502987,25,0.09822324494200076,24.9836692
1681162490.73356,25,0.09532812769400059,24.9898586
1681162491.710098,25,0.09662101323000076,24.9877548
1681162492.6963012,25,0.10007388573000169,24.981575
1681162493.6758769,25,0.09641416653000072,24.989315
1681162494.6628678,25,0.09477598419000098,24.9928722
1681162495.642884,25,0.09379718038200045,24.9950256
1681162496.6163328,25,0.09473165582200169,24.993412
1681162497.5918849,25,0.08889876446200143,25.0048885
1681162498.5821202,25,0.08838639846200218,25.0056858
1681162499.5684073,25,0.08728316439200078,25.0075931
1681162500.5649698,25,0.09324948232800072,24.9958248
1681162501.5548284,25,0.08945498232800081,25.0032825
1681162502.5414243,25,0.0961566031980007,24.9902629
1681162503.5212574,25,0.0869971074060017,25.0082569
1681162504.5141487,25,0.09024833756600055,25.001688
1681162505.5007796,25,0.08989228156600101,25.0023078
1681162506.4905276,25,0.09428261331600202,24.9937725
1681162507.4672096,25,0.09494305243600068,24.992733
1681162508.4534755,25,0.08804240641600165,25.0062866
1681162509.4420874,25,0.0919583744160006,24.9985141
1681162510.4191759,25,0.09061477827200158,25.0011558
1681162511.3928485,25,0.09068254323600165,25.0009822
1681162512.3753285,25,0.09214550709200132,24.9981288
1681162513.3590183,25,0.09180067931600189,24.9988632
1681162514.3385386,25,0.08907243726800161,25.0041561
1681162515.332155,25,0.09064991222800078,25.0009632
1681162516.3222048,25,0.09412286422800183,24.9942474
1681162517.308658,25,0.09256093888400208,24.9974708
1681162518.3010454,25,0.09263155212400133,24.9974308
1681162519.2713401,25,0.09392711135600185,24.9950351
1681162520.2508457,25,0.09458701423200173,24.9939498
1681162521.2377589,25,0.10092691160800189,24.9819793
1681162522.224271,25,0.09337854160800138,24.9971885
1681162523.2040727,25,0.09035913324000187,25.0031051
1681162524.1797938,25,0.08513574788400059,25.0130462
1681162525.158213,25,0.0890703099020018,25.0049839
1681162526.1334734,25,0.07790439391800098,25.0262813
1681162527.1098628,25,0.08177764270200061,25.0178432
1681162528.1156888,25,0.0823350466700022,25.0160751
1681162529.1026483,25,0.08254304582200216,25.0150661
1681162530.0760648,25,0.07458744916600098,25.0298042
1681162531.0603638,25,0.07901256386800147,25.0201721
1681162532.0456965,25,0.07928724953800102,25.0188789
1681162533.0322568,25,0.07887606120200108,25.0189552
1681162534.0119243,25,0.08216754638600074,25.0119037
1681162535.0050027,25,0.08489503238600095,25.0062007
1681162536.0040865,25,0.0827001590860011,25.010189
1681162536.9845338,25,0.08560873508600056,25.0042037
1681162537.981088,25,0.08424448031800054,25.0066738
1681162538.9534714,25,0.07987295231800147,25.0148239
1681162539.946149,25,0.08233761816800145,25.0095195
1681162540.940477,25,0.08052268861600166,25.0126514
1681162541.9268322,25,0.08105220861600192,25.0111465
1681162542.9068651,25,0.07490294950600049,25.0225563
1681162543.893603,25,0.0800601822260021,25.0117855
1681162544.8729448,25,0.07780985686600114,25.0156688
1681162545.8528562,25,0.0797039506900022,25.0114307
1681162546.841661,25,0.08051975765000145,25.009428
1681162547.8323045,25,0.08368358565000159,25.0029811
1681162548.8089244,25,0.08426080592000076,25.0017585
1681162549.7815063,25,0.07944336437000102,25.0109615
1681162550.768194,25,0.08077650541000185,25.007986
1681162551.7493486,25,0.08096591341000088,25.0073146
1681162552.734358,25,0.08613892006400184,24.9970817
1681162553.7355072,25,0.08827713006400073,24.993082
1681162554.7211711,25,0.08607897768000057,24.9975738
1681162555.7014391,25,0.08541042168000053,24.9989528
1681162556.6775079,25,0.08210019216600065,25.0053653
1681162557.6638865,25,0.08748600974600158,24.9947986
1681162558.6373656,25,0.08199396613000139,25.0055637
1681162559.616504,25,0.0831303683520013,25.0031681
1681162560.612621,25,0.08188455288000164,25.0054454
1681162561.6088526,25,0.08818974088000055,24.9931106
1681162562.5994549,25,0.095425008880001,24.9794616
1681162563.5794773,25,0.09586287985600123,24.9793968
1681162564.5657766,25,0.09429081114400119,24.9831924
1681162565.5416248,25,0.08821547502400046,24.9955196
1681162566.518898,25,0.09441248769600084,24.9837646
1681162567.4916608,25,0.09724929096600156,24.9789085
1681162568.4717057,25,0.0965224053180018,24.9810943
1681162569.4382458,25,0.09758079963800115,24.9797744
1681162570.457898,25,0.09642614363800157,24.9827728
1681162571.434063,25,0.10320510146200132,24.9703807
1681162572.4245653,25,0.09839702746200044,24.9807662
1681162573.4073741,25,0.09762459754400102,24.9829711
1681162574.376917,25,0.09916304533600186,24.9806556
1681162575.3637326,25,0.09898009960600207,24.9817409
1681162576.3503814,25,0.09805681648600129,24.984209
1681162577.3368626,25,0.09624640551000106,24.9882907
1681162578.3133216,25,0.09866278101000109,24.984085
1681162579.300566,25,0.09693707569800215,24.9880084
1681162580.2887592,25,0.09400922070800126,24.9940967
1681162581.2722127,25,0.09719021045200106,24.9881992
1681162582.2524097,25,0.096523394960002,24.9899234
1681162583.2339907,25,0.09462328657600194,24.9939613
1681162584.1985989,25,0.09454217311200218,24.9943428
1681162585.215509,25,0.0921383460320021,24.9991836
1681162586.1951258,25,0.09189967217200133,24.9996738
1681162587.1845102,25,0.08994450766000141,25.0034484
1681162588.1744723,25,0.09099366933000223,25.0012989
1681162589.1640348,25,0.08955037933000146,25.0040245
1681162590.1473114,25,0.08502760136200173,25.0125751
1681162591.130933,25,0.08784789837000112,25.0066719
1681162592.10722,25,0.08857256154400173,25.0050277
1681162593.0831416,25,0.0913610104560016,24.9994716
1681162594.0761771,25,0.08244954896000153,25.0166492
1681162595.0584612,25,0.08286338896000182,25.015213
1681162596.032899,25,0.08236350979600066,25.0156078
1681162597.0231109,25,0.08303722179600112,25.0137119
1681162598.0193717,25,0.08258002696400149,25.0140724
1681162599.008667,25,0.08252472696400064,25.0136375
1681162599.9803786,25,0.0792793305540011,25.0193653
1681162600.9682522,25,0.08308677249000068,25.0113124
1681162601.958866,25,0.08279453826000224,25.0114459
1681162602.9355617,25,0.0784775305000005,25.0193195
1681162603.9115014,25,0.08190431052000055,25.0119934
1681162604.8895185,25,0.08747607016800067,25.0008182
1681162605.8678846,25,0.08395982409800173,25.0075531
1681162606.862375,25,0.08321645729800116,25.0086975
1681162607.8406973,25,0.08136126745800096,25.011938
1681162608.8368545,25,0.0856977794580021,25.0031394
1681162609.8195164,25,0.08936597608800141,24.9959621
1681162610.7993064,25,0.09005008964000169,24.9947986
1681162611.7794845,25,0.08616750786200054,25.0024681
1681162612.7865164,25,0.08389946186200117,25.0067348
1681162613.7661963,25,0.08963733386200094,24.9954414
1681162614.7441459,25,0.09120965206600151,24.9925842
1681162615.7359774,25,0.09372065869000114,24.9880332
1681162616.7257855,25,0.09601092806600062,24.9840793
1681162617.7118142,25,0.08859512206600048,24.9989528
1681162618.6914458,25,0.08907272411600105,24.9980735
1681162619.688628,25,0.09693228934800026,24.9830226
1681162620.6843286,25,0.09951584981800082,24.9786949
1681162621.6676953,25,0.09668934023800176,24.9849586
1681162622.6478505,25,0.09968130694200109,24.9797592
1681162623.6273816,25,0.10028980447800144,24.9793548
1681162624.6044068,25,0.09853624734600037,24.9835014
1681162625.5907698,25,0.09063684789000061,24.9993267
1681162626.5671844,25,0.09137176732000167,24.9979381
1681162627.5470855,25,0.09745476880800141,24.9863109
1681162628.5200622,25,0.09533756363000166,24.9908981
1681162629.496316,25,0.0977815195940016,24.9865322
1681162630.4861805,25,0.08836144564200066,25.0051689
1681162631.47322,25,0.08363620364200185,25.0140571
1681162632.462787,25,0.09113859786600162,24.9990882
1681162633.4516473,25,0.0895110861860003,25.0022544
1681162634.4357402,25,0.08596968893800092,25.0089836
1681162635.4180439,25,0.08414328815800139,25.0121574
1681162636.408413,25,0.08860734239800118,25.003107
1681162637.394845,25,0.08957371039800117,25.0011291
1681162638.374938,25,0.09064943419400186,24.9990158
1681162639.3712795,25,0.0872888045300021,25.0055198
1681162640.3678916,25,0.08508063713800125,25.0095481
1681162641.3478382,25,0.08429005763400191,25.0107078
1681162642.33656,25,0.08711342784200103,25.0048694
1681162643.3270998,25,0.08552071269200166,25.0077495
1681162644.3068738,25,0.08629894941200209,25.0059585
1681162645.2936575,25,0.08179129727200135,25.0144062
1681162646.2736301,25,0.08306599176800095,25.0114078
1681162647.269846,25,0.0886430378800014,25.0002441
1681162648.2462828,25,0.08845482698000176,25.000597
1681162649.2293365,25,0.09331175098000138,24.9912338
1681162650.218251,25,0.09387472400400079,24.9904766
1681162651.2160707,25,0.09029035600400201,24.9977359
1681162652.2015345,25,0.08685863350400064,25.004425
1681162653.1720574,25,0.08317245369600122,25.0113506
1681162654.1586998,25,0.08803346973200121,25.0015678
1681162655.1383605,25,0.08430737882000083,25.0086784
1681162656.1214774,25,0.08296745082000082,25.0109214
1681162657.1107428,25,0.08313914846600054,25.0101833
1681162658.0878665,25,0.08490333939400059,25.0064029
1681162659.074229,25,0.08364420429400037,25.008583
1681162660.05414,25,0.08370524925400133,25.0081405
1681162661.0406103,25,0.08006658127400083,25.0148334
1681162662.027057,25,0.08691833714600139,25.0010871
1681162663.0000327,25,0.0836725364900013,25.0072917
1681162663.9802315,25,0.08838002965000201,24.9979572
1681162664.972167,25,0.08662264459400057,25.0014171
1681162665.9562201,25,0.08341281250400175,25.0075397
1681162666.9558322,25,0.08791269050400098,24.9985961
1681162667.9419343,25,0.08423925250400183,25.0057144
1681162668.918906,25,0.08671605859200095,25.0007324
1681162669.9082901,25,0.08781479952000053,24.9985904
1681162670.8942175,25,0.08913108700800036,24.9961109
1681162671.8858235,25,0.09098326500800076,24.9926986
1681162672.864623,25,0.08620653101800105,25.0021667
1681162673.8547468,25,0.08631355820200166,25.0018787
1681162674.8471005,25,0.08798293620200094,24.9985961
1681162675.8275504,25,0.09018063280400125,24.9944171
1681162676.820359,25,0.08727126741200046,25.0002269
1681162677.8104286,25,0.09256204541200114,24.9900436
1681162678.8036137,25,0.09047504541200063,24.99444
1681162679.8021505,25,0.09834109991200152,24.979515
1681162680.7734964,25,0.09521946314400095,24.9862976
1681162681.7592752,25,0.08945698750000135,24.9979038
1681162682.7398155,25,0.09452370222000123,24.9882335
1681162683.7126954,25,0.10305466047600023,24.9722633
1681162684.702666,25,0.10182276400600122,24.9756851
1681162685.6856413,25,0.0960695385180009,24.9876766
1681162686.66541,25,0.0957007265380011,24.9888534
1681162687.6517062,25,0.100327029994001,24.9803733
1681162688.64176,25,0.10235968165800091,24.9772052
1681162689.6185179,25,0.10371374479800109,24.9754638
1681162690.6077251,25,0.0949357117420003,24.9932842
1681162691.5912418,25,0.09367257974200068,24.9959716
1681162692.5613189,25,0.0942489433060003,24.9950122
1681162693.5478673,25,0.09479928530000072,24.9941387
1681162694.534002,25,0.09684654608400094,24.9904212
1681162695.520052,25,0.09543335008400049,24.9935073
1681162696.5004292,25,0.09365315788600188,24.9971771
1681162697.494142,25,0.09798833188600138,24.9889488
1681162698.4792614,25,0.09956675748600162,24.98633
1681162699.4596996,25,0.10041070507000162,24.9852237
1681162700.4459603,25,0.09558394849000078,24.9950714
1681162701.425976,25,0.09259134180200113,25.0010166
1681162702.4125073,25,0.09178625596200134,25.0025272
1681162703.3922503,25,0.0891772006020007,25.007452
1681162704.375359,25,0.08952416626000077,25.0065059
1681162705.362017,25,0.08562855408400062,25.0137557
1681162706.347829,25,0.08643051608400101,25.0116844
1681162707.328201,25,0.08558097222600058,25.0128841
1681162708.2944212,25,0.0850380033460009,25.013441
1681162709.294501,25,0.09230569547600168,24.9989471
1681162710.2621472,25,0.08537107139600125,25.012331
1681162711.2530718,25,0.0848290616360019,25.012907
1681162712.2541816,25,0.08696916163600092,25.008295
1681162713.2441218,25,0.08085128738600149,25.0197525
1681162714.2271254,25,0.0809016877860006,25.0189075
1681162715.1979594,25,0.07795836745000119,25.0238552
1681162716.1732686,25,0.07240119556400149,25.0336647
1681162717.1630375,25,0.08372661136200185,25.0106029
1681162718.151809,25,0.08284208936200044,25.0118961
1681162719.142546,25,0.08784951856200161,25.00181
1681162720.1359096,25,0.08643667056200124,25.0044574
1681162721.1313968,25,0.08374695056200063,25.0094585
1681162722.1153595,25,0.08626477312200141,25.0042552
1681162723.0952363,25,0.08426798477000193,25.0079364
1681162724.0816975,25,0.0800854716820004,25.0156841
1681162725.0675511,25,0.07959413218200176,25.016035
1681162726.0544844,25,0.07606008120600077,25.0222282
1681162727.0406463,25,0.08119103101600067,25.0115127
1681162728.0275598,25,0.08284674204000067,25.0078907
1681162729.0198197,25,0.07634726804000029,25.0200862
1681162729.9941359,25,0.07549237331400042,25.0209827
1681162730.9701736,25,0.08247404424200028,25.0067577
1681162731.9601686,25,0.07698618860200065,25.0170612
1681162732.9392653,25,0.07709424460200064,25.0161972
1681162733.9332232,25,0.08491138591400184,25.0005416
1681162734.9249885,25,0.08393028058400151,25.0024089
1681162735.905664,25,0.08806775253600047,24.9943561
1681162736.8958194,25,0.08728871658400046,24.9960689
1681162737.872229,25,0.08639733058400055,24.9979343
1681162738.8486123,25,0.08556558452000024,24.9996128
1681162739.8471327,25,0.08900961816400073,24.9929962
1681162740.8321092,25,0.09230567816400015,24.986927
1681162741.8184552,25,0.09195337016400121,24.9881
1681162742.798061,25,0.09258032957400023,24.9873447
1681162743.7882423,25,0.08727822357400132,24.9980278
1681162744.7798235,25,0.09281629023000101,24.9874458
1681162745.7598655,25,0.09135350575000174,24.990736
1681162746.7341087,25,0.08992524934200087,24.9938316
1681162747.7137537,25,0.08921801369400112,24.9954261
1681162748.7001119,25,0.08785295952400084,24.9982261
1681162749.6766737,25,0.08369503966800129,25.0062942
1681162750.6664603,25,0.0911342899980016,24.9917411
1681162751.6629138,25,0.09358954799800029,24.9873371
1681162752.6894999,25,0.09646328434200009,24.9823188
1681162753.6792579,25,0.09907814648600086,24.9779567
1681162754.6616828,25,0.09066845671600071,24.9949741
1681162755.6391141,25,0.09517294322800014,24.9864883
1681162756.618766,25,0.09388189463800165,24.9894847
1681162757.605123,25,0.09891105039800069,24.9802055
1681162758.5787928,25,0.09039064059000043,24.9973506
1681162759.561134,25,0.09233708830000104,24.9937057
1681162760.5427444,25,0.09745285859600053,24.9840908
1681162761.5243914,25,0.09643479133200114,24.9866523
1681162762.5210817,25,0.09807043733200094,24.9840202
1681162763.5034773,25,0.09516355357800052,24.9902133
1681162764.4871612,25,0.09422320146600031,24.9923934
1681162765.4834023,25,0.09298138479400102,24.9950771
1681162766.4735885,25,0.09326363732200159,24.9947204
1681162767.4592886,25,0.09226529857000032,24.9968414
1681162768.4532468,25,0.09659186937000104,24.988636
1681162769.436191,25,0.09355743109800065,24.9949054
1681162770.4294808,25,0.09057078309800053,25.0008449
1681162771.396083,25,0.09533026385000146,24.9916496
1681162772.401311,25,0.09186028785000087,24.9986438
1681162773.3814392,25,0.08976678740200113,25.0027236
1681162774.361968,25,0.09350959295200112,24.9954185
1681162775.3550293,25,0.09207132602400059,24.9983596
1681162776.3464372,25,0.08538118452000065,25.0112953
1681162777.3373208,25,0.08624826652000041,25.0091934
1681162778.3178146,25,0.0854486096000004,25.0103836
1681162779.3142405,25,0.096400386816001,24.9889163
1681162780.3045096,25,0.09102717281600033,24.9996757
1681162781.3005562,25,0.09442559145600073,24.9931488
1681162782.2905545,25,0.08545575145600083,25.010662
1681162783.2830284,25,0.08892032073600141,25.0035915
1681162784.2600658,25,0.09715003073600094,24.987627
1681162785.2499206,25,0.08859791065000089,25.0045547
1681162786.2262013,25,0.08522441623400023,25.0108737
1681162787.212619,25,0.08722477829800003,25.0066127
1681162788.1985838,25,0.09217265271800032,24.9968414
1681162789.1893222,25,0.09158261556600006,24.9980964
1681162790.1870542,25,0.08954973556600161,25.002079
1681162791.171443,25,0.09356498579600166,24.9942741
1681162792.1584485,25,0.08834097365199997,25.0045433
1681162793.144573,25,0.08578645165200131,25.0092811
1681162794.1247618,25,0.08231864884400096,25.0156116
1681162795.1112444,25,0.08770393530800125,25.0046577
1681162796.0910792,25,0.08738132598000167,25.0051021
1681162797.0839307,25,0.08494741358000016,25.009592
1681162798.0602772,25,0.08577716558000058,25.0076274
1681162799.0373502,25,0.084339518276001,25.0101108
1681162800.0265617,25,0.08860642592400104,25.0015182
1681162801.0201743,25,0.08909261808400035,25.0005245
1681162802.0097952,25,0.08737857524600029,25.0038051
1681162802.9996264,25,0.08352560924599997,25.0110683
1681162803.9921474,25,0.08460132059000089,25.0085792
1681162804.9781425,25,0.08283983659000058,25.0116367
1681162805.9590428,25,0.08444851875000017,25.0081005
1681162806.9455197,25,0.07988089547000031,25.0165824
1681162807.9256313,25,0.08563761611000047,25.004877
1681162808.9213266,25,0.0864495070800001,25.0031299
1681162809.9085486,25,0.08152703180000155,25.0124835
1681162810.896326,25,0.08468515658400075,25.0059337
1681162811.87055,25,0.08364740626400001,25.0077056
1681162812.8479228,25,0.08377524396000001,25.0071678
1681162813.8375883,25,0.09134680450400086,24.9923267
1681162814.8198137,25,0.0860827984540003,25.0027465
1681162815.8125973,25,0.08337229907800003,25.0078582
1681162816.802405,25,0.08593053441800128,25.0026378
1681162817.8288772,25,0.08622271971600078,25.0019721
1681162818.8024197,25,0.08951334264400047,24.9955654
1681162819.7846239,25,0.08251026757199999,25.0092144
1681162820.759128,25,0.09331059806800013,24.9880828
1681162821.7364717,25,0.09159590398599973,24.9918289
1681162822.7521567,25,0.08771193804999984,24.9996128
1681162823.7384546,25,0.08597593526399981,25.0029697
1681162824.7188933,25,0.0906554660960003,24.9938526
1681162825.708363,25,0.09096883809600131,24.9934864
1681162826.6977756,25,0.09551432026999959,24.9849777
1681162827.6780477,25,0.0977557702699998,24.981245
1681162828.6748526,25,0.09524569001000056,24.9867858
1681162829.6611824,25,0.10015960601000057,24.9778442
1681162830.6304479,25,0.09421999417000068,24.9901065
1681162831.6163194,25,0.09698418898000047,24.9851627
1681162832.5938408,25,0.09860937411600133,24.9825973
1681162833.5808704,25,0.10280319075600022,24.975172
1681162834.5634255,25,0.09448489277200046,24.9921188
1681162835.545988,25,0.09706969794200115,24.9874439
1681162836.5432277,25,0.09706295194200083,24.9879398
1681162837.5257201,25,0.09683643031000069,24.9888324
1681162838.509555,25,0.09358396675800115,24.9955139
1681162839.5027604,25,0.09054598363799987,25.0015296
1681162840.5020645,25,0.08840081163799962,25.0055961
1681162841.4851348,25,0.08887547629400051,25.0044708
1681162842.4653974,25,0.08927022170200138,25.0035419
1681162843.4455664,25,0.08088883220199988,25.019535
1681162844.4316347,25,0.09054236637799983,25.0002193
1681162845.411667,25,0.08711249361600128,25.0068149
1681162846.4025264,25,0.09340318761600126,24.9944553
1681162847.3807616,25,0.08949195889600126,25.0021915
1681162848.3565142,25,0.085136244478,25.0104961
1681162849.3372245,25,0.08882021358200062,25.0030097
1681162850.323032,25,0.08509922023200049,25.0100555
1681162851.2924364,25,0.0855274448280009,25.0088558
1681162852.2590425,25,0.08330841974000051,25.0127983
1681162853.2459188,25,0.08396727536000029,25.0110454
1681162854.222928,25,0.08367553568000084,25.0111885
1681162855.2099247,25,0.08484304750400001,25.0085182
1681162856.1857462,25,0.08886146681200001,25.0004634
1681162857.1756978,25,0.08746458292200084,25.0031337
1681162858.1616845,25,0.0824904049219999,25.0125789
1681162859.1422782,25,0.08713345671400054,25.0031681
1681162860.1407564,25,0.0826582457859997,25.0116596
1681162861.1180196,25,0.08370826094600091,25.0091972
1681162862.0981944,25,0.09276633896199957,24.9914188
1681162863.078526,25,0.08993301536600087,24.9971942
1681162864.0745473,25,0.09510192736600055,24.9873619
1681162865.0942464,25,0.08335552400600084,25.0104312
1681162866.082919,25,0.08867528000600022,24.9997997
1681162867.070959,25,0.08816502755799999,25.0007896
1681162868.0567226,25,0.08598905155800073,25.0049438
1681162869.0458615,25,0.09189565555800006,24.9933948
1681162870.0382493,25,0.08842061909799971,25.0003318
1681162871.0260165,25,0.08885914322599966,24.9994754
1681162872.0107217,25,0.08291819592999981,25.0109272
1681162873.000202,25,0.08476473590000128,25.0069599
1681162873.9797568,25,0.08829722554799957,24.9998989
1681162874.9744303,25,0.09154649154799947,24.9936542
1681162875.9540772,25,0.09271659517000064,24.9916381
1681162876.9408581,25,0.09277270917000077,24.9918518
1681162877.9377098,25,0.09283889973000073,24.992033
1681162878.9274225,25,0.09286735573000088,24.9922847
1681162879.922665,25,0.08654549621000084,25.0047416
1681162880.9121275,25,0.08294028801799952,25.0114994
1681162881.9005044,25,0.08680074334600023,25.0036354
1681162882.8871849,25,0.08833977534600082,25.0005359
1681162883.8672543,25,0.08381900166599976,25.0092144
1681162884.8534133,25,0.08329768761799995,25.0098686
1681162885.8269818,25,0.08849848149599991,24.9994869
1681162886.8172438,25,0.08203515949600045,25.0119361
1681162887.7927783,25,0.08202769065799989,25.0115051
1681162888.7727897,25,0.08258733825800074,25.0099925
1681162889.7521412,25,0.07857670804999942,25.0173416
1681162890.7391086,25,0.07656166405000023,25.0205497
1681162891.7252014,25,0.0760204661780007,25.0208129
1681162892.7149682,25,0.07402885844999998,25.0238571
