t,i,temp_desired,temp_tc,therm_res,therm_temp
1682459942.6932893,-20,1,16.6640186,985.226135,8.205275197051852
1682459944.1933174,-20,1,16.8845233,985.581787,8.326567397923023
1682459945.6892796,-20,1,17.1180858,985.906616,8.437329537504697
1682459947.1892664,-20,1,17.3325881,986.28656,8.566863168565446
1682459948.6852665,-20,1,17.5600242,986.66333,8.69529133309389
1682459950.1813068,-20,1,17.7645092,987.004395,8.811528819818493
1682459951.6782622,-20,1,17.9524459,987.373352,8.937250665532979
1682459953.178292,-20,1,18.1310253,987.738525,9.061661184600641
1682459954.6762445,-20,1,18.2956371,988.101379,9.185260045856305
1682459956.17424,-20,1,18.4604282,988.422363,9.294578801905404
1682459957.6522868,-20,1,18.5866756,988.765381,9.411383157694678
1682459959.1492832,-20,1,18.6985588,989.105591,9.527212357154331
1682459960.6463213,-20,1,18.8199253,989.413147,9.63190779310632
1682459962.133307,-20,1,18.9148921,989.743958,9.744502261062673
1682459963.6283066,-20,1,18.9983634,990.038879,9.844866202470456
1682459965.1303296,-20,1,19.0793495,990.322998,9.941540730977444
1682459966.629282,-20,1,19.1585102,990.635376,10.047815507913928
1682459968.1282735,-20,1,19.2099304,990.92157,10.145168222343584
1682459969.6273084,-20,1,19.2560615,991.1745,10.231194643904256
1682459971.113333,-20,1,19.3021583,991.442505,10.322337007715806
1682459972.599315,-20,1,19.3335323,991.711548,10.413820620303744
1682459974.111272,-20,1,19.3834171,991.956482,10.497096132253054
1682459975.5943515,-20,1,19.4043178,992.181885,10.573722651579743
1682459977.0793364,-20,1,19.441883,992.424072,10.656045748711058
1682459978.5763326,-20,1,19.4452095,992.651062,10.733194501744917
1682459980.0783145,-20,1,19.4576244,992.850647,10.801022004450788
1682459981.576353,-20,1,19.4669017,993.065735,10.874110849120235
1682459983.075302,-20,1,19.4628906,993.271912,10.944164608002652
1682459984.5732977,-20,1,19.4715576,993.445984,11.003304526124941
1682459986.072287,-20,1,19.4714908,993.636108,11.06789239971084
1682459987.57132,-20,1,19.4607143,993.821411,11.130836869664087
1682459989.0712652,-20,1,19.4415874,993.992432,11.188925032979759
1682459990.568264,-20,1,19.4318599,994.133728,11.236913371005611
1682459992.0662978,-20,1,19.4124546,994.301208,11.293790387159909
1682459993.565292,-20,1,19.3895053,994.443665,11.342165895476954
1682459995.0632436,-20,1,19.3611106,994.580505,11.388630889487825
1682459996.5492706,-20,1,19.3368701,994.711182,11.433000362664798
1682459998.0472617,-20,1,19.309061,994.83844,11.47620630703546
1682459999.5472927,-20,1,19.2855968,994.958557,11.516985372997157
1682460001.0472417,-20,1,19.2283706,995.071533,11.555337977452563
1682460002.5572026,-20,1,19.1960487,995.183716,11.593419334034303
1682460004.0562346,-20,1,19.150156,995.287231,11.628556467094096
1682460005.5532324,-20,1,19.1117973,995.371948,11.657311516958359
1682460007.0521836,-20,1,19.0797595,995.469788,11.690519393830465
1682460008.5481803,-20,1,19.0332927,995.564209,11.722565359897017
1682460010.0312564,-20,1,18.9853248,995.640564,11.748478771037096
1682460011.5282133,-20,1,18.9392433,995.70105,11.769005881173937
1682460013.0252516,-20,1,18.885683,995.780212,11.79587016450672
1682460014.5072463,-20,1,18.8352355,995.843872,11.817472980281117
1682460016.0082304,-20,1,18.7773742,995.904785,11.838142997197906
1682460017.5062265,-20,1,18.744297,995.953369,11.854628901932013
1682460019.005258,-20,1,18.6908969,995.99823,11.869851150301692
1682460020.5032523,-20,1,18.6371459,996.040649,11.884244479325146
1682460022.0052357,-20,1,18.5844879,996.084656,11.89917633050425
1682460023.504186,-20,1,18.5265007,996.116028,11.909820855862286
1682460025.0011864,-20,1,18.476324,996.144897,11.919615972363724
1682460026.497183,-20,1,18.4191722,996.171143,11.928521000390928
1682460027.998167,-20,1,18.3532695,996.196716,11.937197578618052
1682460029.4971657,-20,1,18.2944755,996.21106,11.942064260481848
1682460030.997189,-20,1,18.2355308,996.21759,11.944279770425819
1682460032.4961402,-20,1,18.1753387,996.242737,11.952811624697961
1682460033.9961276,-20,1,18.1337757,996.233826,11.94978831935171
1682460035.493124,-20,1,18.0832538,996.241272,11.952314583458975
1682460036.9961498,-20,1,18.0220336,996.234436,11.949995279278243
1682460038.494141,-20,1,17.9718265,996.234558,11.950036671256367
1682460039.9950886,-20,1,17.913187,996.229492,11.948317884306386
1682460041.4910846,-20,1,17.8543319,996.202515,11.939165087370373
1682460042.9870834,-20,1,17.7908496,996.195862,11.936907829499871
1682460044.4871144,-20,1,17.7274475,996.165588,11.926636248924119
1682460045.989057,-20,1,17.6638774,996.146667,11.920216520693492
1682460047.4890478,-20,1,17.6006603,996.123169,11.912243776254467
1682460048.9880805,-20,1,17.547388,996.098694,11.903939446139603
1682460050.4890234,-20,1,17.4786109,996.068054,11.893543204510237
1682460051.9880152,-20,1,17.4180545,996.02655,11.879460533984524
1682460053.4750366,-20,1,17.3622436,996.006226,11.872564321339466
1682460054.9740732,-20,1,17.3188972,995.966248,11.85899904147093
1682460056.4800034,-20,1,17.2553768,995.918884,11.842927219981213
1682460057.9859736,-20,1,17.1963157,995.876587,11.828574455247166
1682460059.4739945,-20,1,17.1352348,995.829773,11.812688586558142
1682460060.9710336,-20,1,17.0843353,995.779724,11.795704560749742
1682460062.4649968,-20,1,17.0189819,995.728088,11.77818156534946
1682460063.9620347,-20,1,16.9512176,995.677063,11.760865493150213
1682460065.461983,-20,1,16.8955879,995.629944,11.744874604749024
1682460066.9629683,-20,1,16.832386,995.569641,11.72440890684921
1682460068.4599648,-20,1,16.7758064,995.500305,11.700876852819244
1682460069.9459903,-20,1,16.7181053,995.451782,11.684408093160437
1682460071.4419894,-20,1,16.6557903,995.388489,11.66292580693609
1682460072.9399877,-20,1,16.6019344,995.328308,11.642499164141434
1682460074.4369805,-20,1,16.5430488,995.263916,11.620642574414898
1682460075.925043,-20,1,16.4844245,995.190857,11.595843330844732
1682460077.422995,-20,1,16.4238033,995.119446,11.571602652008396
1682460078.9239824,-20,1,16.3676071,995.051147,11.548417578961384
1682460080.4080126,-20,1,16.2963638,994.967285,11.519948390358547
1682460081.9189742,-20,1,16.2353324,994.903748,11.49837830629583
1682460083.4059958,-20,1,16.1732883,994.839722,11.476641551368367
1682460084.9030306,-20,1,16.1132793,994.7547,11.44777565242886
1682460086.3870254,-20,1,16.0652427,994.675476,11.420877184637256
1682460087.8850176,-20,1,16.0040149,994.589844,11.39180190273795
1682460089.3730412,-20,1,15.9429197,994.504028,11.362662954704433
1682460090.866046,-20,1,15.8859367,994.431335,11.3379790074574
1682460092.4139073,-20,1,15.8270645,994.340088,11.306993572867064
1682460093.914935,-20,1,15.7968893,994.249573,11.2762553765502
1682460095.4019165,-20,1,15.7296552,994.171204,11.249640796118713
1682460096.8989158,-20,1,15.6733551,994.080688,11.21889978351696
1682460098.3959525,-20,1,15.619605,993.996582,11.190334542937567
1682460099.8799427,-20,1,15.5712709,993.903198,11.158616836840705
1682460101.3789327,-20,1,15.5228939,993.811829,11.127582153767525
1682460102.8978703,-20,1,15.4666242,993.720459,11.096545777682838
1682460104.3838966,-20,1,15.4026412,993.628113,11.06517650060153
1682460105.8808951,-20,1,15.3586368,993.537476,11.03438641398575
1682460107.3808815,-20,1,15.2958889,993.444763,11.00288971581402
1682460108.865913,-20,1,15.2396965,993.338257,10.966705503580789
1682460110.3479497,-20,1,15.1821069,993.253967,10.938067622378629
1682460111.846942,-20,1,15.1331405,993.150269,10.902834210391742
1682460113.3858674,-20,1,15.0680694,993.052795,10.869713932541162
1682460114.8838177,-20,1,15.0188179,992.950012,10.834788061897793
1682460116.3718815,-20,1,14.9660367,992.855835,10.802785022075943
1682460117.8748217,-20,1,14.9227409,992.752136,10.767544569775614
1682460119.37082,-20,1,14.8666687,992.653564,10.734044828178693
1682460120.8548942,-20,1,14.8106327,992.579102,10.708737835614832
1682460122.3448691,-20,1,14.7750453,992.461182,10.66865916829116
1682460123.8817556,-20,1,14.7184991,992.348816,10.630466093884998
1682460125.3797493,-20,1,14.6645669,992.252319,10.597665237329522
1682460126.8967376,-20,1,14.6162204,992.154358,10.564365196540425
1682460128.407655,-20,1,14.5727434,992.043396,10.526643821327811
1682460129.9116313,-20,1,14.5218086,991.942261,10.492261377840821
1682460131.4066343,-20,1,14.4698867,991.831726,10.454681354106437
1682460132.9086177,-20,1,14.4169769,991.732117,10.420814283454577
1682460134.390653,-20,1,14.3626451,991.629822,10.38603229344441
1682460135.8886483,-20,1,14.3243808,991.525146,10.350438962567587
1682460137.3896737,-20,1,14.2752542,991.422485,10.315529067957536
1682460138.8886673,-20,1,14.2281208,991.305237,10.275656763860512
1682460140.372656,-20,1,14.1689357,991.208862,10.242881026402959
1682460141.874647,-20,1,14.1267385,991.091736,10.203046140818465
1682460143.375669,-20,1,14.0742654,991.005432,10.173692476468911
1682460144.8726218,-20,1,14.0234518,990.873108,10.12868416313925
1682460146.370618,-20,1,13.9759864,990.7771,10.096026487632741
1682460147.8656662,-20,1,13.9437799,990.667603,10.058778619038433
1682460149.3606699,-20,1,13.90489,990.559326,10.02194384101497
1682460150.854675,-20,1,13.8551321,990.450439,9.984899621356313
1682460152.3586535,-20,1,13.8071031,990.338257,9.946732396750965
1682460153.8516598,-20,1,13.7696876,990.233765,9.911179665222729
1682460155.3496528,-20,1,13.7145051,990.131104,9.876248187072703
1682460156.833687,-20,1,13.6675834,990.008606,9.834564714908552
1682460158.3276885,-20,1,13.6216354,989.901001,9.797946996997947
1682460159.8229992,-20,1,13.5739068,989.808167,9.766354297512715
1682460161.3159723,-20,1,13.5259151,989.692322,9.726928664406556
1682460162.8139648,-20,1,13.4776859,989.587524,9.69126078144481
1682460164.311003,-20,1,13.4402513,989.476563,9.653493375971204
1682460165.8378768,-20,1,13.3892412,989.366211,9.615931261807093
1682460167.3338788,-20,1,13.3634157,989.245361,9.574793511583238
1682460168.8278835,-20,1,13.3201475,989.151978,9.543003989212531
1682460170.3268726,-20,1,13.2806406,989.044312,9.50635046922388
1682460171.829855,-20,1,13.2308969,988.934692,9.469029790920532
1682460173.3348322,-20,1,13.1936349,988.820313,9.430086795960891
1682460174.8268404,-20,1,13.1519556,988.710266,9.39261671510026
1682460176.3278246,-20,1,13.1115121,988.610596,9.358678209064331
1682460177.8268576,-20,1,13.0646648,988.492981,9.31862718674784
1682460179.3258138,-20,1,13.0165233,988.393799,9.284851332900438
1682460180.8208094,-20,1,12.9714355,988.289124,9.24920312671803
1682460182.315813,-20,1,12.9350156,988.162292,9.206006715031252
1682460183.7968514,-20,1,12.8923187,988.068726,9.174138344464744
1682460185.2918541,-20,1,12.8478279,987.954834,9.135345052703297
1682460186.8068898,-20,1,12.8032836,987.844604,9.097797072704266
1682460188.3008504,-20,1,12.765233,987.731018,9.059103849902801
1682460189.7988474,-20,1,12.7282867,987.631348,9.025149393192045
1682460191.298834,-20,1,12.6849155,987.523987,8.98857303527975
1682460192.7838628,-20,1,12.6440773,987.402649,8.947232643618872
1682460194.2808585,-20,1,12.6075868,987.309265,8.915414662755682
1682460195.7708771,-20,1,12.5703706,987.196106,8.876856992642752
1682460197.3007827,-20,1,12.52147,987.104065,8.845493500593822
1682460198.7848141,-20,1,12.4858551,986.992432,8.807452062816031
1682460200.2838967,-20,1,12.4342184,986.889404,8.772341160720607
1682460201.7848394,-20,1,12.3981752,986.774414,8.733151677473481
1682460203.2838712,-20,1,12.3680248,986.67395,8.69891099535239
1682460204.7798696,-20,1,12.3286685,986.56427,8.661527378977722
1682460206.2768261,-20,1,12.2813167,986.461182,8.626388800593583
1682460207.7907758,-20,1,12.2454061,986.355042,8.590208098290805
1682460209.2768035,-20,1,12.2298641,986.236206,8.54969742914301
1682460210.775795,-20,1,12.1823406,986.149536,8.52015054831436
1682460212.2698004,-20,1,12.1502065,986.041626,8.483360966582037
1682460213.761808,-20,1,12.1217947,985.927673,8.444509082413878
1682460215.2588518,-20,1,12.0807428,985.835571,8.413105665922151
1682460216.742836,-20,1,12.0446453,985.73114,8.37749682819045
1682460218.281721,-20,1,12.0102539,985.621643,8.340158667111172
1682460219.7777202,-20,1,11.9742546,985.520325,8.305607769676731
1682460221.2727242,-20,1,11.9345302,985.406433,8.266766946596324
1682460222.7697196,-20,1,11.8912744,985.322388,8.238103542576962
1682460224.2627275,-20,1,11.8641242,985.208191,8.19915499283068
1682460225.7617195,-20,1,11.8467416,985.107971,8.164971739036158
1682460227.2487826,-20,1,11.8102178,985.010254,8.131640626409352
1682460228.7716699,-20,1,11.778634,984.903259,8.095143004843537
1682460230.274687,-20,1,11.7560081,984.805542,8.061808607879655
1682460231.7736425,-20,1,11.6985616,984.694397,8.023891584113965
1682460233.2716365,-20,1,11.6588029,984.604858,7.993343953502314
1682460234.7825966,-20,1,11.6178197,984.495117,7.955902298318047
1682460236.278594,-20,1,11.5796356,984.391418,7.920520246645068
1682460237.7785823,-20,1,11.5610818,984.287354,7.885011880791372
1682460239.2686012,-20,1,11.5222263,984.196777,7.854104054744173
1682460240.7945204,-20,1,11.4896574,984.095703,7.819612718031873
1682460242.2955475,-20,1,11.4582271,983.989197,7.783265903019091
1682460243.7905056,-20,1,11.4295539,983.895874,7.751416457013723
1682460245.2805219,-20,1,11.3953981,983.80658,7.720940694875507
1682460246.8064432,-20,1,11.362605,983.695251,7.682942619726765
1682460248.3024402,-20,1,11.3203506,983.598999,7.650088882920753
1682460249.7895005,-20,1,11.2888393,983.503723,7.617566783647377
1682460251.2894552,-20,1,11.2661838,983.404297,7.583626505170671
1682460252.779471,-20,1,11.2447385,983.307007,7.5504138017041615
1682460254.264496,-20,1,11.2077293,983.2229,7.521700234090833
1682460255.7604966,-20,1,11.1743974,983.126038,7.488630752111326
1682460257.2545028,-20,1,11.1418457,983.021729,7.453017075998816
1682460258.7485461,-20,1,11.127283,982.927307,7.420777521825364
1682460260.2445054,-20,1,11.0804615,982.840393,7.3911002100112055
1682460261.7405448,-20,1,11.052947,982.7323,7.35418946460604
1682460263.254456,-20,1,11.0199975,982.638245,7.322070738915131
1682460264.7614288,-20,1,10.9961061,982.54718,7.290971676070168
1682460266.2544744,-20,1,10.9724311,982.454956,7.259475417567457
1682460267.754423,-20,1,10.9325571,982.362366,7.227852753216291
1682460269.2893171,-20,1,10.9075241,982.259094,7.192580152325462
1682460270.7952914,-20,1,10.8673,982.171936,7.1628099279789454
1682460272.2903352,-20,1,10.8485326,982.087036,7.1338097560230675
1682460273.7852964,-20,1,10.8125467,981.993286,7.101785217298026
1682460275.3052294,-20,1,10.7833156,981.903503,7.071114427713241
1682460276.8072138,-20,1,10.7480907,981.79895,7.0353963799249355
1682460278.294237,-20,1,10.7325229,981.712769,7.005953333758819
1682460279.793229,-20,1,10.6965789,981.625183,6.976029025342201
1682460281.2942142,-20,1,10.6810569,981.534058,6.944894251949447
1682460282.7912164,-20,1,10.6446037,981.438293,6.912172648387989
1682460284.287211,-20,1,10.6198797,981.358337,6.884851606752803
1682460285.7872007,-20,1,10.5872001,981.268005,6.853983806615792
1682460287.2802052,-20,1,10.5633935,981.171326,6.8209456491371006
1682460288.781228,-20,1,10.5303459,981.091736,6.793746165182389
1682460290.2722058,-20,1,10.5064659,981.003601,6.7636252499275065
1682460291.7701993,-20,1,10.4691495,980.908691,6.731187484176125
1682460293.2622123,-20,1,10.4475851,980.830566,6.704485277935837
1682460294.759205,-20,1,10.4202756,980.73407,6.671502688365707
1682460296.255208,-20,1,10.393382,980.646484,6.641564228818521
1682460297.758185,-20,1,10.3586893,980.559387,6.611791661406124
1682460299.2641594,-20,1,10.3266639,980.485962,6.58669165139234
1682460300.7581623,-20,1,10.3034677,980.399719,6.557208727250302
1682460302.2521756,-20,1,10.2761354,980.306763,6.525429528801561
1682460303.749166,-20,1,10.244337,980.223145,6.4968415253792715
1682460305.2451649,-20,1,10.2157754,980.142578,6.469295529329992
1682460306.7451556,-20,1,10.2020406,980.050781,6.437908668941068
1682460308.2611046,-20,1,10.1797304,979.970947,6.410611016471261
1682460309.7979915,-20,1,10.1433515,979.874329,6.377572998480554
1682460311.2939894,-20,1,10.1225528,979.812195,6.356325787577947
1682460312.7909842,-20,1,10.094366,979.719116,6.324495495204267
1682460314.2800038,-20,1,10.070755,979.638855,6.297047432687342
1682460315.7790318,-20,1,10.0523786,979.554932,6.268345881015031
1682460317.2720027,-20,1,10.0168561,979.477356,6.2418139581314644
1682460318.7670054,-20,1,9.9928255,979.397034,6.2143418208479515
1682460320.2929235,-20,1,9.96957874,979.312866,6.185553109420335
1682460321.7869294,-20,1,9.94351863,979.228088,6.15655456894593
1682460323.2719574,-20,1,9.92855644,979.154297,6.13131319249645
1682460324.7679925,-20,1,9.90085697,979.078003,6.105214677442085
1682460326.2479973,-20,1,9.87240505,979.0,6.078530554240401
1682460327.7430434,-20,1,9.84192085,978.912903,6.048734264908428
1682460329.2399962,-20,1,9.82256793,978.829895,6.02033567217775
1682460330.7569425,-20,1,9.79725074,978.754883,5.994671679181347
1682460332.239975,-20,1,9.76439189,978.678223,5.968442889806979
1682460333.728992,-20,1,9.73829269,978.592407,5.939080271263302
1682460335.2040489,-20,1,9.71017646,978.514099,5.9122855090601885
1682460336.7299695,-20,1,9.69210338,978.448547,5.889854704509048
1682460338.2349436,-20,1,9.67986297,978.369568,5.862828457828803
1682460339.7618592,-20,1,9.66630268,978.293213,5.836699148755629
1682460341.2468886,-20,1,9.63164997,978.216675,5.810506245600621
1682460342.7438843,-20,1,9.6226654,978.152832,5.788657093799073
1682460344.240881,-20,1,9.60006046,978.06366,5.758138402855805
1682460345.727947,-20,1,9.57392311,977.990051,5.732945080792746
1682460347.223905,-20,1,9.55808734,977.928101,5.711741456742917
1682460348.7248898,-20,1,9.52494621,977.846252,5.683726026636559
1682460350.2159047,-20,1,9.50571537,977.776672,5.659909179076777
1682460351.7019658,-20,1,9.47926425,977.700562,5.63385622897962
1682460353.2079034,-20,1,9.45806217,977.615967,5.604897680127097
1682460354.6989176,-20,1,9.43821144,977.555725,5.5842749229781585
1682460356.1909666,-20,1,9.41989135,977.467224,5.553977116889103
1682460357.692909,-20,1,9.40152549,977.407837,5.533645591664844
1682460359.1839244,-20,1,9.36610126,977.331482,5.507504101194988
1682460360.6759324,-20,1,9.34462356,977.261902,5.4836813094708345
1682460362.1709745,-20,1,9.32361125,977.196899,5.461424864212381
1682460363.6699238,-20,1,9.30070972,977.12854,5.438018597735704
1682460365.1659257,-20,1,9.27578163,977.047852,5.410389856986403
1682460366.6589313,-20,1,9.26581192,976.990601,5.39078562898491
1682460368.1569245,-20,1,9.25587844,976.922791,5.367565021122225
1682460369.6549208,-20,1,9.23229598,976.84314,5.340288649106588
1682460371.1479278,-20,1,9.20754146,976.775513,5.317129051533552
1682460372.64293,-20,1,9.17669296,976.710876,5.29499270160443
1682460374.141968,-20,1,9.15655136,976.633545,5.268508102507807
1682460375.6359267,-20,1,9.14173603,976.565796,5.245304364562358
1682460377.1309268,-20,1,9.11291027,976.505859,5.224775566700411
1682460378.630915,-20,1,9.106081,976.434753,5.200420542022458
1682460380.1179802,-20,1,9.07816219,976.372803,5.179200919312078
1682460381.611945,-20,1,9.07470417,976.309021,5.157353118335395
1682460383.1109364,-20,1,9.05023765,976.237793,5.132953975069555
1682460384.6109653,-20,1,9.03226089,976.165466,5.108177506273988
1682460386.1089175,-20,1,9.01854324,976.109741,5.089087655524099
1682460387.5949461,-20,1,8.99077129,976.04187,5.065836222047468
1682460389.08999,-20,1,8.97447299,975.979126,5.044340528776551
1682460390.586944,-20,1,8.95476531,975.904846,5.0188918291514115
1682460392.0849388,-20,1,8.92572879,975.858521,5.003020187677655
1682460393.5859227,-20,1,8.91646194,975.786865,4.978469061522486
1682460395.068998,-20,1,8.89598369,975.725159,4.9573263680101025
1682460396.5809133,-20,1,8.88351535,975.658813,4.934593136880833
1682460398.081901,-20,1,8.85556983,975.60022,4.91451583569775
1682460399.575904,-20,1,8.83237934,975.532227,4.891216842555559
1682460401.0599353,-20,1,8.81619167,975.469604,4.869757293308537
1682460402.5619204,-20,1,8.80430603,975.406616,4.848172007930217
1682460404.0609124,-20,1,8.77442932,975.348572,4.828280391473997
1682460405.5609436,-20,1,8.76106739,975.277954,4.804078922367855
1682460407.0778422,-20,1,8.7386856,975.219116,4.783913938646527
1682460408.5748389,-20,1,8.72178936,975.166138,4.765756803334646
1682460410.0698414,-20,1,8.7049055,975.105896,4.745109511375475
1682460411.5698297,-20,1,8.69662857,975.05365,4.7272022722653935
1682460413.0658739,-20,1,8.66931724,974.983948,4.703311307118764
1682460414.559837,-20,1,8.65986919,974.927246,4.683875607784118
1682460416.0538392,-20,1,8.64183044,974.863953,4.662180084011618
1682460417.5638008,-20,1,8.61980438,974.805115,4.64201104295119
1682460419.061797,-20,1,8.60102176,974.746338,4.621862336109614
1682460420.5617864,-20,1,8.58790874,974.694824,4.604202906270742
1682460422.0548334,-20,1,8.56660938,974.634644,4.583572139100392
1682460423.548796,-20,1,8.56314468,974.575928,4.56344267524823
1682460425.0338268,-20,1,8.54658985,974.518188,4.543647250725106
1682460426.5308652,-20,1,8.53790092,974.454346,4.521759186187064
1682460428.049759,-20,1,8.50858402,974.403076,4.504180907392771
1682460429.5357852,-20,1,8.49557018,974.350281,4.486079313673337
1682460431.031787,-20,1,8.4760313,974.297241,4.467893249886457
1682460432.530777,-20,1,8.45423221,974.236572,4.447090821337718
1682460434.0298092,-20,1,8.45230293,974.184021,4.429071428893151
1682460435.5297978,-20,1,8.43522644,974.123962,4.4084770286396315
1682460437.0307434,-20,1,8.40258121,974.071289,4.390414813403966
1682460438.545696,-20,1,8.38657951,974.005493,4.367851911047028
1682460440.042729,-20,1,8.36330318,973.970093,4.355712169987947
1682460441.5406835,-20,1,8.34681224,973.909119,4.334801833176659
1682460443.0356848,-20,1,8.34283638,973.850647,4.314748946061568
1682460444.5446935,-20,1,8.32170391,973.789917,4.2939210772001415
1682460446.0426846,-20,1,8.30461406,973.741028,4.277153732636952
1682460447.5426733,-20,1,8.29541492,973.691284,4.260092741356471
1682460449.0356393,-20,1,8.28931045,973.640686,4.24273842502379
1682460450.5306427,-20,1,8.26147079,973.592224,4.226116322391746
1682460452.0276794,-20,1,8.24230098,973.522522,4.2022083716242005
1682460453.527629,-20,1,8.23493194,973.481262,4.1880557119594926
1682460455.0136535,-20,1,8.2159872,973.428223,4.169862300869522
1682460456.5126455,-20,1,8.19896411,973.384277,4.154787610271855
1682460458.0096416,-20,1,8.18286228,973.328613,4.135692859445968
1682460459.5265858,-20,1,8.16646575,973.271667,4.116157801185538
1682460461.0236268,-20,1,8.14939022,973.235229,4.103657632039668
1682460462.520579,-20,1,8.14704036,973.176025,4.083347043013496
1682460464.018573,-20,1,8.1281557,973.115356,4.062533262156928
1682460465.5165696,-20,1,8.12113285,973.066589,4.045802267875502
1682460467.0185506,-20,1,8.09945678,973.032715,4.034180533864914
1682460468.5165427,-20,1,8.09004688,972.9729,4.013658308089406
1682460470.0145466,-20,1,8.06875133,972.915039,3.993805921120458
1682460471.5125368,-20,1,8.06758785,972.889404,3.9850102507020546
1682460473.0105686,-20,1,8.05336475,972.832764,3.965576010293138
1682460474.5115116,-20,1,8.03560352,972.772827,3.9450099238957446
1682460476.0174866,-20,1,8.0245409,972.735657,3.9322555399882497
1682460477.5065436,-20,1,8.0008955,972.678528,3.91265204439351
1682460479.001549,-20,1,7.99378347,972.636108,3.8980955066616336
1682460480.500497,-20,1,7.98618745,972.587708,3.8814865483848764
1682460481.9945047,-20,1,7.97035217,972.541138,3.8655052037902067
1682460483.4934914,-20,1,7.95043945,972.488892,3.847575604769359
1682460484.9934819,-20,1,7.93528842,972.439087,3.830483274692848
1682460486.4884841,-20,1,7.9229598,972.388916,3.8132649195730193
1682460487.9804952,-20,1,7.90185737,972.349609,3.799774723297291
1682460489.4764936,-20,1,7.88661098,972.307678,3.785383683151204
1682460490.987451,-20,1,7.87143182,972.259644,3.7688976853577936
1682460492.486447,-20,1,7.86942863,972.220581,3.7554903864135327
1682460493.9764597,-20,1,7.86309862,972.169617,3.737998013287121
1682460495.4784415,-20,1,7.84983682,972.127441,3.7235216167700247
1682460496.973444,-20,1,7.82258462,972.072388,3.704624899696417
1682460498.4734347,-20,1,7.82642459,972.044495,3.695050548016298
1682460499.9784093,-20,1,7.81400156,971.992371,3.677158487703318
1682460501.479437,-20,1,7.79211997,971.951599,3.663162792857811
1682460502.9793847,-20,1,7.77673339,971.894043,3.6434052259881073
1682460504.477378,-20,1,7.75706958,971.860291,3.6318187321862223
1682460505.9744189,-20,1,7.7527256,971.816772,3.61687911022832
1682460507.4714115,-20,1,7.74725246,971.767761,3.6000537620859445
1682460508.9693644,-20,1,7.72668218,971.733276,3.5882149108132224
1682460510.462373,-20,1,7.71383047,971.685425,3.571787123591493
1682460511.970383,-20,1,7.71324586,971.640442,3.5563436035801717
1682460513.4643457,-20,1,7.70174837,971.607117,3.544902278427501
1682460514.964335,-20,1,7.66596031,971.559265,3.5284731373502627
1682460516.468312,-20,1,7.65803766,971.513977,3.5129239474119127
1682460517.9623156,-20,1,7.65397739,971.476318,3.49999383819317
1682460519.463343,-20,1,7.63331413,971.441833,3.4881533044575455
1682460520.9573095,-20,1,7.63072013,971.398926,3.4734207723949053
1682460522.4552999,-20,1,7.60970401,971.351013,3.4569690176428254
1682460523.9463143,-20,1,7.60594749,971.302551,3.440328363200118
1682460525.4433093,-20,1,7.59385776,971.278198,3.431965995702269
1682460526.9253886,-20,1,7.60001468,971.232056,3.4161214182494923
1682460528.422386,-20,1,7.57043504,971.193787,3.402980058593232
1682460529.9193869,-20,1,7.5690031,971.155457,3.389817505981602
1682460531.4123473,-20,1,7.55437564,971.113953,3.3755647217142215
1682460532.9392657,-20,1,7.53715515,971.077454,3.363030453440034
1682460534.434268,-20,1,7.52742052,971.031372,3.347204929851185
1682460535.9313042,-20,1,7.52193784,970.992859,3.3339784864025312
1682460537.4332473,-20,1,7.51916837,970.958435,3.322156109796403
1682460538.926255,-20,1,7.49675321,970.917542,3.308111799742495
1682460540.4213,-20,1,7.48416566,970.887024,3.297630501695063
1682460541.916259,-20,1,7.47693157,970.844482,3.283019343385918
1682460543.4302182,-20,1,7.47248554,970.799255,3.26748568235999
1682460544.9222205,-20,1,7.45698595,970.764526,3.2555574307004265
1682460546.421212,-20,1,7.44855737,970.726013,3.242329265022095
1682460547.9072778,-20,1,7.43717527,970.689758,3.2298764336114663
1682460549.3932636,-20,1,7.4225068,970.64801,3.2155365990773026
1682460550.894292,-20,1,7.40386724,970.617615,3.2050961721408417
1682460552.387297,-20,1,7.38915967,970.579407,3.191971825682636
1682460553.9301312,-20,1,7.38408041,970.538757,3.1780083900004086
1682460555.4311166,-20,1,7.37429714,970.49884,3.164296473112873
1682460556.9281123,-20,1,7.36565923,970.474304,3.15586796182824
1682460558.4251091,-20,1,7.3506608,970.43219,3.141400889023373
1682460559.92111,-20,1,7.34068536,970.395264,3.1287157620776234
1682460561.4181466,-20,1,7.35409021,970.35675,3.11548486852666
1682460562.9161458,-20,1,7.32749557,970.325134,3.1046234910751145
1682460564.4161332,-20,1,7.32166051,970.28656,3.091371531556347
1682460565.9041133,-20,1,7.30483818,970.250122,3.0788531579649936
1682460567.3991132,-20,1,7.28960847,970.218628,3.0680331295348555
1682460568.8981023,-20,1,7.27402877,970.188049,3.0575272978474977
1682460570.3990932,-20,1,7.26314163,970.150635,3.044672995503612
1682460571.9120424,-20,1,7.25347757,970.108215,3.0300985011062997
1682460573.4110355,-20,1,7.23699569,970.07196,3.017641913549378
1682460574.9080703,-20,1,7.23884201,970.049805,3.010029732247617
1682460576.4060247,-20,1,7.22898674,970.01532,2.9981809530763956
1682460577.905016,-20,1,7.22087621,969.976501,2.9848428063052492
1682460579.4000201,-20,1,7.2126255,969.95697,2.978131890097052
1682460580.8930671,-20,1,7.19682788,969.905884,2.9605782688162683
1682460582.3900235,-20,1,7.19758462,969.883545,2.9529022445286537
1682460583.8820324,-20,1,7.19039344,969.843933,2.9392907456164306
1682460585.3970227,-20,1,7.16641855,969.818604,2.93058704159414
1682460586.891984,-20,1,7.16447353,969.777588,2.9164926474815522
1682460588.386032,-20,1,7.1490674,969.747192,2.9060474388956776
1682460589.8829846,-20,1,7.14050817,969.715698,2.895224752629774
1682460591.37001,-20,1,7.12199163,969.679688,2.8828499714637412
1682460592.8709962,-20,1,7.11615943,969.649414,2.8724461894482407
1682460594.3630059,-20,1,7.10923242,969.621643,2.8629024381523185
1682460595.872968,-20,1,7.09642457,969.593811,2.853337593755705
1682460597.3690112,-20,1,7.08731031,969.567871,2.8444228437333585
1682460598.8669603,-20,1,7.07910394,969.519165,2.827683840952734
1682460600.3659935,-20,1,7.0755577,969.498718,2.8206566128531527
1682460601.8609564,-20,1,7.06772089,969.457642,2.8065393946877477
1682460603.3579524,-20,1,7.06325006,969.432617,2.7979385306870053
1682460604.8579404,-20,1,7.05469608,969.397217,2.785771694306745
1682460606.3649087,-20,1,7.05057573,969.37793,2.7791427420863037
1682460607.8449526,-20,1,7.02768802,969.335815,2.764667576894734
1682460609.341951,-20,1,7.02039289,969.310791,2.7560665445820622
1682460610.8549016,-20,1,7.01686239,969.271851,2.7426822162238818
1682460612.351937,-20,1,7.00536918,969.249268,2.7349199452635533
1682460613.8469005,-20,1,6.99663352,969.221924,2.7255210998222554
1682460615.3399098,-20,1,6.97419548,969.195313,2.716374084986508
1682460616.8568935,-20,1,6.96098232,969.163818,2.7055481362106977
1682460618.3528929,-20,1,6.96101093,969.132202,2.694680427834045
1682460619.8498485,-20,1,6.96294355,969.101379,2.684085144220663
1682460621.3618467,-20,1,6.93852853,969.080139,2.676783885831323
1682460622.8647864,-20,1,6.93408727,969.052246,2.667195540929151
1682460624.357792,-20,1,6.92609739,969.021057,2.6564740263051814
1682460625.8537953,-20,1,6.92280244,968.989929,2.6457733180305847
1682460627.3458033,-20,1,6.91219663,968.956604,2.6343171781895736
1682460628.8288355,-20,1,6.9018135,968.927429,2.6242875312036253
1682460630.3128674,-20,1,6.89133501,968.90094,2.615181141012887
1682460631.8048782,-20,1,6.8989048,968.873535,2.605759724166363
1682460633.304866,-20,1,6.89730501,968.857483,2.600241235214296
1682460634.7998698,-20,1,6.88845825,968.819092,2.5870426849436208
1682460636.2998986,-20,1,6.86895132,968.789063,2.5767187575859274
1682460637.831763,-20,1,6.86761713,968.764771,2.5683670917378776
1682460639.316791,-20,1,6.85256242,968.743591,2.5610852603095293
1682460640.8137856,-20,1,6.85058784,968.713684,2.550802897113613
1682460642.3087883,-20,1,6.84137535,968.688232,2.5420520946226763
1682460643.806784,-20,1,6.83851146,968.657837,2.5316016674095856
1682460645.3037784,-20,1,6.83688974,968.632202,2.5227877055219667
1682460646.7937956,-20,1,6.84586334,968.610657,2.5153799037099764
1682460648.32171,-20,1,6.83663892,968.586609,2.5071114050380383
1682460649.8216999,-20,1,6.81065225,968.558167,2.4973319781596555
1682460651.3196924,-20,1,6.7908492,968.521973,2.4848869260994397
1682460652.8166876,-20,1,6.78078222,968.509521,2.480605342643112
1682460654.3097029,-20,1,6.78222322,968.46936,2.4667959236353116
1682460655.8096843,-20,1,6.7721343,968.447571,2.4593036303884714
1682460657.3056846,-20,1,6.76629781,968.417664,2.4490197785873673
1682460658.8086636,-20,1,6.76003694,968.405762,2.4449271027723745
1682460660.3096502,-20,1,6.75648689,968.372925,2.4336354991632296
1682460661.8006625,-20,1,6.73667573,968.349731,2.425659708349618
1682460663.296664,-20,1,6.7229948,968.320923,2.415753288414477
1682460664.793661,-20,1,6.71878385,968.30658,2.4108210029144717
1682460666.2806838,-20,1,6.70776796,968.281738,2.4022782286907582
1682460667.7746868,-20,1,6.71056127,968.259216,2.3945331763620907
1682460669.304597,-20,1,6.69254827,968.225464,2.3829260986456267
1682460670.8135617,-20,1,6.68845748,968.199768,2.374089294724786
1682460672.2926068,-20,1,6.69369363,968.178528,2.366784816589754
1682460673.774683,-20,1,6.68453598,968.15387,2.358304786268216
1682460675.266652,-20,1,6.68127536,968.13092,2.350412055213914
1682460676.7626529,-20,1,6.66999387,968.101746,2.3403787013226705
1682460678.2566562,-20,1,6.66338872,968.084473,2.334438203245033
1682460679.7865648,-20,1,6.65148258,968.067322,2.3285396135074503
1682460681.2815692,-20,1,6.65430068,968.037903,2.3184216851943975
1682460682.7835505,-20,1,6.63930845,968.002319,2.306183264899092
1682460684.279551,-20,1,6.63538551,967.985168,2.3002844380506233
1682460685.7805371,-20,1,6.64098215,967.967896,2.294343945054081
1682460687.269554,-20,1,6.61894607,967.942261,2.2855270080108774
1682460688.7645562,-20,1,6.61254453,967.923218,2.2789772608884693
1682460690.278507,-20,1,6.59534311,967.895264,2.26936250814891
1682460691.775505,-20,1,6.58472251,967.86731,2.259747623883794
1682460693.2725015,-20,1,6.57680988,967.855957,2.255842678941307
1682460694.7714934,-20,1,6.58887863,967.824402,2.2449889987356384
1682460696.2635036,-20,1,6.57746076,967.802185,2.23734712309155
1682460697.7624936,-20,1,6.58049869,967.780396,2.2298523838633404
1682460699.2594922,-20,1,6.56144905,967.761108,2.2232178442648673
1682460700.769452,-20,1,6.55808019,967.735168,2.2142951015252654
1682460702.2664902,-20,1,6.54861783,967.716125,2.207744690559914
1682460703.764444,-20,1,6.53803253,967.700195,2.202265042407963
1682460705.260445,-20,1,6.51713705,967.676636,2.194161070129936
1682460706.756487,-20,1,6.51989459,967.658386,2.1878832566677446
1682460708.2405183,-20,1,6.5233879,967.643311,2.1826975684599232
1682460709.7364728,-20,1,6.51456069,967.608643,2.17077188836471
1682460711.263389,-20,1,6.50936365,967.59668,2.1666566080139025
1682460712.7614255,-20,1,6.50721406,967.558228,2.1534289299546168
1682460714.2464125,-20,1,6.50821208,967.549561,2.1504474047309743
1682460715.7304437,-20,1,6.49807548,967.524475,2.1418175259174084
1682460717.2274423,-20,1,6.48694086,967.50708,2.135833379266953
1682460718.7244384,-20,1,6.48770904,967.487549,2.1291143551443548
1682460720.226423,-20,1,6.48888969,967.468262,2.1224792084758946
1682460721.751342,-20,1,6.47957563,967.447144,2.115214086206947
1682460723.247344,-20,1,6.47004556,967.421997,2.1065627887950464
1682460724.743343,-20,1,6.46445322,967.403625,2.100242220565175
1682460726.2273774,-20,1,6.45355272,967.38385,2.0934389109675093
1682460727.7233717,-20,1,6.45164299,967.367554,2.0878324527028744
1682460729.2223647,-20,1,6.43535661,967.348755,2.081364809451734
1682460730.7183626,-20,1,6.44209051,967.327454,2.0740363014808882
1682460732.2353194,-20,1,6.44618558,967.302917,2.0655943683326328
1682460733.7372897,-20,1,6.42622518,967.288574,2.060659624896875
1682460735.2332888,-20,1,6.42226409,967.25769,2.050033793215103
1682460736.7332816,-20,1,6.42330121,967.245911,2.0459811129041325
1682460738.2292793,-20,1,6.41499662,967.231812,2.0411301831373736
1682460739.7323017,-20,1,6.41146707,967.212402,2.0344518854379543
1682460741.227305,-20,1,6.40467357,967.193115,2.0278158448347927
1682460742.7252543,-20,1,6.39637184,967.174561,2.021431946968803
1682460744.2172644,-20,1,6.39216566,967.157837,2.0156776497754145
1682460745.7192473,-20,1,6.38488578,967.139709,2.009440219154182
1682460747.2082658,-20,1,6.37602329,967.11676,2.001543913159075
1682460748.6893055,-20,1,6.37099885,967.106323,1.9979527144398628
1682460750.1873412,-20,1,6.37032985,967.080261,1.988985132039311
1682460751.6823032,-20,1,6.37035799,967.054565,1.9801433732371727
1682460753.2201903,-20,1,6.35451507,967.048462,1.9780433703509919
1682460754.7161894,-20,1,6.35419607,967.018433,1.967710493955688
1682460756.209195,-20,1,6.351552,966.997192,1.9604014465951118
1682460757.7081866,-20,1,6.34242296,966.985474,1.9563692396240968
1682460759.192222,-20,1,6.34973621,966.969177,1.9507613434088635
1682460760.7012246,-20,1,6.33555126,966.948059,1.9434944453648768
1682460762.1981795,-20,1,6.33940172,966.924927,1.9355344251331816
1682460763.7011616,-20,1,6.32973957,966.919861,1.9337911370049918
1682460765.2021477,-20,1,6.32852983,966.894348,1.925011657512542
1682460766.6961508,-20,1,6.31987333,966.886108,1.9221761027343494
1682460768.194145,-20,1,6.30880451,966.873047,1.9176815184901495
1682460769.6881497,-20,1,6.30183029,966.850586,1.9099521153033143
1682460771.1821568,-20,1,6.29372787,966.834717,1.9044911362416357
1682460772.671174,-20,1,6.30172586,966.817871,1.8986938969429328
1682460774.1960962,-20,1,6.30597686,966.799988,1.892539740926117
1682460775.6940901,-20,1,6.29101657,966.776245,1.8843688738386979
1682460777.189134,-20,1,6.28739833,966.768188,1.8815961328660762
1682460778.686089,-20,1,6.28646087,966.747986,1.8746437559433158
1682460780.1780992,-20,1,6.27313899,966.732727,1.8693924322642268
1682460781.6691117,-20,1,6.26582527,966.716431,1.8637841858429567
1682460783.164115,-20,1,6.25507116,966.698669,1.857671366500567
1682460784.6790628,-20,1,6.24305915,966.685974,1.8533023303259284
1682460786.175062,-20,1,6.23939657,966.66272,1.8452993006356735
1682460787.668068,-20,1,6.24443435,966.647034,1.8399008005391093
1682460789.170051,-20,1,6.23881053,966.621826,1.8312251181623649
1682460790.6660507,-20,1,6.23214244,966.608215,1.8265406594263178
1682460792.1610532,-20,1,6.23484182,966.602356,1.824524174623602
1682460793.657054,-20,1,6.23406887,966.577576,1.8159956085732831
1682460795.1729996,-20,1,6.22540187,966.561401,1.8104285811311198
1682460796.6709938,-20,1,6.21802949,966.547424,1.805618014370112
1682460798.1699882,-20,1,6.20975685,966.536682,1.8019208389317134
1682460799.6819425,-20,1,6.21331739,966.52594,1.7982236440325832
1682460801.1769803,-20,1,6.20233392,966.510986,1.7930767253399005
1682460802.6750033,-20,1,6.19882583,966.498413,1.7887492781571839
1682460804.1709363,-20,1,6.19581079,966.472168,1.7797160377601327
1682460805.6679344,-20,1,6.18055105,966.458801,1.7751152186965136
1682460807.1609428,-20,1,6.18221902,966.447998,1.7713968867823533
1682460808.645973,-20,1,6.17945909,966.421143,1.7621534613500662
1682460810.1459608,-20,1,6.17502164,966.409607,1.7581827609637504
1682460811.6469438,-20,1,6.17231035,966.396179,1.753560804397989
1682460813.1449406,-20,1,6.15340709,966.387146,1.75045160247351
1682460814.6409404,-20,1,6.15409994,966.367554,1.7437078948032023
1682460816.1499383,-20,1,6.13616561,966.362671,1.7420271209135103
1682460817.6469414,-20,1,6.14093255,966.34082,1.7345057547729903
1682460819.1448941,-20,1,6.13596487,966.327332,1.7298629894519177
1682460820.6409001,-20,1,6.14086341,966.314209,1.7253458329703095
1682460822.1358957,-20,1,6.14724731,966.306763,1.722782782090156
1682460823.636882,-20,1,6.14641094,966.280518,1.7137486932189359
1682460825.1318843,-20,1,6.14735794,966.259277,1.7064370028087181
1682460826.628884,-20,1,6.13746213,966.251343,1.703705899447891
1682460828.1208906,-20,1,6.13286066,966.240906,1.7001131777297096
1682460829.6218753,-20,1,6.12370347,966.232178,1.6971087298579675
1682460831.1168785,-20,1,6.12464046,966.205383,1.6878849808216436
1682460832.614871,-20,1,6.11737775,966.196472,1.6848174851348385
1682460834.1098757,-20,1,6.11778545,966.184265,1.680615362628507
1682460835.6059136,-20,1,6.10700178,966.163086,1.6733246703384648
1682460837.132792,-20,1,6.1018567,966.147095,1.6678198531836061
1682460838.6407564,-20,1,6.09320783,966.151306,1.669269471842047
1682460840.1377552,-20,1,6.0993061,966.125244,1.6602976922614214
1682460841.6317604,-20,1,6.10288667,966.114441,1.6565787524037483
1682460843.1297524,-20,1,6.09965419,966.099243,1.6513467975613902
1682460844.6337318,-20,1,6.08680915,966.079773,1.644644137580787
1682460846.1157687,-20,1,6.08359813,966.071411,1.6417654511340545
1682460847.612764,-20,1,6.07740926,966.045166,1.6327303199839056
1682460849.1007843,-20,1,6.07047271,966.041931,1.6316166274526467
1682460850.5967863,-20,1,6.06908988,966.030945,1.6278345350883983
1682460852.0937805,-20,1,6.07156085,966.012878,1.621614659849536
1682460853.5867908,-20,1,6.07019186,966.011536,1.6211526510885474
1682460855.0787978,-20,1,6.06505823,965.993347,1.6148907154807532
1682460856.5777895,-20,1,6.07066535,965.982117,1.6110245302036212
1682460858.1096926,-20,1,6.07109165,965.970154,1.6069059694348802
1682460859.6046963,-20,1,6.05897712,965.954163,1.6014006315959297
1682460861.1017337,-20,1,6.06284236,965.935669,1.595033513921701
1682460862.5837283,-20,1,6.06206846,965.932373,1.593898760382417
1682460864.0827215,-20,1,6.05541324,965.921692,1.5902214715222005
1682460865.5777245,-20,1,6.0585618,965.90979,1.5861237901887908
1682460867.0747201,-20,1,6.05560874,965.900574,1.5829508422235925
1682460868.5906644,-20,1,6.04670429,965.87915,1.5755747845168349
1682460870.087662,-20,1,6.0460186,965.863831,1.5703005665434075
1682460871.5836623,-20,1,6.03807306,965.854126,1.566959186593028
1682460873.0796618,-20,1,6.03811693,965.83905,1.56176856833579
1682460874.565686,-20,1,6.03818511,965.833069,1.5597093186628852
1682460876.0706646,-20,1,6.02828454,965.826416,1.5574186932640297
1682460877.5776315,-20,1,6.0266776,965.802307,1.549117911022517
1682460879.073633,-20,1,6.01819992,965.788452,1.5443475593508973
1682460880.5696754,-20,1,6.00645923,965.788818,1.5444735755534886
1682460882.06663,-20,1,6.01715564,965.772888,1.5389887510537028
1682460883.5626268,-20,1,6.00883102,965.756409,1.5333148564426373
1682460885.058628,-20,1,6.01004314,965.74469,1.5292798524576765
1682460886.5496411,-20,1,6.00679492,965.732361,1.5250347925151042
1682460888.048632,-20,1,6.00000476,965.723816,1.52209260556822
1682460889.5755486,-20,1,6.00333547,965.704407,1.5154097152382051
1682460891.0755377,-20,1,5.99855756,965.69696,1.5128455536629979
1682460892.5735326,-20,1,5.99704217,965.684448,1.5085373830376965
1682460894.0755148,-20,1,6.00086164,965.670105,1.5035987242952225
1682460895.5755017,-20,1,5.99311876,965.667786,1.502800230506176
1682460897.0764878,-20,1,5.99216318,965.657715,1.499332505028979
1682460898.5754795,-20,1,5.99361324,965.638977,1.4928804447540944
1682460900.074472,-20,1,5.9823513,965.627563,1.4889502301906363
1682460901.5754983,-20,1,5.97427606,965.619385,1.4861342630344776
1682460903.0754828,-20,1,5.97842645,965.601257,1.4798921278045263
1682460904.5764322,-20,1,5.95919036,965.604004,1.480838024216324
1682460906.0774176,-20,1,5.95506763,965.589722,1.4759201753748354
1682460907.5694294,-20,1,5.94445037,965.576233,1.4712753556856972
1682460909.0524645,-20,1,5.94473505,965.561157,1.4660840300001874
1682460910.5504558,-20,1,5.93476295,965.548889,1.4618595931081868
1682460912.0474527,-20,1,5.93132591,965.532593,1.456248091165429
1682460913.5434518,-20,1,5.94432592,965.530029,1.4553651777185055
1682460915.0643864,-20,1,5.93422317,965.517395,1.451014643372176
1682460916.5923002,-20,1,5.93725013,965.514709,1.4500897123005694
1682460918.0882995,-20,1,5.92817068,965.488098,1.44092607953846
1682460919.5893254,-20,1,5.93208503,965.483032,1.4391815632019809
1682460921.0902734,-20,1,5.93010377,965.475464,1.4365754557121109
1682460922.5872686,-20,1,5.91990089,965.46991,1.4346628807146315
1682460924.0862584,-20,1,5.92691612,965.453003,1.428840755468622
1682460925.5713305,-20,1,5.93157911,965.445679,1.4263186345294656
1682460927.0722814,-20,1,5.92926263,965.42041,1.4176168344906541
1682460928.5583005,-20,1,5.92309808,965.431458,1.4214214101428084
1682460930.0572906,-20,1,5.92771434,965.409607,1.4138966090157448
1682460931.5522926,-20,1,5.93426895,965.40863,1.4135601588822533
1682460933.0652492,-20,1,5.92125177,965.397522,1.4097348782686852
1682460934.5692246,-20,1,5.90439414,965.375061,1.4019998822921937
1682460936.0542533,-20,1,5.90159606,965.362061,1.3975229746602593
1682460937.5512514,-20,1,5.89959049,965.371948,1.4009278377028977
1682460939.0532339,-20,1,5.89938402,965.364502,1.398363602339765
1682460940.5512278,-20,1,5.8872199,965.344116,1.3913430733329606
1682460942.0472271,-20,1,5.89572715,965.337646,1.3891149205860738
1682460943.5502117,-20,1,5.90206336,965.324341,1.3845328933684156
1682460945.043217,-20,1,5.89614391,965.312622,1.3804970341750031
1682460946.5432057,-20,1,5.8883028,965.297791,1.3753894125756727
1682460948.043193,-20,1,5.88875484,965.289734,1.3726146611581136
1682460949.545177,-20,1,5.88017702,965.279785,1.3691883084478864
1682460951.047161,-20,1,5.88238668,965.276245,1.367969157907149
1682460952.5451555,-20,1,5.87728404,965.265808,1.3643747178447951
1682460954.0451431,-20,1,5.87976169,965.262024,1.363071526444489
1682460955.5471263,-20,1,5.86485624,965.256592,1.3612007675410633
1682460957.034149,-20,1,5.85870838,965.243896,1.3568282968748062
1682460958.5341818,-20,1,5.85288286,965.226563,1.3508588110242372
1682460960.0391154,-20,1,5.86008977,965.224243,1.3500597990849732
1682460961.5531018,-20,1,5.85292291,965.217224,1.3476424380287106
1682460963.0540504,-20,1,5.85253238,965.203369,1.342870717136001
1682460964.5510948,-20,1,5.84825181,965.193237,1.3393811927340886
1682460966.0500405,-20,1,5.83962154,965.185852,1.3368377414458692
1682460967.5490766,-20,1,5.84785509,965.174561,1.3329490156400783
1682460969.052053,-20,1,5.84357309,965.164673,1.3295434784371327
1682460970.551005,-20,1,5.84540271,965.15863,1.3274621938749518
1682460972.0490427,-20,1,5.83476209,965.144287,1.322522261096884
1682460973.5489848,-20,1,5.835886,965.14209,1.3217655800431052
1682460975.048976,-20,1,5.84120368,965.129456,1.317414217631629
1682460976.548967,-20,1,5.83452272,965.115967,1.3127683490424575
1682460978.0439699,-20,1,5.841784,965.108582,1.3102248013188957
1682460979.5299907,-20,1,5.83088541,965.110352,1.310834427002468
1682460981.0259922,-20,1,5.8221364,965.091553,1.3043596241173772
1682460982.5130148,-20,1,5.81121158,965.093872,1.305158343655839
1682460983.9990413,-20,1,5.82332372,965.08374,1.3016686317645914
1682460985.4841104,-20,1,5.82724571,965.065979,1.2955512613462332
1682460986.9860518,-20,1,5.82811069,965.060059,1.2935122408353072
1682460988.4740767,-20,1,5.83067417,965.049927,1.2900224710407295
1682460989.9730642,-20,1,5.82423257,965.041138,1.2869952573497037
1682460991.4590898,-20,1,5.82125902,965.034119,1.2845776790914432
1682460992.9461153,-20,1,5.83014297,965.029968,1.2831479319970756
1682460994.4600644,-20,1,5.82156085,965.023865,1.2810458437122827
1682460995.9620497,-20,1,5.81531143,965.015625,1.2782076873261137
1682460997.460042,-20,1,5.810081,965.002502,1.2736876240384196
1682460998.9560425,-20,1,5.81388854,964.99762,1.2720060690234636
1682461000.45304,-20,1,5.7995162,964.981812,1.2665611373093784
1682461001.9500368,-20,1,5.79546976,964.974915,1.2641855108382574
1682461003.4510212,-20,1,5.79460334,964.974792,1.264143144221032
1682461004.9430346,-20,1,5.8023076,964.957397,1.2581515143407727
1682461006.4470093,-20,1,5.80074024,964.954163,1.2570375718792919
1682461007.9440076,-20,1,5.79334115,964.947327,1.2546829245435502
1682461009.4320273,-20,1,5.79421377,964.93811,1.2515081337324168
1682461010.9180534,-20,1,5.79271125,964.93396,1.2500786637223187
1682461012.4021282,-20,1,5.79063892,964.919128,1.244969748554068
1682461013.8831234,-20,1,5.78367376,964.918884,1.244885701904058
1682461015.3771305,-20,1,5.78928995,964.915222,1.2436243120379302
1682461016.8860934,-20,1,5.79248094,964.896545,1.2371909128912166
1682461018.371124,-20,1,5.78650951,964.895081,1.2366866272509565
1682461019.8731444,-20,1,5.78397035,964.888611,1.2344579835045357
1682461021.3720973,-20,1,5.78071498,964.875854,1.2300637111060204
1682461022.8740797,-20,1,5.76523923,964.873962,1.2294119910099044
1682461024.3621004,-20,1,5.76947259,964.868652,1.2275829001924763
1682461025.8451347,-20,1,5.76490449,964.853943,1.2225161903979143
1682461027.3481166,-20,1,5.76479387,964.843567,1.2189420178188204
1682461028.8471074,-20,1,5.76678037,964.840332,1.2178276686558132
1682461030.354078,-20,1,5.76118135,964.825256,1.212634468199462
1682461031.8560636,-20,1,5.76447486,964.821167,1.2112259316815843
1682461033.3580437,-20,1,5.75593519,964.816528,1.2096279334174207
1682461034.8560398,-20,1,5.75457143,964.803406,1.2051077729034367
1682461036.3590202,-20,1,5.74761867,964.797729,1.2031521968001437
1682461037.8440475,-20,1,5.74531698,964.784363,1.1985479423774574
1682461039.3440363,-20,1,5.75647258,964.783508,1.1982534151238224
1682461040.843029,-20,1,5.75850009,964.774475,1.1951417529745207
1682461042.3270607,-20,1,5.75219583,964.780151,1.1970970069223545
1682461043.8280454,-20,1,5.75231075,964.756287,1.1888763606049888
1682461045.3101335,-20,1,5.73248195,964.751282,1.1871522311068956
1682461046.808117,-20,1,5.73727512,964.744812,1.1849234300542038
1682461048.3060718,-20,1,5.74393367,964.750183,1.186773645461118
1682461049.8070574,-20,1,5.74196958,964.73877,1.182842061071939
1682461051.3369644,-20,1,5.73595905,964.734314,1.1813070388804812
1682461052.8249874,-20,1,5.73381567,964.722961,1.1773960930634952
1682461054.3299632,-20,1,5.74455738,964.718506,1.1758614034470796
1682461055.8249652,-20,1,5.73460912,964.708618,1.1724551039299376
1682461057.3219614,-20,1,5.73081922,964.696472,1.1682709273840712
1682461058.805991,-20,1,5.72625684,964.692078,1.1667572318151418
1682461060.3049839,-20,1,5.72446918,964.685486,1.1644863378467272
1682461061.820969,-20,1,5.71127843,964.683472,1.1637925286670052
1682461063.31896,-20,1,5.70384454,964.676697,1.1614585826224606
1682461064.8199081,-20,1,5.69752073,964.673645,1.1604071847613706
1682461066.307934,-20,1,5.70262956,964.666077,1.1578000419845715
1682461067.8099122,-20,1,5.69971084,964.653076,1.1533212319462787
1682461069.2969372,-20,1,5.7025547,964.6474,1.151365856027301
1682461070.8049057,-20,1,5.69775199,964.639465,1.1486322478958788
1682461072.3108795,-20,1,5.6998229,964.634216,1.146823961126383
1682461073.813898,-20,1,5.6893239,964.63446,1.1469080195210215
1682461075.3148446,-20,1,5.68638467,964.628906,1.1449946550427108
1682461076.80087,-20,1,5.69541883,964.621826,1.1425555728464973
1682461078.2968702,-20,1,5.69800519,964.611145,1.138875918818801
1682461079.801885,-20,1,5.69167041,964.609253,1.1382241140340326
1682461081.3038285,-20,1,5.69604539,964.607239,1.1375302788885828
1682461082.7998686,-20,1,5.68209886,964.598145,1.1343973325044299
1682461084.2998593,-20,1,5.68599605,964.584412,1.129666191776824
1682461085.7868824,-20,1,5.69275426,964.578125,1.1275002536765124
1682461087.281844,-20,1,5.68214273,964.569214,1.1244303083262932
1682461088.767909,-20,1,5.67771768,964.574402,1.126217637585965
1682461090.26985,-20,1,5.67276716,964.566895,1.1236313830774107
1682461091.754881,-20,1,5.68335199,964.5448,1.1160193265154885
1682461093.2907722,-20,1,5.68250846,964.552429,1.118647639967989
1682461094.7927961,-20,1,5.68988323,964.536743,1.11324354947653
1682461096.2907915,-20,1,5.67436027,964.533081,1.11198192297046
1682461097.7728229,-20,1,5.67743635,964.530396,1.1110568895334139
1682461099.2697866,-20,1,5.67522859,964.533081,1.11198192297046
1682461100.772765,-20,1,5.67113637,964.52478,1.109122067049495
1682461102.2727547,-20,1,5.67106962,964.50824,1.103423680663476
1682461103.785711,-20,1,5.65777111,964.506104,1.1026877792653325
1682461105.3245924,-20,1,5.67103624,964.493896,1.098481826126722
1682461106.8265758,-20,1,5.66304302,964.489563,1.0969889961009254
1682461108.3175895,-20,1,5.65274763,964.475952,1.0922996356139905
1682461109.8165796,-20,1,5.64594507,964.478027,1.0930145316957383
1682461111.320564,-20,1,5.65100097,964.48175,1.0942972084781688
1682461112.8185956,-20,1,5.65185785,964.474731,1.0918789663023083
1682461114.3185408,-20,1,5.65170574,964.457214,1.0858438326138502
1682461115.8185315,-20,1,5.64954948,964.452332,1.0841618274367197
1682461117.3175218,-20,1,5.65028429,964.451965,1.084035384033189
1682461118.8185053,-20,1,5.65832996,964.446167,1.0820377819551796
1682461120.319493,-20,1,5.64878416,964.445679,1.081869649613356
1682461121.8025715,-20,1,5.65117263,964.42926,1.0762127308004434
1682461123.2865968,-20,1,5.65073156,964.425903,1.075056121466261
1682461124.8015468,-20,1,5.6416378,964.419312,1.0727852752525493
1682461126.3035295,-20,1,5.63944435,964.415771,1.0715652651712173
1682461127.80651,-20,1,5.63820934,964.417236,1.0720700140218402
1682461129.3064983,-20,1,5.62695407,964.406616,1.0684110073037594
1682461130.7915287,-20,1,5.61991167,964.402039,1.0668340453230585
1682461132.2905211,-20,1,5.63345956,964.397705,1.065340803422947
1682461133.7925034,-20,1,5.62688922,964.387939,1.0619760016506905
1682461135.290497,-20,1,5.62812519,964.377014,1.0582118560324292
1682461136.792479,-20,1,5.63279247,964.382019,1.0599363023668098
1682461138.2785108,-20,1,5.63244009,964.374817,1.0574548899393328
1682461139.7934587,-20,1,5.63254499,964.359497,1.0521764327606944
1682461141.29145,-20,1,5.63249731,964.368042,1.0551205901771796
1682461142.7924361,-20,1,5.63404989,964.360962,1.0526811955590738
1682461144.295419,-20,1,5.62429761,964.350403,1.0490431052589961
1682461145.7904181,-20,1,5.62383937,964.349304,1.0486644450938107
1682461147.2894082,-20,1,5.61749982,964.343201,1.046561654306994
1682461148.789447,-20,1,5.62274122,964.342224,1.0462250280297956
1682461150.2854452,-20,1,5.61496305,964.333984,1.0433859217842112
1682461151.7834377,-20,1,5.6278572,964.326172,1.04069427307009
1682461153.2814765,-20,1,5.61595678,964.32666,1.0408624152787342
1682461154.782418,-20,1,5.60757541,964.311707,1.0357102854078895
1682461156.2684457,-20,1,5.61573171,964.311951,1.0357943571145098
1682461157.7664378,-20,1,5.61456966,964.310852,1.0354156897991134
1682461159.2634346,-20,1,5.6015892,964.302856,1.0326606118961863
1682461160.749464,-20,1,5.60057115,964.293884,1.0295692334655608
1682461162.2434673,-20,1,5.59616804,964.286133,1.0268985499383028
1682461163.7414596,-20,1,5.58961486,964.286499,1.027024659078229
1682461165.2394607,-20,1,5.59438562,964.28479,1.0264358050038764
1682461166.7524085,-20,1,5.59863233,964.288757,1.0278026761669063
1682461168.2504396,-20,1,5.60126495,964.276611,1.023617636971672
1682461169.7483957,-20,1,5.59528207,964.267273,1.0204001083889476
1682461171.2324297,-20,1,5.59384679,964.267883,1.0206102922229505
1682461172.7344124,-20,1,5.5922594,964.254028,1.015836347155704
1682461174.233404,-20,1,5.59499168,964.255737,1.0164252101259075
1682461175.7333906,-20,1,5.59792852,964.251343,1.014911186956038
1682461177.254325,-20,1,5.58898162,964.246704,1.0133127415614296
1682461178.7503607,-20,1,5.58843231,964.243713,1.0122821403256947
1682461180.2483587,-20,1,5.58841419,964.228271,1.0069613057159141
1682461181.749303,-20,1,5.5927906,964.228516,1.007045725437705
1682461183.234337,-20,1,5.58691787,964.219482,1.0039328706917312
1682461184.7193606,-20,1,5.59240531,964.215576,1.002586971945532
1682461186.2043912,-20,1,5.58549499,964.212708,1.0015987374281559
1682461187.738289,-20,1,5.58302402,964.214172,1.0021031920418373
1682461189.2402713,-20,1,5.57938909,964.202698,0.9981495537452727
1682461190.7422976,-20,1,5.56770992,964.208801,1.0002524896306009
1682461192.2422435,-20,1,5.57157754,964.195801,0.9957730184179029
1682461193.7422338,-20,1,5.5652523,964.191833,0.9944057402767483
1682461195.2292552,-20,1,5.56519603,964.179626,0.9901994825739576
1682461196.7312803,-20,1,5.57661819,964.186646,0.9926184197972533
1682461198.2302742,-20,1,5.5793538,964.175781,0.9888745768133418
1682461199.7162595,-20,1,5.58635425,964.172302,0.9876757847635221
1682461201.2132525,-20,1,5.59365367,964.169556,0.9867295680343574
1682461202.714241,-20,1,5.59017992,964.164673,0.9850469806544957
1682461204.2162647,-20,1,5.58514642,964.164307,0.9849208639691561
1682461205.7182055,-20,1,5.57933759,964.152283,0.9807776081239088
1682461207.2042332,-20,1,5.57965278,964.15094,0.9803148327692098
1682461208.7231696,-20,1,5.58131361,964.148743,0.9795577826288784
1682461210.2231617,-20,1,5.56779527,964.148621,0.9795157434073958
1682461211.72614,-20,1,5.56800508,964.139038,0.9762135891441829
1682461213.2281225,-20,1,5.56867551,964.124329,0.9711450639622193
1682461214.7291086,-20,1,5.56537246,964.122131,0.9703876593387241
1682461216.2300985,-20,1,5.5467987,964.122253,0.9704296991072179
1682461217.727093,-20,1,5.54110383,964.11792,0.9689365966045905
1682461219.213119,-20,1,5.55716514,964.11499,0.9679269501389572
1682461220.70114,-20,1,5.55688619,964.109375,0.9659920775103488
1682461222.1861691,-20,1,5.56755876,964.101013,0.9631106063690893
1682461223.6811702,-20,1,5.55907821,964.099915,0.9627322444145714
1682461225.1642416,-20,1,5.55086183,964.098938,0.9623955779137598
1682461226.647275,-20,1,5.56069755,964.095947,0.9613649018796315
1682461228.1322675,-20,1,5.56722354,964.086304,0.95804198652173
1682461229.6312957,-20,1,5.55752992,964.088501,0.9587990598797115
1682461231.126304,-20,1,5.55424594,964.079102,0.9555602136904326
1682461232.6242542,-20,1,5.54849338,964.069397,0.9522159058121265
1682461234.1212506,-20,1,5.56284046,964.06842,0.9518792342645093
1682461235.619286,-20,1,5.55659341,964.062561,0.9498602353813725
1682461237.1152453,-20,1,5.55306816,964.063904,0.950323030825633
1682461238.6132414,-20,1,5.55803871,964.065063,0.9507224199471568
1682461240.105248,-20,1,5.55901575,964.064392,0.9504911946940138
1682461241.5992897,-20,1,5.55880928,964.051819,0.9461585500376066
1682461243.0942562,-20,1,5.55261945,964.042542,0.9429616869043073
1682461244.5922515,-20,1,5.54028272,964.036987,0.9410474215817647
1682461246.081276,-20,1,5.53381967,964.042786,0.9430457697257497
1682461247.5822542,-20,1,5.54862976,964.044739,0.9437187765363353
1682461249.081246,-20,1,5.54426527,964.033264,0.9397644645996721
1682461250.574252,-20,1,5.54216623,964.03064,0.9388602249088203
1682461252.074282,-20,1,5.52718019,964.017578,0.9343589961186664
1682461253.5712495,-20,1,5.53053617,964.010071,0.9317720343029401
1682461255.0712376,-20,1,5.5364499,964.014587,0.933328278893645
1682461256.565242,-20,1,5.52323818,964.017456,0.9343169541886045
1682461258.0652294,-20,1,5.52012014,964.020691,0.9354317536952189
1682461259.562228,-20,1,5.52537345,964.013855,0.933076026904833
1682461261.0582292,-20,1,5.52907514,964.008179,0.9311200370930389
1682461262.5741732,-20,1,5.53206872,964.001648,0.9288694014763443
1682461264.066184,-20,1,5.53020191,963.998718,0.9278596973451319
1682461265.5602484,-20,1,5.52973318,963.992188,0.9256093958786462
1682461267.0552523,-20,1,5.52953767,964.005676,0.930257483827766
1682461268.5602286,-20,1,5.52091979,963.99231,0.9256514383305444
1682461270.0582197,-20,1,5.52065849,963.982178,0.92215983857556
1682461271.5562513,-20,1,5.51611661,963.979309,0.9211711461470268
1682461273.047228,-20,1,5.51721382,963.968811,0.9175533952959932
