t,i,temp_desired,temp_tc,temp_therm
1681774428.3260033,23.2604961,0.0010964526719996963,23.2625713(1013.75049, 17.86823833816057)
1681774433.336729,23.2604961,0.004874052959500122,23.2696666(1013.76984, 17.874749269420434)
1681774438.3452597,23.2604961,0.008033470419500822,23.2752456(1013.80139, 17.885365157424367)
1681774443.4092557,23.2604961,0.002700705451498807,23.2643833(1013.79077, 17.881791776186226)
1681774448.3605604,23.2604961,0.006360232172500143,23.2711734(1013.81396, 17.889594645019155)
1681774453.376363,23.2604961,0.009763660862502428,23.2771453(1013.81732, 17.89072519595871)
1681774458.3894587,23.2604961,0.005759915862502446,23.2687263(1013.82941, 17.894793145783517)
1681774463.3927248,23.2604961,0.009125105542502742,23.2747421(1013.83734, 17.89746135842949)
1681774468.3967257,23.2604961,0.006815620542502152,23.2696647(1013.84326, 17.89945325851004)
1681774473.4002533,23.2604961,0.009763548042501877,23.2748432(1013.84564, 17.900254054621364)
1681774478.418247,23.2604961,0.004347634097501475,23.2638435(1013.85773, 17.90432195049638)
1681774483.4023767,23.2604961,0.00899251909750112,23.2725315(1013.86023, 17.905163117158544)
1681774488.427601,23.2604961,0.01242909452950209,23.2785015(1013.87158, 17.908982001420615)
1681774493.4367287,23.2604961,0.006209157029502484,23.2657966(1013.87787, 17.911098361138308)
1681774498.459507,23.2604961,0.006037008443502138,23.2652149(1013.87836, 17.911263228326753)
1681774503.45897,23.2604961,0.013669145943502851,23.2795276(1013.88385, 17.913110411178465)
1681774508.513251,23.2604961,0.013925025454004383,23.2791004(1013.8819, 17.912454308523618)
1681774513.4775186,23.2604961,0.014005844426002154,23.2783737(1013.89124, 17.915596866571573)
1681774518.491113,23.2604961,0.015675025634001933,23.2806987(1013.90063, 17.91875623388015)
1681774523.5035684,23.2604961,0.013782013079004264,23.2761287(1013.88214, 17.912535059651955)
1681774528.5095289,23.2604961,0.011391063079004417,23.2708301(1013.88568, 17.913726137740422)
1681774533.5182157,23.2604961,0.020463550075004215,23.2876148(1013.88458, 17.913356028941294)
1681774538.518062,23.2604961,0.0198395802224992,23.2851314(1013.86853, 17.90795578341498)
1681774543.5277784,23.2604961,0.0188202452224986,23.2820167(1013.88629, 17.91393137981044)
1681774548.541749,23.2604961,0.011925205222498214,23.2678585(1013.86194, 17.90573847458835)
1681774553.5542378,23.2604961,0.01081490191849791,23.2653923(1013.86731, 17.907545295802333)
1681774558.5662553,23.2604961,0.011553617454498693,23.2665653(1013.85028, 17.901815268003034)
1681774563.5716317,23.2604961,0.0040769924544989886,23.2520351(1013.84589, 17.900338171808155)
1681774568.5772364,23.177059197635906,0.04628693869564814,23.249401(1013.83984, 17.89830253312363)
1681774573.6372628,23.092718299440005,0.08737721427079835,23.2397956(1013.84094, 17.89867264967706)
1681774578.5843875,23.010089715531922,0.13171977133316856,23.2347259(1013.81769, 17.890849691042742)
1681774583.5973632,22.926632245591737,0.1805765889078259,23.2335853(1013.8183, 17.891054939647596)
1681774588.605245,22.84329272926992,0.21903206633698602,23.2088775(1013.80176, 17.885489653437162)
1681774593.6203628,22.7596180719251,0.2627867219055203,23.1910705(1013.76813, 17.874173887174152)
1681774598.620537,22.67629432301865,0.31589708828328056,23.188364(1013.72485, 17.859610842745987)
1681774603.6200984,22.592744620851136,0.3520172243092343,23.1491508(1013.66742, 17.84028608844328)
1681774608.6385546,22.509110812556205,0.3860233356297999,23.1037044(1013.59363, 17.815455556645404)
1681774613.6787076,22.425367355556745,0.4060213301003757,23.02956(1013.50824, 17.78672052267014)
1681774618.678719,22.34204204898224,0.423698124663072,22.9511337(1013.37164, 17.740750154466397)
1681774623.6882446,22.258512167345938,0.4388556755801975,22.8673782(1013.23694, 17.69541631742313)
1681774628.7086833,22.174901406180318,0.4461161022830775,22.7685184(1013.09186, 17.646585848226522)
1681774633.7106032,22.091510057659406,0.44545256760204743,22.6555957(1012.9043, 17.583452703173908)
1681774638.7097142,22.008000056158956,0.4377424294482982,22.5305385(1012.70605, 17.516715244618283)
1681774643.717832,21.924520810655213,0.4289788706249456,22.4054107(1012.4826, 17.441487203076207)
1681774648.7317355,21.841093703321075,0.4217588742089877,22.2853317(1012.24677, 17.36208268551751)
1681774653.7676394,21.757193776181794,0.4132353675072221,22.1638603(1011.99811, 17.278348763955304)
1681774658.7466033,21.67404246748632,0.3945219983251952,22.025753(1011.75513, 17.19651809326144)
1681774663.7512722,21.590558537057497,0.3770857776131677,21.8923091(1011.4682, 17.099873951435306)
1681774668.7877219,21.50689943255132,0.34984330939537955,21.742321(1011.17438, 17.00089562233266)
1681774673.7862585,21.423532800089774,0.3350629231239088,21.6195907(1010.89795, 16.907762948708676)
1681774678.797981,21.34003798187917,0.3178397251822306,21.4939537(1010.60516, 16.809105204594754)
1681774683.8127272,21.256459256223298,0.30149875205608884,21.3719024(1010.32141, 16.713480607683017)
1681774688.8242466,21.1729668142512,0.2801375974767185,21.2422142(1010.01892, 16.61152653443958)
1681774693.8282185,21.08953388155645,0.2626515942851826,21.1221771(1009.73273, 16.515053021854158)
1681774698.8243673,21.006067331842043,0.24837497794644792,21.009962(1009.44812, 16.419099247887658)
1681774703.8459997,20.922583067627208,0.23261165586318483,20.8962669(1009.16638, 16.324100420319922)
1681774708.8489976,20.83914607784297,0.2295209931870029,20.8082008(1008.88, 16.22752414629821)
1681774713.8678827,20.755534498106893,0.21231664451051813,20.6933021(1008.61749, 16.13898614989493)
1681774718.892122,20.67156658590978,0.21014353809100828,20.6081771(1008.35614, 16.050828526188536)
1681774723.8846316,20.58842903396632,0.20411480821358058,20.5165748(1008.11096, 15.96811544751698)
1681774728.9062707,20.504867188345848,0.20268310760355962,20.4337177(1007.86456, 15.884981173772358)
1681774733.9259925,20.421250836264548,0.2115557819706942,20.3703975(1007.6239, 15.803774237928046)
1681774738.912701,20.338149905414838,0.22011818494461166,20.3060226(1007.38898, 15.724495295472293)
1681774743.9081078,20.25460592131958,0.22868682145925168,20.2403297(1007.16443, 15.648707735887143)
1681774748.9249096,20.17104743740107,0.24358249690848705,20.1858215(1006.966, 15.581729226411086)
1681774753.957529,20.087400071036278,0.26276149680447103,20.1379871(1006.73108, 15.502425701433152)
1681774758.9649293,20.003909580122887,0.2774203877580952,20.0800094(1006.55054, 15.441473630198399)
1681774763.966005,19.92057940186208,0.2900163868419452,20.0170478(1006.35095, 15.37408405333265)
1681774768.9782138,19.83698551675822,0.3115408947535826,19.969839(1006.14807, 15.305577139452463)
1681774773.9642856,19.753738125375367,0.3329253773106239,19.9209976(1005.96307, 15.243102087589664)
1681774778.9788246,19.670148770224507,0.3595649760168266,19.8801536(1005.77258, 15.178767348194695)
1681774784.022267,19.586075401516215,0.38216808172368655,19.8290271(1005.56598, 15.108985194484358)
1681774789.0013077,19.503309118957773,0.3981631938779549,19.7652359(1005.37317, 15.043854675403399)
1681774794.013722,19.41981000921275,0.41495480102014815,19.7012481(1005.17255, 14.976079673475674)
1681774799.0203893,19.33621672810262,0.426964710310404,19.6270847(1004.95465, 14.90245973493575)
1681774804.028613,19.252771834742482,0.4426739657967367,19.5596675(1004.7533, 14.834424663489454)
1681774809.0436375,19.169163155765787,0.4612523934224836,19.4967823(1004.53741, 14.761469416680574)
1681774814.049599,19.085813439102427,0.4670298232766035,19.4088363(1004.30396, 14.68257178296239)
1681774819.0599961,19.002139802983855,0.4733967063210592,19.3218593(1004.06836, 14.602938702960635)
1681774824.0772564,18.918652876428226,0.47834325808245814,19.2325248(1003.84143, 14.52622770912704)
1681774829.0700297,18.83525514226303,0.4824824716084796,19.142065(1003.58905, 14.440903978821206)
1681774834.0890446,18.751756708037313,0.4855266460204066,19.049755(1003.35144, 14.360564331239475)
1681774839.0947113,18.668288974177297,0.49149531914205263,18.9634208(1003.08972, 14.272062266961854)
1681774844.1097584,18.58475180487976,0.4999754084844405,18.881937(1002.82135, 14.181300089121459)
1681774849.1516275,18.500812427412924,0.5063787237243118,18.7959556(1002.5553, 14.091311153097932)
1681774854.1315134,18.417611595204924,0.5050606949481886,18.6961898(1002.29071, 14.001804809327206)
1681774859.1253407,18.33431189875946,0.5051857259058309,18.5999031(1002.02039, 13.910348523654125)
1681774864.142747,18.250744533748883,0.5003337257647018,18.4944095(1001.74316, 13.816542244658573)
1681774869.1425893,18.167428446026104,0.5092057434754385,18.4163894(1001.4726, 13.724981014841184)
1681774874.145742,18.08409809292501,0.5039343076333407,18.3111305(1001.19354, 13.630530971218025)
1681774879.1535642,18.000654570471703,0.5119236995982024,18.2320938(1000.90271, 13.532083985545507)
1681774884.1657162,17.917095979264833,0.5161585692136778,18.1455459(1000.62512, 13.438106126291567)
1681774889.1754222,17.833562942556,0.5209779665041945,18.0603141(1000.34967, 13.344840534352686)
1681774894.1886065,17.750170286706542,0.5299055510943271,17.9830932(1000.05267, 13.244264598756523)
1681774899.2068417,17.666511965008038,0.5279254274585183,17.8845405(999.74823, 13.141154475563527)
1681774904.2059808,17.583044425856528,0.53396899138786,17.8022022(999.480957, 13.050620082380506)
1681774909.2144318,17.499561798782604,0.5416517056673569,17.7228832(999.200256, 12.955524804976172)
1681774914.260301,17.415564378312684,0.5469824906316195,17.6383056(998.917664, 12.859776095220726)
1681774919.2504828,17.332383422266897,0.5517610739756198,17.5536537(998.63678, 12.76459336007786)
1681774924.249124,17.24911125124639,0.5555110182047125,17.4669876(998.353943, 12.668735980186447)
1681774929.24605,17.16562322796529,0.5629513641461295,17.3872966(998.064758, 12.57071385380762)
1681774934.2687929,17.08218321423874,0.5729522236883022,17.3123149(997.779297, 12.473940798742731)
1681774939.289433,16.998437285633344,0.5805515219386924,17.2320518(997.49585, 12.377837505721935)
1681774944.2784398,16.915115873228963,0.580314071310159,17.1371536(997.21167, 12.281472681500837)
1681774949.297737,16.83143302223231,0.5949333456949013,17.0707073(996.939392, 12.189131578775847)
1681774954.3211899,16.747943564466098,0.597844174097202,16.9813327(996.659912, 12.094335526899776)
1681774959.2958286,16.664845510533908,0.5987696850087882,16.8889179(996.377319, 11.998470762968381)
1681774964.3228388,16.58118717294083,0.6056423336639748,16.8076457(996.09314, 11.902054968949196)
1681774969.3388364,16.49760422330246,0.6120494538713677,16.7254505(995.818665, 11.808919144432625)
1681774974.3445857,16.4141990782931,0.6191051789844587,16.6445999(995.52594, 11.709577246344816)
1681774979.3902886,16.330139792175547,0.6232465680007095,16.5573558(995.250916, 11.616229900379793)
1681774984.3658867,16.24713401418076,0.6332313140792619,16.4826183(994.981079, 11.524631209110844)
1681774989.3706605,16.163640344352977,0.637954017863519,16.3968734(994.695984, 11.427840245072284)
1681774994.3921037,16.07999517143911,0.6471577522247641,16.3196163(994.416748, 11.333025679996236)
1681774999.3981922,15.996556961746471,0.6537697805274211,16.2373619(994.130066, 11.235669687364146)
1681775004.4132621,15.913102456143953,0.6620905733358159,16.1582546(993.857544, 11.143110024185054)
1681775009.4172482,15.8295190733785,0.6760755365142148,16.0895957(993.582153, 11.04956370129281)
1681775014.4281983,15.745976694635011,0.6801488539645171,16.0013885(993.319824, 10.960442912947665)
1681775019.456163,15.662239579569754,0.6917624769544527,15.9275722(993.085266, 10.88074728743803)
1681775024.4575322,15.578892326565043,0.6961026727926816,15.8398571(992.766968, 10.772585095561208)
1681775029.481593,15.495112610073345,0.7098075801930942,15.7696714(992.482971, 10.676064986979261)
1681775034.4891908,15.411707155119833,0.7173035155277402,15.6874303(992.207092, 10.582291344005853)
1681775039.5100546,15.328052596461234,0.7275953174455088,15.6102495(991.94104, 10.491846269414722)
1681775044.5143766,15.244563865871685,0.7275767432042253,15.5132465(991.655334, 10.394706954190191)
1681775049.5290616,15.161082832228598,0.7397296539775758,15.4400796(991.387207, 10.303532380882055)
1681775054.5325422,15.077515125484721,0.7467675376463612,15.3565893(991.103027, 10.206886339248982)
1681775059.556651,14.994003236503856,0.7583023312241977,15.2817592(990.827576, 10.11319637754191)
1681775064.5431972,15,0.7186471919761258,15.1985197(990.554688, 10.020365996063015)
1681775069.555309,15,0.6808331319761257,15.1170396(990.272217, 9.924262917998986)
1681775074.5574057,15,0.6455463144761254,15.0442533(990.006042, 9.833692213939848)
1681775079.55977,15,0.6129247855001259,14.9800128(989.724976, 9.738042051088172)
1681775084.5736418,15,0.5671302169001177,14.893752(989.463684, 9.649109665942305)
1681775089.5914176,15,0.5235923972241153,14.8159103(989.189636, 9.555823729664484)
1681775094.5839622,15,0.4920424185921186,14.7645454(988.943481, 9.472022122342793)
1681775099.5927122,15,0.46244749791211426,14.719429(988.707092, 9.391535965370826)
1681775104.6010978,15,0.42417114263210864,14.659934(988.485779, 9.316174641599547)
1681775109.6630988,15,0.39501985665715966,14.6207675(988.267151, 9.241719755980652)
1681775114.623553,15,0.3651821944465745,14.5818691(988.075562, 9.176466719243946)
1681775126.8557532,14.5597686,0.5601338047070765,14.5346145(987.676575, 9.040557021180543)
1681775131.849243,14.5597686,0.562404847007076,14.5401411(987.565125, 9.002588386589327)
1681775136.8583944,14.5597686,0.5736159895070767,14.5624303(987.491821, 8.977614171852206)
1681775141.850087,14.643080122006989,0.5423538279534073,14.5860681(987.414368, 8.951225463676002)
1681775146.8695676,14.72669888608958,0.511713665513408,14.6140556(987.346802, 8.928204515010522)
1681775151.8858654,14.810306237869517,0.46503706609766815,14.614149(987.274109, 8.903435871315738)
1681775156.9000027,14.893827452990468,0.41865361022101777,14.6187009(987.197937, 8.877480902198005)
1681775161.8976886,14.977102481060282,0.37452975067310645,14.6309823(987.126099, 8.853001837121536)
1681775166.924682,15.06069586945877,0.32150742629671514,14.6301898(987.053223, 8.828168206634027)
1681775171.936411,15.144366286926523,0.2749580477667134,14.645771(986.993652, 8.807867816086713)
1681775176.974429,15.228278397255199,0.22185679184687168,14.6524505(986.944458, 8.791103224223695)
1681775181.9459438,15.311191827787018,0.16603225805214955,14.6562585(986.908142, 8.778727011208069)
1681775186.9508367,15.394550004336294,0.12991898966910514,14.7020168(986.896912, 8.77489987001687)
1681775191.9322526,15.47771742218043,0.07358355519252652,14.7108564(986.891846, 8.773173389770324)
1681775196.9587483,15.561513299478149,0.03282001027572434,14.7537631(986.905334, 8.777770057448185)
1681775201.9826026,15.645090829067485,0.005569916996030266,14.8240251(986.954224, 8.794431364945375)
1681775206.9834936,15.728505697581227,0,14.9127779(987.015198, 8.81521025132227)
1681775211.9774172,15.811821463438925,0,14.9828405(987.098816, 8.843704832323471)
1681775216.9973686,15.89540760788625,0,15.0782346(987.213562, 8.88280506709978)
1681775221.9985592,15.978923323485311,0,15.1843404(987.354919, 8.930970162045128)
1681775227.024572,16.062442428601837,0,15.3032484(987.510498, 8.983977392490285)
1681775232.0299492,16.145875567926026,0,15.4311494(987.684814, 9.043363791867478)
1681775237.0247586,16.22927433126475,0,15.5533275(987.891541, 9.113785608550376)
1681775242.0904746,16.31355311347351,0,15.6867113(988.10437, 9.186278779950353)
1681775247.0421996,16.396259481443025,0,15.8129453(988.322693, 9.260635608637505)
1681775252.059518,16.479856100413258,0,15.9368534(988.564636, 9.34302788085217)
1681775257.0667787,16.56318823370641,0,16.0679759(988.816772, 9.42888114593881)
1681775262.0770335,16.646791599922434,0,16.2152175(989.079895, 9.518464458202821)
1681775267.0879185,16.730330016943867,0.01355838044453947,16.3492794(989.350281, 9.610508772080532)
1681775272.090321,16.813783564898426,0.0321575473447995,16.4863052(989.636963, 9.70808751337998)
1681775277.1222343,16.897321620318348,0.0456831979332504,16.6112442(989.927307, 9.80689903866918)
1681775282.1083932,16.98060461951599,0.06621251784652954,16.7472534(990.210571, 9.903287814497618)
1681775287.128978,17.064264343910473,0.09183658154572014,16.8908576(990.511169, 10.005560686442163)
1681775292.13754,17.147787108752187,0.11208067832135613,17.0212173(990.81189, 10.107860680363212)
1681775297.1534855,17.231457124882,0.1371290305500509,17.158636(991.092346, 10.203253609335704)
1681775302.1692405,17.315079930159506,0.15737756224689556,17.2842998(991.396667, 10.306749381860849)
1681775307.2102616,17.398836595548246,0.1640940646535085,17.3823204(991.691833, 10.407117261020282)
1681775312.182039,17.481870359910584,0.17532992551906754,17.4875431(991.965149, 10.500042661134648)
1681775317.1916375,17.565280849469758,0.1854461195027372,17.5899524(992.238831, 10.593080332288912)
1681775322.1862938,17.648516427212016,0.19210671995130693,17.6847(992.507141, 10.684279988683594)
1681775327.1914985,17.731945743891654,0.18292862301419757,17.7489242(992.766479, 10.772418913747218)
1681775332.20139,17.81561077707316,0.1829892557308354,17.8318939(992.993042, 10.8494099513068)
1681775337.2230277,17.89913466645584,0.17738799641278283,17.9039726(993.228394, 10.92937886041855)
1681775342.214348,17.98243190718994,0.16964752086598409,17.9722957(993.455078, 11.00639402299586)
1681775347.2327054,18.06587908142115,0.15294513481233485,18.0244178(993.681274, 11.083235081742997)
1681775352.2406795,18.149427003396607,0.1419238787396927,18.0889472(993.886841, 11.153061066010215)
1681775357.2458816,18.23283347560272,0.12953815074656772,18.1516418(994.087891, 11.221346112504543)
1681775362.2512944,18.316457035872396,0.10576087736972156,18.1938591(994.278564, 11.286100641162287)
1681775367.2688866,18.399950483176166,0.0869557496597747,18.2473945(994.477905, 11.35379261515708)
1681775372.3185973,18.484026712907408,0.06671928209047001,18.3002719(994.684631, 11.423985580913634)
1681775377.300668,18.567226360969798,0.0489566686319127,18.3583564(994.877258, 11.489385061587056)
1681775382.3124232,18.650708662205,0.03471487263420739,18.4246921(995.057983, 11.550738190992577)
1681775387.320599,18.734156583481088,0.014154499909135032,18.4797401(995.260071, 11.619337444057116)
1681775392.3513453,18.817960817350006,0,18.5424213(995.456177, 11.685899776685108)
1681775397.3327243,18.901090831292723,0,18.5873775(995.64502, 11.749991022195571)
1681775402.3225605,18.984308682613626,0,18.6453514(995.861145, 11.8233344041632)
1681775407.3550472,19.067951801154074,0,18.7093658(996.069336, 11.893978193901168)
1681775412.34473,19.15114706628825,0,18.788805(996.283875, 11.96676867255115)
1681775417.3622203,19.234785007171887,0,18.8618412(996.505981, 12.042118709479949)
1681775422.365148,19.318175839119213,0,18.9377784(996.725464, 12.116571061183972)
1681775427.373409,19.401651611658984,0,19.015419(996.951782, 12.193333816927154)
1681775432.3735173,19.485047343108114,0,19.0826492(997.171997, 12.26801861665646)
1681775437.448241,19.569732517732238,0,19.1597843(997.413696, 12.34998060020254)
1681775442.4250572,19.65244229111379,0,19.2338161(997.648621, 12.42963643930362)
1681775447.4337897,19.736028157406107,0,19.3147411(997.877075, 12.50708962785808)
1681775452.4304855,19.819371933473207,0,19.3879547(998.095703, 12.581203612436987)
1681775457.4268007,19.902688668899792,0,19.4574184(998.343933, 12.66534321639689)
1681775462.444016,19.986347944272612,0,19.5442638(998.57196, 12.742626101329927)
1681775467.4561143,20.069802747898358,0,19.6191024(998.800476, 12.820066319237572)
1681775472.4725642,20.15331500642802,0,19.6988677(999.042725, 12.902151241299737)
1681775477.4825325,20.23682421319987,0,19.7739772(999.275024, 12.980855784464381)
1681775482.5001597,20.32060720397339,0,19.8438091(999.493958, 13.055024225986925)
1681775487.5142274,20.404184554748788,0,19.9185638(999.739014, 13.138032896226122)
1681775492.524669,20.487605177097574,0,19.9816608(999.963745, 13.214148323291747)
1681775497.5487382,20.57122968309428,0,20.0452423(1000.19043, 13.29091734011784)
1681775502.5851066,20.655082478854116,0,20.1079998(1000.41614, 13.36734796255669)
1681775507.551072,20.738058065109506,0,20.1688137(1000.6507, 13.44676673099147)
1681775512.554702,20.82145762317683,0,20.2283477(1000.85724, 13.51669100258168)
1681775517.6014545,20.905417445036825,0,20.2853927(1001.06561, 13.587227884632414)
1681775522.5832503,20.988407141698456,0,20.3580188(1001.29974, 13.666476665477871)
1681775527.6004717,21.07199099335378,0,20.408823(1001.51514, 13.7393779142107)
1681775532.601321,21.15539131038691,0,20.4643497(1001.72699, 13.811070423694208)
1681775537.5891826,21.238727941843923,0,20.5232868(1001.94904, 13.886207010429725)
1681775542.6027749,21.322259647382353,0,20.5799865(1002.14203, 13.951503947471103)
1681775547.6133065,21.405745958023324,0,20.6327819(1002.3493, 14.021625786598086)
1681775552.6409373,21.489412767423246,0,20.6910419(1002.54889, 14.089142890476735)
1681775557.6387138,21.572869438661193,0,20.7467956(1002.75812, 14.159914156542412)
1681775562.6547747,21.656215439968364,0,20.8083248(1002.94202, 14.222111858973765)
1681775567.7094607,21.740441054833983,0,20.8663578(1003.13708, 14.288078124613948)
1681775572.6784558,21.82333536419576,0,20.9067478(1003.33221, 14.354061973380748)
1681775577.6810496,21.90666120323842,0,20.9448394(1003.51489, 14.415830295008071)
1681775582.6837654,21.990039967232004,0,20.9843387(1003.69556, 14.47691374143132)
1681775587.6925428,22.073528284562684,0,21.0348625(1003.88361, 14.540486780227445)
1681775592.6871955,22,0,21.0906314(1004.09009, 14.610283839966371)
1681775597.6922467,22,0,21.1224002(1004.23157, 14.65810482049442)
1681775602.7294664,22,0,21.1676082(1004.40338, 14.716173201278535)
1681775607.7444568,22,0,21.2035846(1004.5824, 14.77667340501688)
1681775612.7474349,22,0,21.2474174(1004.7392, 14.829660107667495)
1681775617.7594712,22,0,21.2804927(1004.90894, 14.88701514182243)
1681775622.7748199,22,0,21.3138885(1005.07275, 14.942362073618174)
1681775627.777463,22,0,21.3496685(1005.22455, 14.993647332423802)
1681775632.8102748,22,0,21.398447(1005.38977, 15.04946232842584)
1681775637.795584,22,0,21.4273834(1005.54657, 15.102428835146414)
1681775642.79148,22,0,21.4617042(1005.69714, 15.153287179960296)
1681775655.036466,21.4912815,0,21.5318965(1006.04492, 15.270743749257127)
1681775660.082486,21.57537308786138,0.0004420314003721854,21.5745315(1006.1842, 15.317777711881412)
1681775665.0409276,21.658024929501853,0.028236502612216566,21.6042575(1006.30487, 15.358524698718266)
1681775670.0464897,21.741449422178903,0.060574164505214634,21.6286468(1006.45673, 15.40980040742018)
1681775675.0534635,21.82494181249364,0.08630183045992525,21.6685295(1006.59192, 15.455444381562646)
1681775680.053724,21.908253092108406,0.11867888757001911,21.6976184(1006.71936, 15.498469072174862)
1681775685.0537107,21.99176864876175,0.1458547934876384,21.739439(1006.85394, 15.543901473668793)
1681775690.0781462,22.075298653580983,0.18492224973678062,21.7605705(1006.9967, 15.592092183200542)
1681775695.0722947,22.158588745731354,0.2134104019552495,21.8045845(1007.15167, 15.644400885159572)
1681775700.0943265,22.242255265055338,0.24028543189103158,21.8539733(1007.30334, 15.69559200358351)
1681775705.087769,22.325723734039308,0.26131405998872803,21.9159393(1007.47797, 15.754527968710878)
1681775710.0891807,22.409070867834725,0.2881180285823064,21.9677448(1007.65381, 15.813867398416976)
1681775715.1082568,22.492636691071827,0.30883158806894556,22.0329418(1007.84534, 15.878496024936947)
1681775720.1322892,22.57641681287511,0.3297525938405015,22.0989036(1008.05243, 15.948368557004668)
1681775725.1458309,22.659737923282623,0.33819293212632395,22.1888866(1008.27954, 16.024988039940318)
1681775730.1321015,22.743071924187976,0.3442354681836995,22.2831325(1008.53003, 16.10948567061055)
1681775735.1635451,22.82674401853307,0.3444587508358657,22.3883438(1008.79443, 16.198664746768927)
1681775740.1590087,22.91002110097631,0.3384239195818933,22.503992(1009.06696, 16.290574367727007)
1681775745.1737733,22.993537583488465,0.3245317379251823,22.6333045(1009.36139, 16.38985643357466)
1681775750.1626687,23.076963947751363,0.3080573483982418,22.7653121(1009.67572, 16.495833626983984)
1681775755.1848488,23.16043876661682,0.2809251294963917,22.9153079(1009.99988, 16.605108629001354)
1681775760.2002916,23.24405449483617,0.23998169922055906,23.0886077(1010.3266, 16.715229767623708)
1681775765.229802,23.328081371921538,0.20125976955019018,23.2538261(1010.66803, 16.830290857368595)
1681775770.188395,23.410725258328753,0.15645348785931126,23.4253578(1011.00958, 16.945373926504825)
1681775775.2168353,23.494287727811177,0.11334031011788209,23.5903301(1011.3446, 17.058238825401123)
1681775780.2284515,23.57780483021164,0.08409914055581913,23.7249488(1011.68207, 17.17191116235246)
1681775785.2254949,23.661120011943815,0.05019365672050133,23.865839(1012.01294, 17.28334290116408)
1681775790.2528503,23.744876299836477,0.023065587230726936,23.9914817(1012.32672, 17.389003023111126)
1681775795.2644215,23.828422016440072,0,24.1233539(1012.62213, 17.488463149060316)
1681775800.26358,23.911738000848132,0,24.2167091(1012.91229, 17.586142269478394)
1681775805.2823424,23.99537902925237,0,24.2794723(1013.17712, 17.675282733769823)
1681775810.284429,24.078721950986225,0,24.3553123(1013.42566, 17.75893000312137)
1681775815.285507,24.16213864737574,0,24.3988723(1013.64526, 17.83282927950705)
1681775820.2958338,24.24558521761322,0.01040615780514631,24.4379024(1013.86401, 17.9064349592816)
1681775825.2837965,24.328979049661,0.03195235257056195,24.4710979(1014.03986, 17.96560004695403)
1681775830.3395085,24.413235857624052,0.0540446753488289,24.5064506(1014.21667, 18.0250832174555)
1681775835.31549,24.495921260653176,0.08194476561282248,24.5315647(1014.39276, 18.084319269273447)
1681775840.3272674,24.579421673753103,0.11524231650661426,24.5499439(1014.5246, 18.128666581921195)
1681775845.313838,24.66282073511505,0.15531276556546406,24.558422(1014.67493, 18.179230078126153)
1681775850.33484,24.74629600697581,0.1958494702882746,24.5696811(1014.8092, 18.224388786164045)
1681775855.3372412,24.82965547098541,0.2343834715677109,24.5880527(1014.95081, 18.27201306515892)
1681775860.3228502,24.912951146104177,0.26262257527969846,24.6290645(1015.09644, 18.320986003428146)
1681775865.3343422,24.996339216369627,0.29793837082166297,24.6587028(1015.20013, 18.355853186547236)
1681775870.3568444,25.07993812415822,0.33056564709785446,24.6962909(1015.37274, 18.413891913819434)
1681775875.3538334,25.16325550331497,0.3602854217591045,24.7412681(1015.52826, 18.466180253936358)
1681775880.3594484,25.24669539385859,0.3947640768773781,24.779129(1015.70978, 18.527205406194597)
1681775885.3642988,25.330304827827455,0.4111621391077306,24.8538417(1015.89258, 18.588655648168057)
1681775890.3634875,25.413652641115824,0.42397798557292876,24.9355354(1016.10052, 18.65855059645995)
1681775895.4458203,25.498096508322398,0.43045643328481586,25.0306873(1016.3363, 18.737795197933636)
1681775900.401675,25.580704504786173,0.4259666122868163,25.1439094(1016.57928, 18.81945055433538)
1681775905.4088268,25.66417153928502,0.41792856508372345,25.263544(1016.83289, 18.904668322580648)
1681775910.423851,25.74771261069997,0.4049957010586961,25.3907966(1017.12, 19.001130546466833)
1681775915.4090104,25.831072273391722,0.39784428923936527,25.504774(1017.41724, 19.10098259137698)
1681775920.4383862,25.914711461999257,0.3714865511990437,25.6542358(1017.73315, 19.20709127868753)
1681775925.4373028,25.998004633722942,0.35172460841725883,25.7875423(1018.06238, 19.317657280375315)
1681775930.4448295,26.08142202947362,0.3280540809237977,25.9260921(1018.38202, 19.42498640841395)
1681775935.4452305,26.164742500124614,0.29104280625240936,26.0873069(1018.71997, 19.538446294553793)
1681775940.4438055,26.24825285925293,0.26384264479789044,26.2263145(1019.06958, 19.655801981409024)
1681775945.4508402,26.331747868198395,0.23021493950569605,26.3749008(1019.40656, 19.76889998531014)
1681775950.4700782,26.415203561920165,0.20265905041458482,26.508789(1019.7522, 19.884886034473556)
1681775955.4658408,26.498655429023742,0.17456487509428564,26.6412754(1020.09875, 20.001158708659826)
1681775960.5242643,26.582960389592486,0.1524973779762655,26.7607173(1020.4234, 20.110066589663308)
1681775965.4888446,26.665680260000865,0.14078464501564977,26.8573665(1020.73584, 20.21486293595501)
1681775970.4907517,26.749052272775014,0.13558047995754557,26.9414958(1021.03119, 20.313913072280155)
1681775975.5148344,26.83257220440928,0.13576562338491077,27.0154991(1021.30927, 20.407159013057754)
1681775980.5126708,26.915879836219787,0.1332114076956586,27.0949611(1021.5849, 20.499571519571784)
1681775985.528826,26.99953634196345,0.1528094628239309,27.13274(1021.83319, 20.582807404109975)
1681775990.539683,27.08300993694687,0.162232744042108,27.1919059(1022.06146, 20.659323377583952)
1681775995.5528135,27.166553980646768,0.17653246851067692,27.2430152(1022.28497, 20.734235937360335)
1681776000.5349288,27.249771422682443,0.19993441504576054,27.2780208(1022.50201, 20.80697253986656)
1681776005.552951,27.333438295660656,0.2282624212376909,27.3063926(1022.70343, 20.874467852219524)
1681776010.570137,27.417054186799366,0.25441355087854406,27.3414955(1022.88153, 20.93414343424864)
1681776015.58714,27.50044397367859,0.279165788660121,27.3813362(1023.07233, 20.9980689022496)
1681776020.59041,27.583843154249827,0.30946872530198455,27.4126873(1023.25952, 21.060779376027796)
1681776025.629839,27.66805491302236,0.3439254382653948,27.4395198(1023.44843, 21.12406054229663)
1681776030.5938137,27.75077667091115,0.37565405262155416,27.4726066(1023.63513, 21.186595950556942)
1681776035.6156387,27.834261070229847,0.408892013778272,27.5060768(1023.83044, 21.25200949141708)
1681776040.619829,27.917655339378356,0.4359538168369854,27.5535526(1024.02222, 21.31623499147325)
1681776045.61081,28.00107220663452,0.45079062813093046,27.6260471(1024.23364, 21.38703114050887)
1681776050.621657,28.084588736830394,0.4725105577349173,27.6861076(1024.44849, 21.458968748848438)
1681776055.649594,28.168211112954456,0.4817485469418521,27.7711696(1024.69189, 21.54045701372215)
1681776060.6367526,28.251534134684245,0.479407183673854,27.8778591(1024.93933, 21.62328841194648)
1681776065.645079,28.335021689075468,0.4813174257104523,27.9755535(1025.21692, 21.716201321908255)
1681776070.6690617,28.41848882688904,0.47137228278946364,28.0950813(1025.49731, 21.810039296044533)
1681776075.6788282,28.501972141403197,0.46319610469693934,28.2095832(1025.7926, 21.908850669117022)
1681776080.6882784,28.585479945479076,0.44627009787185584,28.3392543(1026.11523, 22.0167952396204)
1681776085.694849,28.668943423567455,0.4263739958711213,28.4723701(1026.45044, 22.128931710919385)
1681776090.706847,28.752438015280404,0.40970689038076236,28.5969944(1026.79541, 22.244314993069228)
1681776095.7088408,28.835854699748992,0.38666887260878136,28.7316951(1027.12097, 22.3531892566953)
1681776100.717678,28.91929610425059,0.3589410424658457,28.8729114(1027.4657, 22.46845651052543)
1681776105.7294118,29.00282200032298,0.326553384534139,29.0203342(1027.81287, 22.584521058430823)
1681776110.7318099,29.086203994888304,0.30014555918900915,29.1531829(1028.16968, 22.70378900704921)
1681776115.7452247,29.16977519049072,0.275274097515724,29.2809219(1028.51904, 22.820547653469212)
1681776120.7407334,29.253226068157197,0.25522328555289203,29.3972721(1028.84888, 22.930765282154383)
1681776125.7525237,29.336771860260008,0.23496644965780478,29.5125179(1029.16797, 23.037374770792468)
1681776130.7833843,29.420438876289367,0.22749115993508068,29.6020011(1029.48035, 23.141727204333257)
1681776135.8008268,29.50408889704768,0.22450962727618878,29.6826572(1029.79053, 23.245329829126483)
1681776140.814197,29.587588777679443,0.22488695953405707,29.7569351(1030.09045, 23.345491432102968)
1681776145.785657,29.670694107351938,0.228285819554103,29.8255023(1030.35645, 23.434313481483933)
1681776150.8109775,29.754171970027922,0.23256007764279324,29.8934669(1030.61353, 23.5201466337015)
1681776155.8270452,29.837803783554076,0.25114402907340405,29.9350528(1030.85388, 23.600384818651047)
1681776160.8212874,29.921255372502642,0.2655674476881865,29.986391(1031.0769, 23.674829624203348)
1681776165.836746,30.00468510244115,0.2873039352184707,30.0253162(1031.2959, 23.747925095125503)
1681776170.830082,30.08805529131317,0.30758534443731,30.0690727(1031.50525, 23.817792797338672)
1681776175.8328454,30.171434075174965,0.3318106382475801,30.107212(1031.71619, 23.88818432547699)
1681776180.8382988,30.25487157358551,0.3566446178063794,30.1464214(1031.88989, 23.946143581198825)
1681776185.8636572,30.33840510302607,0.38416256928655623,30.1827278(1032.09302, 24.0139169958868)
1681776190.8652241,30.421734601793922,0.4080462912153298,30.2279777(1032.30432, 24.084409568664398)
1681776195.9328465,30.50620287511571,0.43120147743237547,30.2777023(1032.50525, 24.151436207493248)
1681776200.9048452,30.589105405944824,0.4540806476991847,30.3278293(1032.69666, 24.215281380608104)
1681776205.9088564,30.672521486419676,0.47553754484351973,30.3828582(1032.90039, 24.28322973553199)
1681776210.899832,30.755819378831227,0.48968688070673017,30.4529552(1033.12622, 24.358541475347558)
1681776215.910837,30.83918771201197,0.5036808315132333,30.5241355(1033.34985, 24.43311183115258)
1681776220.9238522,30.922754532633462,0.5066369383464309,30.6171207(1033.58142, 24.510321730936138)
1681776225.9208317,31.006022280989328,0.5103118920346131,30.7078971(1033.83997, 24.59651756973795)
1681776230.9298441,31.089570171175637,0.5012731051168571,30.8228988(1034.10901, 24.686199706808836)
1681776235.9300952,31.172857811588287,0.4940087206128903,30.932722(1034.37756, 24.775707448969126)
1681776240.933195,31.256463633515676,0.4672533768051597,31.0787525(1034.67786, 24.87578439036432)
1681776245.9632084,31.340105424859367,0.4566262794978649,31.1911201(1034.97522, 24.974867956077727)
1681776250.9633932,31.4233855670077,0.42970610724722264,31.3327713(1035.27686, 25.0753638416227)
1681776255.9566839,31.50681833280945,0.41019276596833404,31.4576873(1035.58582, 25.17828406882699)
1681776261.032843,31.591208567756652,0.3981864111141981,31.5673007(1035.91089, 25.286555077817834)
1681776265.9917276,31.67390435788854,0.37362006239238504,31.6979351(1036.2262, 25.39155989808396)
1681776271.0016909,31.757385284243263,0.35323992540714183,31.8190822(1036.53638, 25.494841504257835)
1681776275.9988816,31.840693361101785,0.3340231160668712,31.9360694(1036.83923, 25.595668244863866)
1681776281.011655,31.92420264337285,0.3171287185449697,32.0471992(1037.1416, 25.69632121691651)
1681776286.0188437,32.00788020545069,0.31170959683659033,32.1353225(1037.44763, 25.798178329069103)
1681776291.0258389,32.09108851605479,0.30213198504000893,32.2307052(1037.72864, 25.891695363560956)
1681776296.0201108,32.17460739070002,0.3042935446844552,32.30344(1038.01086, 25.985602958459133)
1681776301.02893,32.25805160059357,0.3082272246460714,32.3732566(1038.25818, 26.06788773816141)
1681776306.0383308,32.34150713139597,0.3141037949866822,32.4400177(1038.50281, 26.149268374321487)
1681776311.0668366,32.42515463683828,0.33183702349973726,32.4851875(1038.73328, 26.225930091807108)
1681776316.0643375,32.508638758001965,0.35345128053162844,32.5246429(1038.96802, 26.30400383718207)
1681776321.0848432,32.59207624051793,0.36858053082560244,32.5785026(1039.17639, 26.37329998317955)
1681776326.1273015,32.67613822473908,0.3865956354014693,32.6289176(1039.39307, 26.445352722299344)
1681776331.1088655,32.759144523281094,0.407807255704389,32.6737442(1039.58472, 26.509076268952132)
1681776336.115845,32.84259344194158,0.4433507571105321,32.6935806(1039.78308, 26.57502500693466)
1681776341.1216662,32.92602960123443,0.46887620928781637,32.7354927(1039.99036, 26.643932986891073)
1681776346.1294596,33.00952554795965,0.4882918299480283,32.7911109(1040.18433, 26.708410288941096)
1681776351.142819,33.0931027278684,0.507274506337348,32.8489685(1040.39099, 26.7770995678601)
1681776356.137745,33.176563579378765,0.5253997065770014,32.9095306(1040.5957, 26.84513431474988)
1681776361.1488993,33.26004607532247,0.5433373071400007,32.9716033(1040.82031, 26.919775446036546)
1681776366.1915507,33.34385450138473,0.5500513680659795,33.056446(1041.04761, 26.99530270769342)
1681776371.1808245,33.42720014903768,0.5556475356183944,33.1428184(1041.30322, 27.080227453845875)
1681776376.184896,33.51062881403986,0.5564872484704838,33.2381896(1041.53821, 27.15829259693086)
1681776381.2018297,33.59402128710175,0.5430824596789685,33.3600883(1041.79663, 27.244131665267755)
1681776386.2094195,33.67753869149907,0.5416305188869863,33.4575424(1042.0686, 27.33446068883989)
1681776391.231787,33.76142166310374,0.521567999369017,33.5901679(1042.36157, 27.431751874717907)
1681776396.2234855,33.84441423270925,0.5021130751068809,33.7183532(1042.64905, 27.52720727254183)
1681776401.2170453,33.92782207184855,0.48608232897274706,33.8382987(1042.9447, 27.62536240171163)
1681776406.249793,34.01151410593414,0.4698363757563708,33.9572067(1043.24268, 27.72427770051128)
1681776411.2474,34.09489954564794,0.4476728520353941,34.0853958(1043.55261, 27.827145584513453)
1681776416.2485585,34.178371944564816,0.4295051001079509,34.203926(1043.87622, 27.934538453273312)
1681776421.2600367,34.26195367826843,0.4121058213227322,34.3194236(1044.1709, 28.032316873777813)
1681776426.2838335,34.34538711958949,0.3970797849729975,34.4287414(1044.47327, 28.132633292517358)
1681776431.2958472,34.42892168615087,0.3876548336514451,34.5262451(1044.77124, 28.231476428287493)
1681776436.3018,34.51237916801198,0.37928081144773834,34.6210021(1045.07117, 28.330956202965226)
1681776441.3141475,34.59590496871694,0.3738190685181373,34.7097587(1045.33899, 28.41977436808999)
1681776446.3258362,34.6794219876709,0.3768494586419056,34.7820663(1045.60828, 28.509069125998618)
1681776451.3338203,34.76292974406306,0.38278452249535694,34.849369(1045.85046, 28.589365050689523)
1681776456.3737483,34.846903652487434,0.3976945879721273,34.9008102(1046.10669, 28.674309694165608)
1681776461.3438532,34.92972061091486,0.42341192174096653,34.9320755(1046.33813, 28.751027523302238)
1681776466.3488486,35.01320447379176,0.43509420801811244,34.9931983(1046.54956, 28.821105376510612)
1681776471.3595757,35.09667763962173,0.4529198169236438,35.0436706(1046.7699, 28.894129259582737)
1681776476.3557591,35.18019165847524,0.4685241732729582,35.0999984(1046.97314, 28.961479473410918)
1681776481.3583553,35.26353963865662,0.4919463693300607,35.1425514(1047.18518, 29.031739228185906)
1681776486.3836324,35.34708813283666,0.5189134849184753,35.1805191(1047.38879, 29.099199323524918)
1681776491.385827,35.43043880317434,0.5419470876666728,35.2279281(1047.59009, 29.16588793894629)
1681776496.3918326,35.51386313293203,0.5606727333688194,35.2853279(1047.80872, 29.23831090159706)
1681776501.3941567,35.59726671629969,0.5755236626694513,35.3513641(1048.01318, 29.306033434202117)
1681776506.404836,35.680809305646264,0.5858552624838905,35.4269371(1048.23193, 29.37848223395752)
1681776511.413848,35.76427960647965,0.5906853166105046,35.5133323(1048.46289, 29.454967115878596)
1681776516.4227312,35.84773640487417,0.5992074159296219,35.5925064(1048.71167, 29.537344318702427)
1681776521.4448426,35.931434530554455,0.6040943937865233,35.6791267(1048.9458, 29.61486205622324)
1681776526.4325142,36.014538644292195,0.5968420731631479,35.7880249(1049.20959, 29.70219001929969)
1681776531.4381092,36.09797125909551,0.5867382820421942,35.9014892(1049.47913, 29.79141074090565)
1681776536.4277575,36.18137986514791,0.5691502047983085,36.0277786(1049.73315, 29.875484196440514)
1681776541.4352705,36.26479908877436,0.5538920613308915,36.1475753(1050.04382, 29.978294052033355)
1681776546.4503918,36.34821303142929,0.5437598384440896,36.2558708(1050.3363, 30.075071080450986)
1681776551.4598417,36.43185520424271,0.528173083527188,36.3736076(1050.63806, 30.174905282056596)
1681776556.4828458,36.51540145728811,0.513261546830672,36.4883346(1050.93262, 30.272344284651414)
1681776561.4913445,36.598838753042855,0.5043651275183617,36.5900077(1051.23438, 30.37215154305066)
1681776566.5008469,36.68243785553996,0.48965816015957747,36.7020378(1051.54749, 30.475698414878078)
1681776571.5088594,36.76582241707865,0.47601185135589,36.810482(1051.83862, 30.57196324661443)
1681776576.5108392,36.84942142818197,0.4579862666583512,36.9262771(1052.1344, 30.669752666260614)
1681776581.5339222,36.93290556126658,0.44921855597443416,37.022789(1052.41956, 30.764018570923092)
1681776586.5397584,37.016354603109995,0.45958792447389324,37.0822067(1052.68164, 30.850644160879227)
1681776591.532839,37.099800390539805,0.4612037029522939,37.159439(1052.95129, 30.939761164656172)
1681776596.5307386,37.18312149697367,0.46496610109356534,37.2327537(1053.2179, 31.027862802387105)
1681776601.5324771,37.266471495765686,0.47541856788371634,37.2938308(1053.46704, 31.110181866743066)
1681776606.5606637,37.35002171053314,0.48763419747561815,37.3528099(1053.70801, 31.189792648275976)
1681776611.5644538,37.43346641713206,0.49905265599274634,37.4143753(1053.91846, 31.259313260330728)
1681776616.5738401,37.51692222608948,0.5237136436236922,37.4517669(1054.1543, 31.337213426171875)
1681776621.5898352,37.60048903479004,0.5422438064188388,37.5031547(1054.37048, 31.40861242711492)
1681776626.637846,37.68467174225871,0.5624079726405861,37.5536231(1054.60303, 31.48541026689872)
1681776631.6058383,37.76744922254308,0.5795998651568423,37.609848(1054.81396, 31.555061301790673)
1681776636.6248505,37.85107240531667,0.5957775648569839,37.6701889(1055.02368, 31.624306214980077)
1681776641.6258388,37.93445551250203,0.6135363762622157,37.7283592(1055.24084, 31.696000751591665)
1681776646.63886,38.018009712833404,0.6327978320547132,37.7850723(1055.45129, 31.765473310982628)
1681776651.6514106,38.10157143527094,0.6365231066380808,37.8726654(1055.68665, 31.843161212507535)
1681776656.652445,38.185063746112824,0.6411532901677508,37.958271(1055.93298, 31.924461280111586)
1681776661.6642656,38.2686101541303,0.6430158911260826,38.0491027(1056.16589, 32.001323840926354)
1681776666.6880887,38.352254691261294,0.6382073786884163,38.1523895(1056.43665, 32.090667133857785)
1681776671.6848428,38.43542131437683,0.6381071732324527,38.2452354(1056.69507, 32.17592840910933)
1681776676.6943486,38.51912935032272,0.6305640928932783,38.3524169(1056.96851, 32.26613447653308)
1681776681.7086272,38.60247136209233,0.6154068703303913,38.4725685(1057.25586, 32.36091739867884)
1681776686.7208252,38.6860453074557,0.6061568222350677,38.5799636(1057.54993, 32.45790423651889)
1681776691.7508202,38.7700879956665,0.5936327773069641,38.6929359(1057.84204, 32.55423194715234)
1681776696.733847,38.85290517661794,0.5838072014567524,38.7981262(1058.14014, 32.65252190469634)
1681776701.7338688,38.93646027101898,0.5663115703384286,38.9176177(1058.42883, 32.747696627023274)
1681776706.753072,39.01986956053797,0.5570138491113739,39.0196342(1058.71826, 32.843102913137244)
1681776711.755934,39.1033323313179,0.542286183441633,39.1311569(1059.02063, 32.94276142399163)
1681776716.7518132,39.186773731845854,0.5382814420017548,39.2209014(1059.3092, 33.0378589502267)
1681776721.7644644,39.27027994646454,0.5273335951764296,39.3236274(1059.59094, 33.13069377557766)
1681776726.7772875,39.353638293880465,0.5137050112314016,39.4304046(1059.8761, 33.224643549931976)
1681776731.7778356,39.43698853903834,0.5179737897862976,39.5019683(1060.15222, 33.31560351454163)
1681776736.782909,39.5204056645813,0.525348071672308,39.5682449(1060.41736, 33.40293581843478)
1681776741.7678814,39.60374161257172,0.5356497209818126,39.6296806(1060.67065, 33.48635524379467)
1681776746.7829094,39.68728398734156,0.5381883306368276,39.7071495(1060.92395, 33.569768483508206)
1681776751.806672,39.770837551890054,0.5461991113804776,39.7744979(1061.15881, 33.647100851955656)
1681776756.8791716,39.85535562290573,0.5715313056449021,39.8106231(1061.38904, 33.72290079521696)
1681776761.8356206,39.93796296371841,0.592200897849719,39.8559532(1061.61499, 33.79728400269554)
1681776766.8478563,40.02157124930446,0.6180464445553019,39.8942565(1061.82959, 33.867923791600745)
1681776771.8627362,40.10507267568334,0.6373505944668801,39.9470748(1062.04248, 33.937993988130195)
1681776776.8513167,40.18842181616847,0.649714895113661,40.0143966(1062.26709, 34.01191443678345)
1681776781.8536205,40.27181314482117,0.6669020005605361,40.0733375(1062.4928, 34.086189409514695)
1681776786.875212,40.35547157778168,0.6786540474161831,40.1440925(1062.71912, 34.160657577754144)
1681776791.8902316,40.438895049232485,0.6818641835803387,40.2314987(1062.93433, 34.23146311959089)
1681776796.8993156,40.522360295591994,0.6844754616498954,40.3198661(1063.17065, 34.30920613541105)
1681776801.9102771,40.60582166367594,0.6940174895409932,40.3948249(1063.43237, 34.39529548148854)
1681776806.9158309,40.68923427913411,0.6874545592484325,40.5007858(1063.68567, 34.47860557834441)
1681776811.9140217,40.77262802376175,0.6865024621562942,40.5949668(1063.98291, 34.57635545449215)
1681776816.9198515,40.85602282935206,0.6743002881852503,40.7100639(1064.22815, 34.65699490868167)
1681776821.9888518,40.940502793131515,0.6636304602415694,40.821907(1064.51709, 34.75199238514784)
1681776826.9322352,41.022877715566,0.6518750667205475,40.9322662(1064.79248, 34.84252348151789)
1681776831.938831,41.106338312763214,0.6387108131382377,41.0451164(1065.09802, 34.94295298251678)
1681776836.9445636,41.18998689506276,0.6209148965358146,41.1655845(1065.40271, 35.043089439189316)
1681776841.946121,41.273386492866514,0.6012408452593542,41.2876205(1065.67957, 35.13406773967918)
1681776846.963839,41.3569629455986,0.5889720241850129,41.3938827(1065.98669, 35.23497654625591)
1681776851.992742,41.44056168649419,0.5751524437700793,41.502037(1066.26746, 35.32721556490223)
1681776856.9948413,41.523905685085296,0.5620441401927659,41.6074218(1066.55603, 35.422005006561456)
1681776861.9952486,41.60753502700551,0.5628221033650291,41.6855812(1066.84302, 35.51626334398141)
1681776867.0221694,41.691085802056634,0.563335141138171,41.7644271(1067.11194, 35.60457585968184)
1681776872.0347214,41.77458882584,0.5664611772728049,41.8384742(1067.37732, 35.6917154658426)
1681776877.0368276,41.857925934134165,0.5821120822732418,41.8889579(1067.62244, 35.77219338093232)
1681776882.041725,41.941368995644886,0.5834292804197255,41.9684143(1067.85754, 35.84937326221691)
1681776887.08062,42.02535497202301,0.599828472427287,42.0198783(1068.09399, 35.92698817125602)
1681776892.0547912,42.108237845240275,0.6219203146874109,42.0609283(1068.32141, 36.00163125956695)
1681776897.0507312,42.19178628378931,0.6375440379393663,42.1169815(1068.54675, 36.07558419696187)
1681776902.0626614,42.2750913247846,0.6601340915566237,42.16082(1068.755, 36.143921873059675)
1681776907.0758386,42.3585720643781,0.6864887404628305,42.1995429(1068.97278, 36.21538005884033)
1681776912.0788386,42.44203807765071,0.7040770013937356,42.2571067(1069.18848, 36.28614892238507)
1681776917.089301,42.52550448034032,0.7165613747470505,42.3255996(1069.40247, 36.35635003794031)
1681776922.100401,42.609072234767915,0.7338951272888325,42.385704(1069.62598, 36.42966712551587)
1681776927.0938563,42.69246526811345,0.7433805731644347,42.4616661(1069.85815, 36.50581719618754)
1681776932.1138487,42.775923067866,0.7514463931467957,42.5407867(1070.09521, 36.58356303476536)
1681776937.1260986,42.859446075099946,0.7497666436412641,42.6387062(1070.33704, 36.66286478770684)
1681776942.1214123,42.94274770670954,0.7491008146138011,42.7337875(1070.59717, 36.74815802018945)
1681776947.1217287,43.026222259340926,0.7465034600124821,42.8321876(1070.86951, 36.83744418167483)
1681776952.2058396,43.110770931381225,0.7293735877333821,42.9587173(1071.15369, 36.93060054085532)
1681776957.130242,43.19310577167892,0.7149730668149978,43.075653(1071.44092, 37.024744758077816)
1681776962.1431594,43.276619174617764,0.6971763501498636,43.1986579(1071.74854, 37.12555879947952)
1681776967.1558652,43.36002142681503,0.6795045831083745,43.3194389(1072.02893, 37.217436953065814)
1681776972.1648571,43.44344354325358,0.6633751224089871,43.4355163(1072.3418, 37.31994464393844)
1681776977.1828516,43.52703789724731,0.639747515876818,43.5644874(1072.64429, 37.419037928730724)
1681776982.1626546,43.61022857282384,0.6291825568598537,43.666027(1072.94128, 37.51631651499823)
1681776987.177179,43.69383887702052,0.6145906426520242,43.7747497(1073.22156, 37.60811001071447)
1681776992.1738195,43.777169758616125,0.6060378739665434,43.8705329(1073.54443, 37.713837858605004)
