t,i,temp_desired,temp_tc
1681768639.9261744,23.3281974,0,23.3144054
1681768644.941764,23.244631318476106,0.02756931569856621,23.2971363
1681768649.9471235,23.161147562887574,0.0714061294206444,23.294651
1681768654.9559832,23.077650197571817,0.11885748953442407,23.2951488
1681768659.9721065,22.994068547314708,0.16405615864433012,23.2872581
1681768664.9861364,22.910505930807496,0.21282268343329036,23.282566
1681768669.9974585,22.827007091270193,0.2548449884201868,23.2613925
1681768675.0064697,22.743523689335888,0.2987700918697782,23.2408199
1681768680.063328,22.659086489902243,0.3331361310016305,23.1978378
1681768685.0274506,22.576498413310752,0.36536138619584535,23.1512336
1681768690.0244632,22.493146984007264,0.38560888874740673,23.0790805
1681768695.026686,22.40981785876185,0.4042721249010668,23.0033988
1681768700.0352082,22.326419985519156,0.4161872213803911,22.9143466
1681768705.039355,22.242920232043968,0.4260017073168863,22.8215446
1681768710.0591388,22.159336559202576,0.4270081670487913,22.7122402
1681768715.068154,22.07582033895086,0.421437221997771,22.5917053
1681768720.0680413,21.99244414987793,0.41184895778728686,22.4654998
1681768725.073133,21.909049280709333,0.40628371035385147,22.348978
1681768730.0764658,21.825652738637036,0.3928560589537036,22.2189998
1681768735.0851395,21.742172670589195,0.3857593612128951,22.1032714
1681768740.0946343,21.658697025205996,0.36826197300433333,21.9692249
1681768745.1484537,21.57458566449712,0.3457329748502106,21.827301
1681768750.105477,21.491879634287262,0.3199351139554967,21.6835079
1681768755.1060972,21.40852321806183,0.30111453161666735,21.5551776
1681768760.114049,21.32503022375336,0.2797332300351709,21.4239597
1681768765.120476,21.241603025025434,0.2560849337734976,21.2907772
1681768770.1241858,21.15815403881302,0.24097175413146796,21.176197
1681768775.1427958,21.074547604944613,0.22248554641766188,21.0565223
1681768780.1554673,20.99103079659373,0.21137044819602424,20.9526977
1681768785.1654701,20.907549496716562,0.20023457571669342,20.8498306
1681768790.1781375,20.8240705452624,0.19382348407259067,20.7568988
1681768795.1917338,20.740501630531057,0.18907440504854317,20.6674938
1681768800.1880713,20.657104758646394,0.19683117952471474,20.6023483
1681768805.189515,20.57376663309962,0.19522408897061122,20.5185565
1681768810.1911192,20.49035559120407,0.20712326013828453,20.4604396
1681768815.2040987,20.406844179060364,0.22247029480269842,20.4075851
1681768820.2153568,20.323336784269713,0.23411635090054037,20.3462219
1681768825.2194452,20.239919781909688,0.24740324503281125,20.2870235
1681768830.2381325,20.156337066716258,0.2547232720322835,20.2151317
1681768835.2471435,20.07277891658376,0.27237534456519974,20.162384
1681768840.2641525,19.989214341070557,0.29486608894775374,20.1173725
1681768845.275462,19.905729075497693,0.3114294898467451,20.0593338
1681768850.3031435,19.821963620410664,0.3297584724872913,20.0031127
1681768855.3031526,19.738612024214174,0.34106568248018176,19.9326725
1681768860.3054602,19.655171283310956,0.3613530558490162,19.8786334
1681768865.3081434,19.571787619815574,0.3820772296013199,19.8240833
1681768870.3173523,19.488298003103637,0.4009192557074522,19.7644271
1681768875.3272738,19.404786360488636,0.41381032501072146,19.6922798
1681768880.3435082,19.321214541024272,0.4276173032420196,19.6212711
1681768885.3421638,19.23782678865026,0.4422135422127692,19.5513973
1681768890.354153,19.154444202012126,0.45581509298153144,19.4789905
1681768895.3642552,19.070884192214713,0.4609346691514989,19.3896789
1681768900.3731346,18.98742297115555,0.4619087654021918,19.2928924
1681768905.3774471,18.903964539593762,0.46334534401779237,19.1975822
1681768910.3818014,18.8205686849617,0.47108376420978076,19.1149444
1681768915.4371998,18.736336604978945,0.4802631106405648,19.0340003
1681768920.3954628,18.653633105979665,0.4856744393886738,18.9475612
1681768925.3971236,18.570292969769543,0.48904148074949616,18.8566379
1681768930.3971477,18.48688816649348,0.49671192822519256,18.774208
1681768935.4151883,18.403324373787946,0.4901352982626676,18.6643981
1681768940.4267485,18.31977767569453,0.4934076297829611,18.5746135
1681768945.4413686,18.236256834096018,0.493897980043092,18.4798545
1681768950.4481356,18.152798009143574,0.49904912979072535,18.3946075
1681768955.4554632,18.069197496003216,0.50365505899614,18.3082313
1681768960.4754572,17.98569753589859,0.5009048509601196,18.2080764
1681768965.4881337,17.902179352667236,0.5059188507509074,18.1234855
1681768970.4891384,17.818825908726758,0.510826882502976,18.0389423
1681768975.4941142,17.735403951233927,0.5114322549685442,17.9461917
1681768980.534925,17.65133664630483,0.5106309777287938,17.8504734
1681768985.5124407,17.568349564300284,0.5081645584334249,17.7533321
1681768990.5154614,17.48496011915436,0.5155519580275283,17.6752052
1681768995.51501,17.401634550319418,0.5163483086870129,17.5843372
1681769000.5306387,17.318079332735444,0.5195735281656193,17.4981994
1681769005.5383358,17.23471225522588,0.5150726630397544,17.3976821
1681769010.5504625,17.151145851836905,0.5225188852861737,17.3205127
1681769015.5497384,17.067719416048433,0.5269578252791999,17.2374763
1681769020.5554655,16.984312407400513,0.525947919418148,17.144062
1681769025.5712194,16.900722344941205,0.533116451248679,17.0664939
1681769030.5818524,16.817206112768556,0.5298536175973412,16.9688472
1681769035.595729,16.733701062427265,0.5305898627263144,16.8795013
1681769040.6016977,16.650296346571352,0.5326458069899871,16.7930698
1681769045.6397386,16.566241189068858,0.5444876665465962,16.7247009
1681769050.6191719,16.483315066721346,0.5481284397601475,16.6412105
1681769055.6270843,16.399864252633158,0.5568069967394764,16.5667476
1681769060.64015,16.316333385533397,0.5736747760721828,16.5073699
1681769065.6433656,16.23276447874934,0.584868607495479,16.4360256
1681769070.6558487,16.149354664709474,0.5912920944852751,16.3551425
1681769075.6629448,16.065857438471223,0.5985462541426209,16.2756633
1681769080.6722467,15.982510439779663,0.61615664834673,16.2158336
1681769085.6779356,15.898938342160289,0.6186079911024092,16.1258201
1681769090.6694682,15.81558279616267,0.6221004166971535,16.0383129
1681769095.6885085,15.732076128548687,0.6431488165041466,15.9842538
1681769100.6846359,15.648742934292859,0.6571142652747402,15.915513
1681769105.699191,15.565263140426381,0.6690137881693066,15.8419561
1681769110.70702,15.48184678179652,0.6811689104393241,15.7685165
1681769115.706082,15.39845494849116,0.6954055833797242,15.6985912
1681769120.7143433,15.315077861374919,0.6992936754034724,15.6083278
1681769125.728534,15.23157073281835,0.7122796718266783,15.5355453
1681769130.7409627,15.147971002485658,0.7197519368266881,15.4516572
1681769135.746517,15.064461354639436,0.7316428941222378,15.3762912
1681769140.7709184,14.980822702473704,0.7375855078910684,15.2890758
1681769145.7710383,15,0.6936738891279199,15.2099332
1681769150.8110251,15,0.6541257285658963,15.1245508
1681769155.783982,15,0.615058700881895,15.0442199
1681769160.7923841,15,0.5765890433538949,14.9688434
1681769165.8060439,15,0.5321247604018926,14.8856506
1681769170.8228402,15,0.49245307790189263,14.8155307
1681769175.833398,15,0.4459402296618745,14.7357568
1681769180.830306,15,0.4100113408698689,14.6799526
1681769185.848892,15,0.36981500336986883,14.6186285
1681769190.8498852,15,0.331883389245862,14.5646047
1681769195.8688865,15,0.3063536317458616,14.5367097
1681769206.9392607,14.4950208,0.5261047161228639,14.4736051
1681769211.954176,14.4950208,0.5247752611228637,14.4720926
1681769216.9542766,14.4950208,0.5256344738553625,14.4748239
1681769221.9516158,14.4950208,0.5454451088553625,14.5135202
1681769226.970539,14.578475166525015,0.5030858769364065,14.515419
1681769231.9863043,14.662131672268677,0.4607788529080753,14.5215148
1681769236.9961529,14.745639885629782,0.41389255187284046,14.5224437
1681769242.0011063,14.829045066401928,0.3636697548267189,14.5208148
1681769246.9980183,14.912493730749258,0.3056746868843223,14.5084743
1681769252.0123403,14.995975884959666,0.245786635504322,14.497199
1681769257.0110416,15.079400282269289,0.19707667479277846,14.5115938
1681769262.02721,15.16280716376063,0.14637527995309185,14.525465
1681769267.0324032,15.246319791839092,0.09910883929614961,14.5493955
1681769272.0266237,15.32960850910899,0.05576232543347631,14.5833063
1681769277.0941415,15.414095939363607,0.014185569318084346,14.6246118
1681769282.0463622,15.496521096592714,0,14.6781501
1681769287.0639293,15.580175353254447,0,14.7450675
1681769292.0637188,15.663505285149384,0,14.8127565
1681769297.0837681,15.747016649609376,0,14.9072799
1681769302.0808175,15.830369763737488,0,14.9926509
1681769307.0948305,15.913884048825073,0,15.1052837
1681769312.090819,15.99742817994512,0,15.2136182
1681769317.121022,16.081072891916403,0,15.3315916
1681769322.1191552,16.16435477849401,0,15.4421939
1681769327.123405,16.247710070178478,0,15.5788888
1681769332.12186,16.331224255924987,0,15.7104406
1681769337.127365,16.414646479651896,0,15.8544378
1681769342.191474,16.498884663150278,0,15.9918136
1681769347.162267,16.581731106008657,0,16.1129226
1681769352.171366,16.66524113929825,0,16.2455387
1681769357.1818187,16.748640605971783,0,16.397871
1681769362.1859446,16.832233652636972,0,16.5323905
1681769367.1966918,16.915721707707213,0,16.6497726
1681769372.1958697,16.999163700307975,0.00821339472629011,16.7796382
1681769377.2156942,17.082734355494946,0.024041824124987385,16.9038391
1681769382.2358642,17.166293757324983,0.050632777576257046,17.046585
1681769387.242565,17.249739453361002,0.06791498322422136,17.1686496
1681769392.2499962,17.333110226358542,0.08747674856648828,17.2931423
1681769397.250704,17.416665284996796,0.10429635513606703,17.4106388
1681769402.2599523,17.500025678838856,0.11807972124406464,17.5205402
1681769407.307259,17.584200013841755,0.12910072118981175,17.6247119
1681769412.2795377,17.66701881603953,0.14653777299543727,17.7388362
1681769417.293786,17.750527625447084,0.1568597160885549,17.8385734
1681769422.3092792,17.83426467296041,0.1624001309122107,17.9286422
1681769427.3281734,17.917748611336517,0.16656838394074414,18.0155715
1681769432.3346434,18.001264911061096,0.16292858525610365,18.0874843
1681769437.3303504,18.08470002925949,0.15787024542541933,18.1571788
1681769442.3446772,18.168195272649893,0.14881106302816044,18.2199592
1681769447.34959,18.25156449990031,0.14154407690544202,18.2870216
1681769452.355017,18.33501847303467,0.12805108351239608,18.3430862
1681769457.3665757,18.418487021491497,0.1114815538409748,18.3946132
1681769462.3670747,18.50184110916214,0.0961501697766006,18.4499015
1681769467.37118,18.585249349639383,0.07638872079699456,18.4981422
1681769472.4370918,18.66971161878662,0.05424568128139544,18.5446681
1681769477.3926637,18.752246583665976,0.031011612382200404,18.588829
1681769482.411623,18.835845924581655,0.015065997673015905,18.6498641
1681769487.4096014,18.919205519721476,0,18.69524
1681769492.4185042,19.00271483378169,0,18.7565155
1681769497.4198213,19.086100702648928,0,18.8094654
1681769502.4339712,19.16968812263565,0,18.8704967
1681769507.4404218,19.253076979682415,0,18.9288959
1681769512.447423,19.336548111007183,0,18.9912414
1681769517.44834,19.419921923841606,0,19.0628585
1681769522.4580822,19.503360709712474,0,19.1327781
1681769527.4629626,19.586841520831555,0,19.2039928
1681769532.4724634,19.670291146800487,0,19.2673587
1681769537.5335636,19.754565232163237,0,19.3330173
1681769542.497306,19.837361221676638,0,19.4137592
1681769547.5074127,19.92073696570155,0,19.4803314
1681769552.5014093,20.00417846954422,0,19.5476303
1681769557.5158982,20.08770032044805,0,19.6247863
1681769562.5227873,20.171138303643037,0,19.6982479
1681769567.5324743,20.254569038913218,0,19.7664279
1681769572.5396426,20.338066177731324,0,19.8231811
1681769577.5474124,20.42153198040085,0,19.8966789
1681769582.5503983,20.50496562835134,0,19.9607467
1681769587.5600755,20.588371405169934,0,20.0379467
1681769592.572202,20.671961980229188,0,20.1126708
1681769597.5794232,20.755436636175283,0,20.1645984
1681769602.6383615,20.839603472913872,0,20.2189731
1681769607.606405,20.92249802864151,0,20.2837829
1681769612.6033905,21.005826383000183,0,20.3336658
1681769617.607955,21.089232346579998,0,20.3954372
1681769622.6113942,21.172582750683596,0,20.4418163
1681769627.6164784,21.25598259485321,0,20.4955425
1681769632.6193416,21.339398595855204,0,20.556549
1681769637.6341298,21.422901730900573,0,20.6117954
1681769642.6418114,21.506483448709616,0,20.6717357
1681769647.6464348,21.589874642258454,0,20.7079601
1681769652.6554236,21.67333382881241,0,20.7532806
1681769657.6654594,21.756776787008413,0,20.8073406
1681769662.669979,21.840214956964623,0,20.8493194
1681769667.7169197,21.924435620671083,0,20.9019889
1681769672.6751995,22.007044900621544,0,20.9405269
1681769677.6816785,22,0,20.9807415
1681769682.690701,22,0,21.0243873
1681769687.6974244,22,0,21.0615081
1681769692.7144134,22,0,21.1023769
1681769697.7151074,22,0,21.1493148
1681769702.717431,22,0,21.1825504
1681769707.7178233,22,0,21.2213554
1681769712.7185686,22,0,21.2591648
1681769717.7354271,22,0,21.2990417
1681769722.7456577,22,0,21.342102
1681769727.7431118,22,0,21.3660526
1681769738.7834735,21.4133605,0,21.4556388
1681769743.796605,21.49673767851003,0.009424421217765388,21.4787864
1681769748.8055956,21.58025762603887,0.043331606663240874,21.4985885
1681769753.8114724,21.66372840370941,0.06687899467954628,21.5411148
1681769758.8144658,21.74708578553009,0.09479331022813842,21.5771408
1681769763.8148055,21.830520120920816,0.12360691344652172,21.6137847
1681769768.816527,21.913904066544852,0.16003455292216157,21.6381034
1681769773.8254056,21.997317071420035,0.1881898146452526,21.6810207
1681769778.8298268,22.080766204657237,0.2205800072606602,21.7178878
1681769783.8384109,22.16427828834661,0.25312875153308445,21.7567443
1681769788.845318,22.247622501514435,0.28153718065485983,21.8053836
1681769793.8537886,22.33116969233958,0.30615132587592137,21.8631057
1681769798.8692439,22.414703158201853,0.32075025360676745,21.9411926
1681769803.8882618,22.498303019664764,0.3388993645413516,22.0128402
1681769808.8910747,22.581715913277943,0.3529189021729595,22.092741
1681769813.8896837,22.665070608915965,0.36160235771487026,22.1828403
1681769818.8893297,22.74844462440618,0.36647339357013187,22.2798995
1681769823.9040515,22.831958122712454,0.3625118857910806,22.3932704
1681769828.905414,22.91532081332016,0.34803885450885,22.5251464
1681769833.9624443,22.999619181615195,0.3203157750494586,22.680973
1681769838.9304163,23.08244171506373,0.2944875952274638,22.8280906
1681769843.9455473,23.16602249906667,0.252231755381529,23.0042953
1681769848.9584131,23.24958617653656,0.20473923264563215,23.1860313
1681769853.9627514,23.33300310339737,0.16458971060924218,23.3489475
1681769858.9667583,23.41635770366796,0.11688875833623574,23.5224018
1681769863.9704192,23.499803069891612,0.08659959069535361,23.6584911
1681769868.986978,23.583301273646036,0.04355789300360327,23.8163814
1681769873.9889433,23.66672946578471,0.011977378217558149,23.9488639
1681769879.000415,23.750282489917755,0,24.0557899
1681769884.0119412,23.833728074691773,0,24.1449394
1681769889.0183043,23.91721976961899,0,24.2375392
1681769894.016472,24.000587625962574,0,24.3013401
1681769899.0754557,24.084803044460298,0,24.3642215
1681769904.0253072,24.167371157469432,0,24.4010524
1681769909.0300877,24.250755595825193,0.020042553508413233,24.4205799
1681769914.0380867,24.33426464762497,0.050169353098924646,24.4386177
1681769919.049846,24.417656707427977,0.08192951259472173,24.4565391
1681769924.0554202,24.5010899977506,0.122753222699799,24.4603614
1681769929.058946,24.584552855950673,0.15024690319860134,24.4933948
1681769934.062783,24.667927550933836,0.18633149404760702,24.5124015
1681769939.063733,24.751320631963093,0.23039410536131333,24.5192718
1681769944.0683959,24.834704136512755,0.272369351048962,24.5337524
1681769949.0816665,24.91828196015167,0.31264664593174896,24.5549945
1681769954.0864246,25.001672573548635,0.3480852569689465,24.5881824
1681769959.0913548,25.08505359457143,0.37876075984462937,24.6328239
1681769964.0954235,25.168502743703208,0.39897246275860276,24.6993808
1681769969.0976682,25.251879441402433,0.4203540001432775,24.7643699
1681769974.1052074,25.335366987846374,0.43580711788844156,24.8417129
1681769979.1153061,25.418857415181478,0.4475697244355306,24.9263057
1681769984.1188638,25.50224512781906,0.45085242144979865,25.0268955
1681769989.1277614,25.58573689427185,0.44235194404758993,25.1492767
1681769994.1314192,25.669097443085988,0.43028522203180913,25.2764053
1681769999.1464272,25.752572337450662,0.41446613733341486,25.4087638
1681770004.2094083,25.836966844064076,0.4034085043023462,25.5307731
1681770009.1554177,25.91942024594752,0.3795526675505426,25.6731014
1681770014.157412,26.00288640624491,0.3520489435032888,25.8207111
1681770019.163389,26.08632028069305,0.32304221524468496,25.9680709
1681770024.176417,26.16990501449712,0.2912469488583092,26.1178569
1681770029.1928492,26.25345980292765,0.25630141639099935,26.2704505
1681770034.2026803,26.337000186902365,0.2327929642324285,26.3979511
1681770039.2153344,26.420563701452892,0.2089941049321285,26.5239276
1681770044.2345386,26.504119892579396,0.1877771460972696,26.6429538
1681770049.2374241,26.587571092110952,0.17305150566582195,26.7478427
1681770054.2524226,26.671116602085114,0.15936108137267455,26.8498077
1681770059.2682798,26.75465588536072,0.15057667928732052,26.9415416
1681770064.265425,26.838006782196047,0.14680763975988625,27.0231723
1681770069.2954361,26.92190631594467,0.15131944530681976,27.089611
1681770074.278752,27.004940120043436,0.16692269680368754,27.1349582
1681770079.2992706,27.088535427711484,0.1799414277047143,27.1875495
1681770084.3042257,27.172016187173206,0.20293354211490414,27.2225208
1681770089.3162394,27.25550323691177,0.22739194694993395,27.2570152
1681770094.3191755,27.338938136559804,0.25081487518794576,27.295763
1681770099.3302693,27.422285322012584,0.2773346959646512,27.3306522
1681770104.3232584,27.50567570096461,0.3023310101448613,27.3708133
1681770109.3322954,27.58907128936259,0.3382019540779152,27.3923053
1681770114.3428433,27.672656325163523,0.3631145826494865,27.4378433
1681770119.357006,27.75619797673035,0.39857517583730157,27.4650669
1681770124.3681781,27.839734935424804,0.42641279857014974,27.5094432
1681770129.383496,27.92330044077047,0.44533719175782654,27.5727405
1681770134.4209733,28.007383668087005,0.46802337089019885,27.630474
1681770139.3952687,28.090104214014687,0.48006290314831285,27.7080974
1681770144.4002607,28.173605791392006,0.48331941412177304,27.8035869
1681770149.4060311,28.257025471987404,0.4901429020094758,27.8916816
1681770154.4183726,28.340583451253256,0.48336008599183716,28.0056076
1681770159.4355187,28.424087138635,0.46029385314858356,28.1489982
1681770164.4348595,28.507532059810636,0.43967375706445677,28.2848529
1681770169.438736,28.590984952114106,0.4377168520190451,28.382637
1681770174.450342,28.67442954745102,0.41612701192234763,28.5171489
1681770179.4529004,28.7578016277771,0.385340925279813,28.6666507
1681770184.4703345,28.841385026437123,0.3652409916648697,28.7928676
1681770189.4810536,28.92493335372416,0.3377328490757907,28.9311218
1681770194.493345,29.008509750825247,0.3180387388969654,29.0519161
1681770199.513599,29.092107458573658,0.2997007748899,29.1683654
1681770204.5132802,29.17551786468633,0.27999846602056827,29.2856559
1681770209.5273418,29.25908285743205,0.2663125130935644,29.390026
1681770214.5470397,29.34287226961263,0.2546686142857378,29.4897365
1681770219.5496826,29.426051719647724,0.2523097972944762,29.5704154
1681770224.5565994,29.50946832066981,0.2547161558222657,29.642374
1681770229.556268,29.5928478436292,0.25658346589269143,29.7158679
1681770234.5656066,29.676301777027128,0.2719007766994937,29.7642745
1681770239.5703351,29.759718262813568,0.2853469236630527,29.8178901
1681770244.589334,29.843322550914763,0.2992660251078363,29.8722076
1681770249.5877953,29.926705749493916,0.3232392156347595,29.9085521
1681770254.5963235,30.010194376768748,0.3460202424815365,29.949522
1681770259.6105814,30.093718393308002,0.3755988815713313,29.9796123
1681770264.6072114,30.17706816957601,0.4031473114447362,30.0159225
1681770269.6064627,30.26040295328903,0.42333827963347215,30.0684719
1681770274.6096785,30.3437719818573,0.44414166846403874,30.121355
1681770279.6718912,30.428163647315976,0.4748353502839123,30.1580333
1681770284.6306422,30.510756698908487,0.48763321010318933,30.2289867
1681770289.6379468,30.594254421852114,0.5035512347750593,30.2956275
1681770294.654341,30.67782205309677,0.5155475626887192,30.3706092
1681770299.6554825,30.761186249715166,0.5227891397407982,30.4548091
1681770304.6566882,30.844551765583038,0.5202652568143089,30.5575714
1681770309.6568928,30.927904323401133,0.5218999963083846,30.6514759
1681770314.6644816,31.0113262292366,0.5106171499570346,30.7695522
1681770319.6794245,31.094878772558847,0.5108226003059371,30.8642616
1681770324.6892862,31.178408805193584,0.4849976252735627,31.0079898
1681770329.692779,31.261781437856037,0.4654340375511901,31.1367416
1681770334.6974628,31.345182092648823,0.444392212263804,31.2661762
1681770339.7073333,31.428635028662363,0.42022950463678527,31.3994197
1681770344.7705245,31.51300023760605,0.39790566562012336,31.5276889
1681770349.7279558,31.5956847465655,0.3720061585030499,31.6590347
1681770354.7268248,31.679049352469125,0.34972439276658973,31.7818241
1681770359.733339,31.76252368655014,0.34080584889777343,31.8773746
1681770364.744025,31.84611519938914,0.32405621787444516,31.9873809
1681770369.7603185,31.92955161696879,0.31820812708849144,32.0752296
1681770374.7577791,32.01292519535828,0.31924827366719377,32.1496849
1681770379.7653403,32.09638484285482,0.3137581613262575,32.2370681
1681770384.7832413,32.17998646066793,0.31973408046158863,32.3025703
1681770389.7992105,32.26358431146749,0.3340111830769731,32.3531227
1681770394.8128946,32.34715578919855,0.34930353564760447,32.4032936
1681770399.8261762,32.430672450524646,0.36800680981755635,32.4485092
1681770404.8304534,32.514106750152585,0.39463923588533867,32.4803657
1681770409.896691,32.59841231868871,0.42117397566301323,32.5157852
1681770414.841275,32.68094245161819,0.4420289331440699,32.5624732
1681770419.8423684,32.76428756282934,0.46690117782037527,32.604084
1681770424.8401814,32.847652458808895,0.4928432322803768,32.6456642
1681770429.8582811,32.93115138973999,0.5153861649894222,32.6958427
1681770434.8667655,33.01469263996887,0.523005952586287,32.7761116
1681770439.8779082,33.098272287509914,0.5371223864586365,32.8442001
1681770444.8935468,33.18176112936147,0.5437451070728042,32.9272117
1681770449.9019556,33.26529289450455,0.5523045320069575,33.0065612
1681770454.9059324,33.348664231759386,0.5528739184531881,33.1012039
1681770459.9066737,33.432011905970256,0.5467058507078799,33.2080841
1681770464.916371,33.515535819194795,0.5410493653000191,33.3130455
1681770469.9179783,33.598891893686925,0.5312140523882567,33.4247779
1681770474.9763026,33.68314252660878,0.5276918203188061,33.5241241
1681770479.9371674,33.765854870937346,0.516353501667514,33.6359672
1681770484.9432988,33.84926184779612,0.4974579137918046,33.7615509
1681770489.957275,33.93285935288874,0.4752558780668023,33.8916206
1681770494.9693227,34.01640501386134,0.46222092194474584,34.0019607
1681770499.9762793,34.0998555299263,0.44323190322538536,34.1222686
1681770504.98128,34.18330819970576,0.4263043366597335,34.2368888
1681770509.9955573,34.26683582431285,0.4115831620711001,34.3459053
1681770514.9959967,34.35018724964269,0.3989361284770835,34.4495811
1681770520.0100365,34.43373264438121,0.3821322231941963,34.5603828
1681770525.0262842,34.517335029107414,0.3874864364753124,34.6277389
1681770530.0319712,34.60073600179163,0.3852750446298679,34.7100791
1681770535.0406082,34.6843153274676,0.3930373331545426,34.7736663
1681770540.0798495,34.768307462992354,0.4011493007870235,34.8379211
1681770545.0579417,34.851280978979744,0.41626664393929214,34.8887901
1681770550.0839436,34.934864731294,0.43577669879111547,34.9334259
1681770555.086702,35.01836248602676,0.4560089758081676,34.9784545
1681770560.0889287,35.10176023608653,0.4673178448791023,35.042221
1681770565.0960102,35.18515817688115,0.49752179969844396,35.0709228
1681770570.0970285,35.2685648279012,0.5126113659059983,35.1310272
1681770575.107566,35.35206046468226,0.5322590218467602,35.1836738
1681770580.123536,35.435595134558355,0.5595562301487678,35.2232322
1681770585.1295927,35.51907745963541,0.5805394529676696,35.2768936
1681770590.1380992,35.60254708892313,0.5929350876977248,35.3483238
1681770595.146019,35.68599392936834,0.5927159586545383,35.4442939
1681770600.1619112,35.769576497536974,0.6003382482420411,35.5249023
1681770605.2065892,35.85359523262787,0.6030203325328778,35.61557
1681770610.1736543,35.93651149239349,0.597976439379687,35.7193641
1681770615.1760194,36.01989769902038,0.5861921626686414,35.8355369
1681770620.1881967,36.10332883562851,0.5831322975662714,35.9336013
1681770625.1959305,36.18686267898687,0.5736826687201217,36.0432167
1681770630.2010262,36.27027394738006,0.5610718342722815,36.157505
1681770635.213326,36.353814251881914,0.5473477853202567,36.2725563
1681770640.2137995,36.43717846836853,0.5313153777502465,36.390335
1681770645.2268417,36.52062573796717,0.5135752134987482,36.5098037
1681770650.240635,36.60414342449315,0.4949133935120241,36.6293792
1681770655.2406502,36.68759515251922,0.48754408633804247,36.725666
1681770660.2492406,36.77104775077311,0.478999289765615,36.823574
1681770665.2559302,36.85451150304286,0.4701909984765633,36.9213142
1681770670.302933,36.93872287637202,0.465779353807403,37.0107154
1681770675.2734246,37.021511546435036,0.46392770244557674,37.0936241
1681770680.2869253,37.10499834186045,0.47360181786294725,37.1552429
1681770685.2980063,37.18854554063289,0.4800420869162365,37.2241249
1681770690.3106532,37.272185031237285,0.4946723766418661,37.278202
1681770695.3265834,37.35572734242884,0.5056864392890483,37.3404808
1681770700.3398705,37.439210811915075,0.5169978243300424,37.4031448
1681770705.3389344,37.522558871569316,0.5350431184463953,37.4538383
1681770710.348151,37.6060116089007,0.5548271441393201,37.5028953
1681770715.3550804,37.68941493795522,0.5686456321154578,37.564888
1681770720.3532934,37.77275812592316,0.5861121417475095,37.6208915
1681770725.3680887,37.85626197622426,0.5976967353337667,37.6895866
1681770730.3746567,37.939825395407354,0.6112515021126647,37.7552947
1681770735.3889995,38.02327971424866,0.6233169443895356,37.8245544
1681770740.3829546,38.10657855636088,0.6361383118546667,37.8928947
1681770745.392956,38.19011495874532,0.6362227080682228,37.9864768
1681770750.4060037,38.27371115253575,0.6358591728557311,38.0804901
1681770755.4085908,38.357061516902924,0.6386745729618902,38.1676788
1681770760.4149485,38.44049473569997,0.633276440752913,38.2704124
1681770765.4303818,38.52401018109131,0.6297565058663573,38.3687553
1681770770.4298525,38.60735214120356,0.6161413394525688,38.485424
1681770775.4369175,38.69086755083211,0.6091322584977139,38.5881118
1681770780.4460142,38.77427873975245,0.5980380739516917,38.6975479
1681770785.4440093,38.857738776666004,0.5882055848758746,38.8033981
1681770790.4639978,38.941282601815544,0.5811937774960334,38.9028854
1681770795.4825053,39.024867955507915,0.5662496139263595,39.0167655
1681770800.4839413,39.108232617042546,0.5621654251197363,39.1082954
1681770805.4808426,39.19161206450272,0.5496177714475511,39.2155685
1681770810.4975863,39.27518912917582,0.5370590795134992,39.3219261
1681770815.5011828,39.3586785750211,0.5304835747097891,39.4157066
1681770820.5129466,39.442138516567226,0.5350453890943577,39.4877548
1681770825.5256674,39.52564649945704,0.5429635330256887,39.5540084
1681770830.5403829,39.6092389421285,0.5521316669002944,39.6187858
1681770835.5493648,39.692739867828365,0.5601171508273618,39.6866226
1681770840.588585,39.77669031189092,0.5745868841702574,39.7433128
1681770845.5625782,39.85959505603917,0.5878598792836542,39.8025169
1681770850.5750196,39.94317824409612,0.5965396631353452,39.8722953
1681770855.5809472,40.02660047974396,0.6155964354528657,39.9227943
1681770860.588977,40.10994496709315,0.6316643958047881,39.9804763
1681770865.590953,40.19347585803477,0.6438752109151131,40.046936
1681770870.6038647,40.27693622873433,0.6596244019832489,40.107376
1681770875.6154375,40.360512462916056,0.6633241337360495,40.1920051
1681770880.6327982,40.44409496750641,0.6722358051539619,40.2666625
1681770885.6339474,40.52747863894908,0.6748321593490255,40.3535499
1681770890.6506288,40.610996583761846,0.6756143202121602,40.4438858
1681770895.6546614,40.6944284713885,0.6778678533101982,40.5309829
1681770900.669546,40.77803097929764,0.6794382290706217,40.6194
1681770905.6950188,40.8619130170962,0.6744794794988365,40.7203445
1681770910.6760077,40.944781350753786,0.6694665661550977,40.8194656
1681770915.6812012,41.02826139495977,0.6629820081320843,40.9212646
1681770920.6916785,41.111678226453144,0.6519011621822157,41.0308952
1681770925.6921942,41.195160356821695,0.6477390362870368,41.126152
1681770930.697177,41.27853235370127,0.6388107335693577,41.2298164
1681770935.6980314,41.36188329822032,0.6284368132843866,41.335247
1681770940.7109008,41.445345103405,0.6237266930046109,41.4289512
1681770945.7111661,41.52873830761719,0.6191237903011337,41.5218925
1681770950.7116642,41.61208955015945,0.6113161653262535,41.6204414
1681770955.71705,41.695567039313,0.6080342946329935,41.7097702
1681770960.7296565,41.77895769244639,0.6100031035108486,41.7887344
1681770965.7293139,41.862425704461415,0.6085643696298968,41.8744773
1681770970.74396,41.9459753668925,0.610122979407101,41.954483
1681770975.742951,42.02939869529216,0.6190972702463831,42.0204086
1681770980.7619824,42.11286629007466,0.625942059889505,42.0912666
1681770985.7660928,42.19639253185399,0.6322202485460647,42.1638679
1681770990.779583,42.27988316581853,0.6483092021738003,42.2182617
1681770995.7823167,42.36330951021321,0.6598387898797188,42.2826728
1681771000.7949805,42.44681677784729,0.6715355830531701,42.3477554
1681771005.8059385,42.53033148414103,0.6884334508035647,42.4038009
1681771010.8516617,42.61442844039408,0.6997961949244486,42.4723434
1681771015.8250053,42.69735048975754,0.7066720067709336,42.548912
1681771020.83467,42.78079452083715,0.7134298228316658,42.6265525
1681771025.8429453,42.864329516551976,0.7191213407322089,42.7066154
1681771030.8542237,42.94784133003362,0.7179054457238693,42.7999534
1681771035.861674,43.03128979967244,0.7232780175230697,42.8802337
1681771040.8681436,43.114770678343454,0.7202031588171594,42.9767646
1681771045.876011,43.19819155103175,0.7120888410834377,43.0822296
1681771050.8919215,43.281720749201455,0.7080200078302645,43.1790466
1681771055.9031475,43.36531828210958,0.7015662298207058,43.2798385
1681771060.9092155,43.4487590508283,0.6920083604507742,43.3855552
1681771065.9205573,43.532278676492055,0.687136092665071,43.4813728
1681771070.9221005,43.61560793286769,0.6740618316745806,43.5920295
1681771075.9680853,43.69972999857076,0.6776844800480528,43.6703872
1681771080.9249222,43.782360799771624,0.6685285182223285,43.7718505
1681771085.9384744,43.86593373980331,0.6608343926364368,43.8705787
1681771090.9529443,43.949342902165725,0.6631359788717882,43.9493827
1681771095.9646163,44.03291420108286,0.6593447264850103,44.0401725
1681771100.9635584,44.11631682282893,0.6528156629287667,44.1356658
1681771105.9757051,44.19984137580998,0.6597084224966085,44.2051391
1681771110.9830558,44.283323736649834,0.6656234589597102,44.2771034
1681771116.0010853,44.36686627433904,0.6723903121627898,44.3480529
1681771120.9988453,44.45021829174169,0.6850928486670433,44.4081115
1681771126.0072916,44.5336702820282,0.6927834033609989,44.4789199
1681771131.0179873,44.6171961701533,0.7036123873789967,44.5444374
1681771136.0210161,44.700608952504474,0.7182590923671957,44.6034164
1681771141.0740178,44.78477755751419,0.7301093062044017,44.6696929
1681771146.0325875,44.86742339498011,0.7340393321686625,44.7502975
1681771151.0330064,44.95081264144389,0.7355114689366532,44.8364601
1681771156.046024,45.03425793216832,0.735479732603077,44.9254112
1681771161.041734,45.117612985434214,0.7363624838718777,45.012268
1681771166.050702,45.201130854747774,0.7439393793577324,45.0863876
1681771171.063893,45.28462918565877,0.7499210093135581,45.1639747
1681771176.0732136,45.36814618871816,0.752770108061204,45.2478103
1681771181.0848773,45.45155836310196,0.7556333024928926,45.3315162
1681771186.0901582,45.534966238004046,0.7543923433940383,45.4230041
1681771191.0940092,45.61844629015732,0.7461272316198243,45.5275726
1681771196.1092682,45.70202926363754,0.7443858447919658,45.6188125
1681771201.1206954,45.78549679086812,0.7325063706789599,45.7288703
1681771206.1527033,45.86956414745458,0.7297610314314601,45.8208847
1681771211.1317596,45.95236285891342,0.7219913250885878,45.9207916
1681771216.1300023,46.03581310874431,0.7143792152226424,46.0202445
1681771221.1415994,46.11919252838898,0.7129347732547023,46.1071166
1681771226.1459975,46.202711164615636,0.7084542302685891,46.1997451
1681771231.1482573,46.286076601010635,0.7015784509913547,46.2963485
1681771236.1604424,46.36959468490092,0.6973484722603925,46.387432
1681771241.1692553,46.453013721766155,0.6998521137371622,46.4652328
1681771246.177248,46.5365521864713,0.7005694417064348,46.5468215
1681771251.1880095,46.61995144254176,0.6985375033052124,46.6336021
1681771256.2014458,46.70349492993164,0.7091765562988342,46.6962318
1681771261.196398,46.78685913052368,0.7136648148579475,46.7713928
1681771266.2130163,46.870446538589476,0.7239914144534789,46.8360519
1681771271.290145,46.95496651298014,0.7286614642463725,46.9133453
1681771276.2390106,47.03755798703639,0.7417652142203952,46.9729309
1681771281.2540102,47.12111897832362,0.7522570860079834,47.0395965
1681771286.261664,47.20462917850621,0.7663732590602149,47.1001167
1681771291.2650056,47.288008482915245,0.7814056833376154,47.1598396
1681771296.2824812,47.37158681120682,0.7919376082218785,47.2294807
1681771301.2951546,47.45511678026327,0.803442787256687,47.297863
1681771306.3064702,47.538681010069524,0.8111321233563608,47.3742942
1681771311.3105211,47.62209264006424,0.8136602398345324,47.4607429
1681771316.3130085,47.705443282586415,0.8125767781602806,47.5538406
1681771321.3240197,47.78894820577113,0.8112765623969165,47.6470413
1681771326.3307033,47.87247655358124,0.8004422298605275,47.7579803
1681771331.3460917,47.95598565703837,0.7944732882956189,47.8583259
1681771336.384028,48.04003933237203,0.786729672036866,47.9618148
1681771341.3660448,48.12292449043401,0.7758192121221811,48.0691909
1681771346.3660176,48.206375848911286,0.7658637425836015,48.1741638
1681771351.3711324,48.28974264031855,0.7549954542951977,48.279766
1681771356.372763,48.37315950360107,0.7338419670467565,48.4039459
1681771361.3899074,48.456839600863134,0.7212845272034312,48.5100708
1681771366.4062376,48.5403100844841,0.711543768102366,48.6095504
1681771371.4091816,48.6237200495224,0.7088442743595755,48.6948051
1681771376.4116778,48.70711257821528,0.7060434656614019,48.7801475
1681771381.4170232,48.79052937394587,0.7120226078753432,48.8486976
1681771386.4340224,48.87410467432149,0.7175518286511335,48.9189643
1681771391.4380078,48.95748352573521,0.7271694404634347,48.981884
1681771396.4552016,49.04105184839376,0.7361423180025498,49.0471992
1681771401.5090082,49.12529747452545,0.7537342355486442,49.09766
1681771406.466008,49.20804819232432,0.7705852317083677,49.1496124
1681771411.4829943,49.291594481132506,0.793375400640774,49.1925315
1681771416.48784,49.375046765468596,0.8060743257307745,49.2565307
1681771421.4948654,49.45846056109873,0.825171945073311,49.3092117
1681771426.5080087,49.54204851355362,0.8352960968506196,49.3806457
1681771431.5153892,49.62552942004013,0.8425469658044875,49.4580268
1681771436.5251708,49.70895115500895,0.8406452846641184,49.5530471
1681771441.526013,49.79233453637568,0.8439770312568753,49.6375083
1681771446.5390098,49.875909487070714,0.8500138660001583,49.7169799
1681771451.557253,49.95950209266154,0.8454775645475232,49.8168029
1681771456.5556402,50.042845983964284,0.8381524447980047,49.9208946
1681771461.5519104,50,0.7686472353158592,50.0162467
1681771466.5616925,50,0.7022201469798578,50.1419792
1681771471.5790348,50,0.6364888282098418,50.2603836
1681771476.5824864,50,0.5759499657098419,50.3632965
1681771481.6308942,50,0.5184129722412922,50.4553871
1681771486.6107957,50,0.47292305902632836,50.5204238
1681771491.6305466,50,0.4429660697487924,50.5526237
1681771496.6406267,50,0.41825368224879067,50.5733795
1681771501.6393394,50,0.4133115848807809,50.5554046
1681771506.6644306,50,0.4201399266283965,50.5158767
1681771511.663061,50,0.44642612162839757,50.4412422
1681771522.811712,50.3452415,0.7354432908768996,50.2221794
1681771527.8227298,50.261866300364176,0.778048878568091,50.0635108
1681771532.8175197,50.17841822808965,0.8291735506330704,49.8921279
1681771537.8362548,50.09489383008067,0.8794920761028787,49.7264442
1681771542.8527398,50.01135364876175,0.9195742165623709,49.5841674
1681771547.8614817,49.92776624069595,0.9210842836821325,49.5181083
1681771552.863009,49.844283021549224,0.9107142780316402,49.4739379
1681771557.8860064,49.760760308364866,0.8775894391485842,49.4711456
1681771562.898009,49.67721761570358,0.8282731945197931,49.4953575
1681771567.9311209,49.59341612762197,0.7604602642118073,49.5493965
1681771572.9043243,49.51038696473821,0.6733098020952053,49.6344833
1681771577.919036,49.426845766166686,0.5837164794636106,49.7156867
1681771582.9267414,49.34341422424698,0.5004014143398627,49.7771301
1681771587.939006,49.25984517838542,0.419782407954982,49.8263816
1681771592.9433045,49.176417824685416,0.3480449492221157,49.8526191
1681771597.948186,49.093051148513794,0.28409593984914894,49.85886
1681771602.9592528,49.00949827537918,0.23669325150191822,49.8290138
1681771607.9617863,48.926148522953035,0.2019487508626725,49.7728195
1681771612.9730093,48.842630093355815,0.19404264790541337,49.6639175
1681771617.9890213,48.75904984182103,0.20404481984687906,49.5220603
1681771622.9916677,48.675580375452675,0.2244610735490189,49.3633689
1681771628.0016139,48.59218054320399,0.2691480382104735,49.1620178
1681771633.0452058,48.50798022454961,0.3217277166888779,48.9503326
1681771638.0185845,48.425152735968275,0.3910812753587821,48.7144241
1681771643.0308921,48.341664124588014,0.46366938174272665,48.478878
1681771648.04456,48.258131902475995,0.5321476432486161,48.258377
1681771653.0460062,48.17478103345617,0.603919007075111,48.0383071
1681771658.0610178,48.09124958223089,0.6769942910328229,47.8221244
1681771663.0582874,48.007818354228974,0.7347849148879353,47.6414871
1681771668.0693336,47.92434158430481,0.782978274533473,47.4836578
1681771673.069004,47.841006609856926,0.8177119950559527,47.3551483
1681771678.0679965,47.757643672883354,0.8384279033912516,47.2554626
1681771683.0780065,47.67424978123093,0.8315616870958112,47.2090606
1681771688.0732377,47.590870258271536,0.8232274471898059,47.1637687
1681771693.0781386,47.50751311884308,0.7950511329466518,47.1544189
1681771698.0826015,47.42408218489075,0.7469074130927589,47.1795043
1681771703.0936606,47.34053692128245,0.691508790578375,47.2131462
1681771708.1002953,47.25709771420542,0.6239114273949943,47.2645301
1681771713.1051786,47.17373293346151,0.5537735778595766,47.3144073
1681771718.1252973,47.090119295378365,0.4709143276287229,47.3818359
1681771723.1230125,47.00674996878688,0.39468637855265043,47.4297714
1681771728.129729,46.92328675295894,0.326289696962653,47.4564437
1681771733.146026,46.83974667892838,0.27228775901488855,47.450283
1681771738.1870167,46.75561670567576,0.23318380898293034,47.4112701
1681771743.168316,46.67275331125641,0.2062418699808849,47.3487091
1681771748.175026,46.589199687103275,0.20165940336086008,47.2415962
1681771753.1788766,46.50581638123576,0.20290443745799613,47.1247749
1681771758.1884365,46.422287167171476,0.22073791761450479,46.9777183
1681771763.1979764,46.33883034890874,0.25605743970585715,46.8005371
1681771768.2051365,46.25539446379725,0.299299871009804,46.6126976
1681771773.213003,46.172037070055644,0.35573467839038964,46.4048309
1681771778.2112484,46.08870017633819,0.4228992859401184,46.182476
1681771783.2116797,46.00534454689407,0.4934233523904109,45.9603233
1681771788.209174,45.92200165694936,0.5546927838417901,45.7624206
1681771793.2192023,45.83854974613571,0.6196141195883563,45.5629081
1681771798.2236776,45.75505030657832,0.6732218730986526,45.39048
1681771803.2316842,45.6716352830925,0.7173861684330547,45.240303
1681771808.2392662,45.588250300347646,0.7455744251733517,45.1238365
1681771813.2417123,45.50476275787735,0.7613929903851411,45.0323333
1681771818.2553434,45.42118256594721,0.7653131561537289,44.9638481
1681771823.2708821,45.33764977163061,0.7465723146959288,44.9378509
1681771828.276521,45.25418801810328,0.720417055436131,44.923294
1681771833.2889943,45.17063892390315,0.6763986739336456,44.9393463
1681771838.3006103,45.08714490836843,0.6188871236561658,44.9764289
1681771843.334324,45.00316796408081,0.5584797352838091,45.012783
1681771848.309184,44.92033631112162,0.4960551919100433,45.0484352
1681771853.3150234,44.836972488025665,0.42269003888574563,45.0986747
1681771858.3300178,44.753387392620084,0.361903888157876,45.1183586
1681771863.3350143,44.66987010345841,0.30712661116349804,45.1217994
1681771868.34174,44.586414048135126,0.26425562801707736,45.0984039
1681771873.3520064,44.502956963638304,0.23183170485962323,45.0523262
1681771878.3615904,44.4194387287496,0.2112456863683016,44.9817733
1681771883.3779287,44.33585465457026,0.19742943615694375,44.8976478
1681771888.3907561,44.25232054497782,0.20642852930075756,44.7701416
1681771893.395009,44.1689506978391,0.22708077317737557,44.622776
1681771898.4092934,44.08538262154643,0.25587560206640036,44.462696
1681771903.4188497,44.00185552543386,0.28975122714596424,44.2966766
1681771908.45011,43.91797136570994,0.33927264899867443,44.1043434
1681771913.43072,43.834984907567346,0.386816836802895,43.9219474
1681771918.4460256,43.75141409740829,0.44008026955037055,43.7327842
1681771923.4422398,43.66806066936239,0.48448440726147574,43.5657386
1681771928.446,43.58471963113531,0.537508168926317,43.3862724
1681771933.4535618,43.501131388604485,0.5826541286551854,43.226181
1681771938.455001,43.41780707146708,0.6246996768731575,43.0758628
1681771943.460669,43.33444717433039,0.6485624301630748,42.9633331
1681771948.4827514,43.250882729947406,0.6599833423346675,42.8757438
1681771953.481725,43.167467181940715,0.6568831882064017,42.8161506
1681771958.4959962,43.0838666449585,0.6511298445076483,42.7602844
1681771963.5059958,43.00034427350744,0.6270039456198049,42.7381248
1681771968.5130432,42.917002504130046,0.5874598285343615,42.7425918
1681771973.5712483,42.83274893865967,0.5495351374318246,42.7389373
1681771978.5400581,42.749890686134336,0.5035850444647352,42.7480697
1681771983.546371,42.666321779350284,0.4557042442668152,42.7557754
1681771988.552349,42.5829731792806,0.40474716871398564,42.7652282
1681771993.5632584,42.49938449964905,0.36529505407340324,42.7480697
1681771998.583006,42.415803934196475,0.3189388351395711,42.7408981
1681772003.5864906,42.33238737688446,0.276891200905678,42.7220916
1681772008.5931365,42.248916678686776,0.24623120776029017,42.6783981
1681772013.6090107,42.16531498537445,0.2309897061693117,42.6033096
1681772018.618795,42.081764333506264,0.22262630061036048,42.5147705
1681772023.6359975,41.9982280026474,0.21956661524711363,42.4164428
1681772028.6408567,41.91483296658579,0.23817266202627196,42.2776374
1681772033.6530104,41.831324288308465,0.24942552259532175,42.1554183
1681772038.6939938,41.74736660029475,0.26661071970295386,42.0231704
1681772043.6789465,41.66414851452891,0.30228865654209797,41.8588905
1681772048.6972492,41.5805815349617,0.33898210543933055,41.6961402
1681772053.7240145,41.49681811040624,0.3710067393978644,41.5458602
1681772058.7307348,41.41330514854177,0.4124216271791731,41.3811264
1681772063.7358367,41.32984045451864,0.44575223354693944,41.2357215
1681772068.7503204,41.24624966488266,0.4828085976833927,41.0860519
1681772073.762996,41.16275259361649,0.5041800041742106,40.9695053
1681772078.7640245,41.07936653401438,0.5318538527235179,40.8426094
1681772083.7692032,40.99599980221176,0.5510907018775023,40.7338752
1681772088.769003,40.91264477278773,0.5638802239851768,40.6386413
1681772093.785003,40.8290371349055,0.5588685514467633,40.5776634
1681772098.8049965,40.745479858974456,0.5472859571243247,40.5281715
1681772103.85158,40.66139150963211,0.5287178839092364,40.4898757
1681772108.815003,40.578551007369995,0.5012752484887764,40.4674415
1681772113.8197167,40.49506380265935,0.4719160536999402,40.4451675
1681772118.828729,40.41163269386673,0.4471242664848349,40.4113349
1681772123.8437052,40.328046299079894,0.4082737700803403,40.4017524
1681772128.8556805,40.24456325477346,0.37078159929645893,40.3861732
1681772133.863355,40.16110721931839,0.33291124702542657,40.3680763
1681772138.87801,40.07758302793884,0.2957809270662004,40.3453826
1681772143.8880012,39.99408323075358,0.27038060924241075,40.297512
1681772148.8942778,39.910596975743616,0.24338053760106965,40.2509536
1681772153.9009707,39.82709860906982,0.22826104215667758,40.1799964
1681772158.9156034,39.743558848957065,0.22049911832422509,40.0944366
1681772163.9209728,39.66008200750733,0.21703526057163486,40.0007972
1681772168.9677324,39.575983386297864,0.21704690114559616,39.9003067
1681772173.9489932,39.492950496136984,0.22520521672089566,39.7863349
1681772178.9551582,39.40958591010157,0.23919243895572906,39.6623573
1681772183.9634926,39.32607918685659,0.26137822700465096,39.5245552
1681772188.9800653,39.242487880647026,0.280186411810496,39.3956642
1681772193.98601,39.15908087994639,0.3148775876292304,39.2388725
1681772199.000786,39.07553597793961,0.3449713384801771,39.0942039
1681772204.0080144,38.99198593801244,0.375420294466901,38.9517669
1681772209.0166857,38.908496321300504,0.3997415335131518,38.8238792
1681772214.0250025,38.825062152802786,0.41899266308436267,38.7078056
1681772219.0331862,38.741586825311025,0.4359147113331251,38.597702
1681772224.037574,38.65817920472209,0.44565458365670796,38.5025939
1681772229.0450146,38.57468505805715,0.4528185930803163,38.4128875
1681772234.0990126,38.49062840646489,0.46007736078734357,38.3227844
1681772239.0655444,38.40772710746511,0.45666926118240836,38.254322
1681772244.075093,38.324221929967244,0.44156673692991366,38.2069053
1681772249.0948093,38.24061929490153,0.42358563175718683,38.1631507
1681772254.1060205,38.15703319416428,0.40276900363820456,38.1229095
1681772259.1144192,38.073582793334964,0.38555353805692183,38.0738754
1681772264.1138196,37.99022998120371,0.36263028152138865,38.034172
1681772269.1253233,37.9068140795428,0.33547041517949927,38.0003967
1681772274.1307797,37.82328351841355,0.3091197852190852,37.9625816
1681772279.1491935,37.73972712860489,0.2856524665321631,37.9170646
1681772284.1613126,37.65613451109314,0.26707395670699496,37.8603858
1681772289.1612394,37.57278342352295,0.2436868660099748,37.8118553
1681772294.1709602,37.4893882165947,0.22768340546071697,37.7475585
1681772299.2256522,37.40512659654999,0.21620680637949202,37.6727027
1681772304.1870027,37.32234128818894,0.2086325222760419,37.5916824
1681772309.1852717,37.238968572079976,0.2010004485235639,37.5100212
1681772314.1999962,37.15551250483576,0.20082807252235146,37.4139862
1681772319.203126,37.071972816248575,0.21085877911867162,37.2989997
1681772324.217347,36.98856307770792,0.2216446717910433,37.1842346
1681772329.222812,36.90508583492025,0.2350207031770068,37.065937
1681772334.2350085,36.82153588241323,0.24478715351841795,36.9561042
1681772339.2460134,36.738078309158325,0.26045294961992327,36.836399
1681772344.2540119,36.65451434558614,0.2756524131119013,36.7191925
1681772349.2717137,36.571015510022484,0.2937526386814356,36.598133
1681772354.2809968,36.48747165705744,0.3048452413696305,36.4921684
1681772359.2804043,36.40413930521393,0.3199503280782244,36.3798408
1681772364.311805,36.32011607195918,0.32665341197333936,36.2842178
1681772369.309285,36.23701230790202,0.3318028073296807,36.1930084
1681772374.3159995,36.15361643737539,0.3420347465837412,36.0922279
1681772379.3282921,36.07013334538523,0.3428653342232898,36.010086
1681772384.3217235,35.98674930836741,0.34682460092356326,35.9220199
1681772389.3193076,35.903382596433005,0.3380779783969235,35.8584022
1681772394.341252,35.81991365458552,0.3243385613378177,35.8032455
1681772399.3339899,35.736449755290984,0.31080842641325057,35.7463455
1681772404.359939,35.65288836663946,0.29338750125347257,35.6954956
1681772409.3725412,35.569395110070545,0.28793782464958545,35.620346
1681772414.3679948,35.485974706272124,0.2672393654071757,35.573925
1681772419.3724575,35.40261728471502,0.2574289892465018,35.5050659
1681772424.3857617,35.31905871735,0.23641768809903507,35.4566307
1681772429.4258294,35.23492764339829,0.22166680874385952,35.3939743
1681772434.4020977,35.15215411291504,0.21288901387957887,35.3203964
1681772439.401696,35.06877837286377,0.20239154567553463,35.2490043
1681772444.4229188,34.98519984986369,0.19148756149087137,35.1775856
1681772449.4340782,34.90159786250178,0.18202203399745714,35.1028213
1681772454.4450064,34.81804990873718,0.1734268313142825,35.0260314
1681772459.4560268,34.734610268533075,0.1697876344156828,34.9395904
1681772464.471429,34.651013899902345,0.17048695148986392,34.8448715
1681772469.4650276,34.56763724591319,0.17383825314311718,34.7458801
1681772474.4796135,34.48408559666061,0.165458885933074,34.6697731
1681772479.489737,34.4006623000501,0.17661232262907073,34.5562629
1681772484.499698,34.31713728612645,0.17789721610935733,34.4628601
1681772489.50686,34.23367875522359,0.18228878203851762,34.3640975
1681772494.5607743,34.14951847499593,0.18992109274122732,34.25914
1681772499.5469983,34.06649619446182,0.19767639628416392,34.1561393
1681772504.550773,33.98309935833994,0.20817059218172476,34.0484848
1681772509.5627098,33.899514405985514,0.21227885359062384,33.9539527
1681772514.5664935,33.816033368368785,0.22214036192094794,33.8490905
1681772519.5860264,33.732495161950425,0.22607451131517317,33.7564811
1681772524.592739,33.648896774709065,0.2314403273641972,33.661518
1681772529.6050007,33.56541648016358,0.23448159709554467,33.5716438
1681772534.616003,33.481913754403436,0.2324631536599106,33.4916877
1681772539.6290095,33.39836430257543,0.2336582204704875,33.4053955
1681772544.6384933,33.31484607960765,0.22856286403115428,33.3312454
1681772549.648038,33.23135461912537,0.21055547926814752,33.2812728
1681772554.6553624,33.147894188821155,0.20057134766074844,33.2144432
1681772559.6690032,33.06430612510427,0.1956632040079157,33.1370239
1681772564.6879997,32.98072958495204,0.1918662755063989,33.0572052
1681772569.694006,32.89734905268733,0.17667900819122867,32.9991111
1681772574.7009912,32.81384503151958,0.16017787339534145,32.942192
1681772579.7119641,32.730283154109955,0.15008278276232773,32.8717269
1681772584.7240212,32.64678322182083,0.1297981166130305,32.8201026
1681772589.7286901,32.56331740723038,0.11969516449856393,32.7476272
1681772594.7473896,32.4798175067304,0.11177769261736664,32.6704025
1681772599.7799985,32.395854291379294,0.10157568292194213,32.5967369
1681772604.759965,32.312786596079505,0.10180062356635414,32.503704
1681772609.7766852,32.229221953014374,0.10064195545538618,32.413227
1681772614.7776012,32.14586879914983,0.0932629760018614,32.3351669
1681772619.7748146,32.062534464458466,0.09230682433251328,32.2446136
1681772624.7991147,31.978951121429443,0.08845562601144857,32.1596679
1681772629.7997296,31.89553561315918,0.08866438220529782,32.0672492
1681772634.803542,31.81202463414256,0.09165700605328084,31.9698371
1681772639.8245018,31.728456156511943,0.09176124115076992,31.8785552
1681772644.8334832,31.645006113310497,0.0955569372187988,31.7807083
1681772649.8258362,31.56160074577713,0.09785970459654483,31.6864547
1681772654.8503127,31.478002398272196,0.1092166123807419,31.5752639
1681772659.8585029,31.394433483540855,0.11261491559027367,31.4805774
1681772664.8927073,31.31045516039912,0.1171642130292398,31.38381
1681772669.8701115,31.22755572106425,0.11387024569472798,31.3037033
1681772674.880914,31.144099331954955,0.11566943943895461,31.2131938
1681772679.8815327,31.060731217324577,0.1189491662102645,31.1202793
1681772684.892667,30.9772367527682,0.12343844775128002,31.0253982
1681772689.9115295,30.89373373693212,0.1198225346593258,30.9464817
1681772694.912114,30.81032947009786,0.11312270799464227,30.8733272
1681772699.9162593,30.726903987983704,0.10610752622419403,30.8002529
1681772704.9266896,30.643420009871164,0.10173470491470335,30.7216053
1681772709.929144,30.5599622736969,0.09771285984388908,30.6420726
1681772714.942529,30.47641651338323,0.09145135502163396,30.5665435
1681772719.9533179,30.393060419022877,0.07993902081702933,30.5008239
1681772724.9483216,30.309565680285136,0.07138277001630003,30.4284782
1681772730.013558,30.225223442971547,0.06604234023281566,30.3485717
1681772734.9577904,30.142773784259795,0.06433245757964576,30.2635593
1681772739.97496,30.059282041648864,0.05323414981540131,30.1954555
1681772744.9790597,29.97593631452306,0.04887634661557627,30.1139259
1681772749.9799466,29.89245139863078,0.03883651709909372,30.0429706
1681772754.9903274,29.808942466040293,0.03587991995485752,29.9579257
1681772760.0062041,29.72533486392085,0.0299263524654418,29.8785419
1681772765.0267522,29.641835229654948,0.031509238600234205,29.7847099
1681772770.0260274,29.55827436552429,0.029624242550458132,29.697916
1681772775.0406756,29.474737418750763,0.02205048296996051,29.6221332
1681772780.0495389,29.391158267915092,0.019563664250002166,29.536272
1681772785.0740151,29.30761213407898,0.022749288938645543,29.4397277
1681772790.0869088,29.224083714743298,0.021024885352982317,29.3531742
1681772795.1009676,29.140431842267354,0.019895821683074716,29.2655067
1681772800.0968397,29.057146780749004,0.026301500442624345,29.1640644
1681772805.1073854,28.97357484604899,0.025203629611524864,29.0774765
1681772810.118182,28.89006178881709,0.025406629225156116,28.988615
1681772815.133972,28.806592902600606,0.023673081181928582,28.9037551
1681772820.1395633,28.723288350363415,0.024485821322419332,28.8142757
1681772825.1481905,28.639784321248374,0.025151169853806485,28.7251586
1681772830.1490984,28.5563796928126,0.026590577956234568,28.6349468
1681772835.1549537,28.472783630152385,0.021512450902217317,28.55727
1681772840.1604757,28.389352859119416,0.019754996863718066,28.4731636
1681772845.163434,28.305959805905662,0.022726738564952838,28.3801078
1681772850.185536,28.222356161534627,0.021731995350723038,28.294857
1681772855.1875858,28.13895732667033,0.014936733585333435,28.2209491
1681772860.2450905,28.05477987633133,0.00969070832454541,28.1428203
1681772865.2056663,27.971936954120636,0.007067659699885875,28.0607948
1681772870.2197158,27.888399562299092,0.0018645328465907857,27.9829368
1681772875.2371113,27.804829467395784,0,27.8997688
1681772880.253999,27.72136680787786,0,27.8180618
1681772885.2568123,27.63791769053523,0,27.7269401
1681772890.265958,27.554490281204224,0,27.6659469
1681772895.271619,27.471026151438394,0,27.5866527
1681772900.2807739,27.38750922785187,0,27.5141487
1681772905.2886622,27.30399652427419,0,27.4422454
1681772910.3000429,27.22055291837438,0,27.3637657
1681772915.2974474,27.137061533391318,0,27.286169
1681772920.3085034,27.053556320130667,0,27.2100906
1681772925.3640757,26.969468177417756,0,27.1277446
1681772930.3331776,27,0,27.0610942
1681772935.3589103,27,0,26.9976978
1681772940.3726087,27,0,26.9295806
1681772945.387108,27,0,26.8615074
1681772950.3840868,27,0,26.7861766
1681772955.3982384,27,0,26.7263946
1681772960.400293,27,0,26.6680393
1681772965.4227057,27,0,26.5965843
1681772970.4202363,27,0,26.5306148
1681772975.4160552,27,0,26.4705009
1681772980.440166,27,0,26.4105453
1681772991.5081923,26.3276519,0,26.2824821
1681772996.516866,26.24416727021001,0,26.2219676
1681773001.5310068,26.160655730909728,0.00323896141507249,26.1668243
1681773006.5268729,26.077167274501544,0.015708865256626733,26.1067943
1681773011.5845785,25.992918676084898,0.030210831358452275,26.0487327
1681773016.5439968,25.910246362235767,0.05019636534726225,26.0014972
1681773021.5550995,25.826725842502338,0.06977982172802129,25.9509143
1681773026.5617313,25.743340370999398,0.08468557320450605,25.890007
1681773031.5742428,25.65983919098638,0.1052678334363567,25.838726
1681773036.5795429,25.576410716719053,0.11861525495830141,25.7721748
1681773041.5909598,25.492873773919168,0.1356917743363555,25.7118091
1681773046.5891502,25.409549250152335,0.1491593516219729,25.6437473
1681773051.5856342,25.326196926779176,0.16012732463693377,25.5700969
1681773056.6057122,25.24260049457016,0.16287585966162632,25.4800853
1681773061.6093082,25.159207926140848,0.1625342257227607,25.3847332
1681773066.6098948,25.075887451516216,0.16830842424717074,25.3016719
1681773071.6127293,24.992468033181254,0.18114659508512146,25.2319545
1681773076.6943748,24.90794598852259,0.1710260962838424,25.1165962
1681773081.6310155,24.825446007596078,0.17840406197712744,25.0383415
1681773086.6494958,24.741910610543314,0.17278054409108495,24.9339275
1681773091.661739,24.658362720357005,0.16672925036125047,24.8296852
1681773096.6755826,24.574778117683156,0.16001178395068416,24.7251243
1681773101.6821544,24.491306811518097,0.16373137915634245,24.6415557
1681773106.6960168,24.407760645892843,0.15767958582164773,24.5393276
1681773111.6932871,24.324420974598947,0.15065275710362203,24.4363384
1681773116.7224343,24.240567129797363,0.14518794458236983,24.3367176
1681773121.7281806,24.157299389388783,0.13540842005194098,24.2302436
1681773126.7348127,24.07372138296229,0.12559526538849303,24.1244926
1681773131.749536,23.99019794657491,0.12239998451182149,24.0324592
1681773136.768344,23.906606278763835,0.1206838343939617,23.9435806
1681773141.7892735,23.822850873019917,0.11883773239493894,23.8545436
1681773146.7934864,23.739493817037964,0.11462413980260305,23.7616481
1681773151.792232,23.656138275013987,0.12506471393924246,23.6971244
1681773156.8039365,23.57265822683436,0.12559127235819634,23.6126956
1681773161.8127484,23.48913515204849,0.13357307954175623,23.5424613
1681773166.8182433,23.40575068985087,0.13193271839429602,23.453413
1681773171.8334339,23.322127705759428,0.14330358593810255,23.3891696
1681773176.847458,23.238549874173227,0.1509818994029399,23.3170127
1681773181.8584332,23.15497890506846,0.16653953636420776,23.2593231
1681773186.8672626,23.07152934665146,0.16955915031043128,23.1766414
1681773191.8862386,22.98793478602829,0.1784113944964279,23.1048851
1681773196.8861096,22.90456355606181,0.18898305307812252,23.0360813
1681773201.9045572,22.820971149153138,0.19939500029491217,22.9660377
1681773206.9222536,22.737299650854492,0.20641231582080605,22.8888015
1681773211.92173,22.654004706886035,0.2192306726328841,22.8227081
1681773216.9353378,22.57049577429555,0.23497963707073746,22.7611637
1681773221.9380908,22.487006634420776,0.23688159829285477,22.6721897
1681773226.9477196,22.403579197274272,0.24971526443424918,22.6043891
1681773231.9652503,22.320040164338174,0.2587861589665339,22.5285358
1681773236.9621599,22.236751204676054,0.2667236461806923,22.4504375
1681773241.9656632,22.153190241204324,0.28314857273115585,22.3879508
1681773246.9877126,22.069590777105713,0.28009507642265424,22.2873229
1681773252.0012565,21.98609063421351,0.28231900974586654,22.1976604
1681773257.0052512,21.90257695311966,0.28147713646480044,22.1024684
1681773262.0086837,21.819209204064432,0.29013910589080444,22.026081
1681773267.0142586,21.735760801977538,0.1670950394286531,21.6984176
1681773272.052774,21.651782800700886,0.2948948993593063,21.8595848
1681773277.0232449,21.568971814658862,0.2954906889696598,21.7680721
1681773282.0294306,21.485548164394125,0.30168095610730106,21.6869297
1681773287.0306013,21.40219446216685,0.3103878181667663,21.6105709
1681773292.045025,21.318638271040342,0.3175232429723319,21.530651
1681773297.0545232,21.235116098271433,0.31390017440000073,21.4301319
1681773302.0547473,21.15177487328313,0.3219106200620745,21.3527622
1681773307.0683298,21.06818016166153,0.32055943195440684,21.2569942
1681773312.076013,20.984779431369525,0.3183795622413312,21.1604251
1681773317.071642,20.901416589763386,0.32328354580031615,21.0780391
1681773322.089536,20.81783083075943,0.3239435624948498,20.9872741
1681773327.099734,20.734376702652995,0.3191884564817429,20.8866939
1681773332.1142504,20.650780886358643,0.32867639888304584,20.8138923
1681773337.1860127,20.566371105061595,0.3297277881434421,20.7236251
1681773342.1341636,20.48380481595459,0.32982324634735927,20.6338195
1681773347.1360223,20.400408365276082,0.31966939348548995,20.52392
1681773352.1427367,20.31702931915385,0.3280239560677601,20.4505729
1681773357.1545203,20.23352488075358,0.3237015557490546,20.3524761
1681773362.1587229,20.150057190603636,0.3103578853946217,20.237915
1681773367.1695523,20.06661066010259,0.3425710641425801,20.2116432
1681773372.1749997,19.983108160840096,0.34672962175595834,20.1291332
1681773377.1906278,19.89954014415207,0.34728194216864117,20.0396423
1681773382.2077866,19.81595525934957,0.36079153111921275,19.9750957
1681773387.2122366,19.73244613602422,0.3692353064944018,19.9000663
1681773392.2206273,19.64902936810913,0.3705513137492194,19.8111743
1681773397.2332525,19.565466612524414,0.3795493316634677,19.7370033
1681773402.267531,19.48161067758662,0.3918802162736897,19.6684112
1681773407.2616289,19.39836270605189,0.4010105807942369,19.5936889
1681773412.2705822,19.31483506555023,0.40057488525307094,19.5000019
1681773417.2898436,19.231253470924123,0.40486923849766115,19.4157562
1681773422.3013587,19.147691748486583,0.4113076846603899,19.3356437
1681773427.3057349,19.064279347605133,0.43046419641098743,19.2797698
1681773432.3168778,18.980697367535655,0.4423545271599369,19.2085399
